timestamp,xyz[0],xyz[1],xyz[2]
8004000,0.045718424,-0.1955162,0.026430383
8008000,0.15526222,-0.4708711,0.1866107
8012000,0.30449957,-0.4964131,0.08316074
8016000,0.37732095,-0.48585218,-0.1873651
8020000,0.025978595,-0.22081691,-0.40974888
8024000,-0.24773476,0.10539776,-0.46133795
8028000,-0.20516473,-0.24940678,-0.21965599
8032000,-0.41899183,-0.19509192,0.12084348
8036000,-0.53253186,0.5172672,0.1803199
8040000,-0.13855726,0.6476957,0.15235837
8044000,0.28244188,0.20241165,0.021782018
8052000,0.09022173,0.022344656,-0.091350526
8056000,0.1593633,0.5243617,0.12303965
8060000,-0.010064043,0.5325488,0.07821048
8064000,-0.08769351,-0.1065017,-0.052608747
8068000,0.3177335,-0.38382453,0.32471848
8076000,0.4008317,0.21632344,0.06562723
8080000,-0.07658166,-0.6599579,-0.4099921
8084000,-0.291266,-0.69387186,-0.21213228
8092000,-0.014223103,0.23541322,0.23743448
8096000,-0.0761808,-0.016466528,0.04436507
8100000,-0.07092565,-0.10405974,0.11313464
8104000,-0.3890345,-0.05303578,0.19430429
8108000,-0.5064303,-0.17832224,0.004019186
8112000,-0.019130185,0.05716134,-0.3248408
8116000,0.4400026,0.63469476,-0.44755512
8120000,0.45838642,0.72686374,-0.14677906
8124000,0.49942923,0.5674267,0.3399317
8128000,0.49734902,0.3431943,0.47549805
8132000,-0.28382766,-0.23624891,-0.01471217
8136000,-0.8824326,-0.7729934,-0.31132224
8140000,-0.53495085,-0.7250047,-0.043334886
8144000,0.031931728,-0.3421011,-0.000974983
8148000,0.33269265,-0.014932662,-0.18259624
8152000,0.44132024,0.41098326,-0.25322458
8156000,0.33181018,0.5248321,0.018823378
8160000,-0.18517338,0.12292841,0.39871037
8164000,-0.5317442,-0.122325756,0.35376233
8168000,-0.13012043,-0.24124026,0.006015711
8176000,0.004030183,-0.043475382,-0.57903445
8180000,-0.16252004,-0.000993975,-0.2831688
8184000,-0.010922022,0.368155,0.037723087
8188000,-0.40659156,0.5060802,-0.13154778
8192000,-0.7507146,0.06329031,-0.22349718
8196000,-0.20790654,-0.19615847,0.10926728
8200000,0.22635311,0.1624198,0.15048417
8208000,0.17926843,-0.32186455,0.8063279
8212000,0.08139846,-0.30170465,0.4552657
8216000,-0.10796698,-0.22860043,-0.2028481
8220000,-0.080924585,-0.45334277,-0.3170492
8228000,0.26706132,0.24960881,0.10149744
8236000,0.27364397,0.43422902,-0.6476289
8244000,-0.42094433,-0.39546028,0.3164691
8248000,-0.06400034,0.07382932,0.24348547
8256000,-0.11350866,0.13084315,0.007622525
8260000,-0.40409717,-0.42944255,-0.05855301
8268000,0.6311113,-0.5352608,-0.122513056
8272000,0.64435,0.26104885,-0.26572675
8276000,0.6823222,1.0251657,-0.25024033
8280000,0.18371244,1.1308947,-0.08590042
8284000,-0.31246465,0.78416157,0.19061187
8292000,0.2753827,-0.2767365,0.07983904
8296000,-0.2599349,-0.61662894,-0.12934944
8300000,-0.7966499,-0.52732676,-0.15793243
8304000,-0.74157137,-0.021238491,-0.01941444
8308000,-0.30317605,0.42157638,0.28939095
8312000,0.0767505,0.018722236,0.4933665
8316000,0.23674986,-0.62754864,0.19730343
8320000,0.13584866,-0.41785008,0.004718863
8324000,0.039477453,0.2910068,-0.04458316
8332000,-0.09501052,-0.19848749,0.20137842
8336000,-0.14059302,-0.37314975,-0.22763366
8344000,0.12515956,-0.15516366,0.07418374
8348000,-0.0689924,-0.117191955,0.30678022
8352000,-0.05461091,-0.19250968,-0.028110266
8356000,0.28388873,0.22275768,-0.26004803
8360000,0.39005792,0.2582758,-0.31687114
8368000,0.18880041,0.38233423,-0.22820556
8372000,-0.13294059,0.48350367,0.027839415
8376000,-0.10076708,0.28649065,0.20018262
8380000,-0.107493415,-0.05484569,0.21813282
8384000,-0.25971198,-0.1495094,-0.13955909
8388000,-0.08830921,-0.060052253,-0.06952031
8392000,0.18710814,-0.09931764,0.1544186
8396000,0.07209987,-0.39196473,-0.21368615
8400000,-0.2544746,-0.46350247,-0.25175762
8404000,-0.27338037,0.10783492,0.09881776
8408000,-0.001322508,0.41241702,0.18716943
8412000,0.22287722,0.050325103,0.29880345
8420000,-0.26550645,-0.6745833,0.028325617
8424000,-0.34148386,-0.27846164,-0.18598571
8428000,0.0756302,0.28514674,0.30901146
8432000,0.20407009,0.124799415,0.44437584
8436000,0.08557469,0.030211605,-0.29889345
8440000,0.066794395,0.07276764,-0.74369013
8444000,0.1434528,0.07584136,-0.2511012
8448000,0.29733628,0.4350591,0.4406572
8456000,0.39520115,-0.122564584,-0.32912302
8460000,-0.2202177,-0.20290871,0.041575328
8468000,0.029348224,0.05445704,-0.43539008
8476000,-0.13227868,-0.073436126,-0.10592623
8480000,-0.32644263,-0.4243075,0.36567536
8484000,-0.09582624,-0.2804411,0.44695663
8488000,-0.10647,0.15991536,0.45008853
8492000,-0.40163818,0.21112235,0.5062921
8496000,-0.33871546,0.49431553,0.10412657
8500000,0.165794,0.83041596,-0.24271716
8504000,0.17168638,0.5012793,0.10124378
8508000,-0.13445969,0.020928599,0.066128016
8512000,-0.119538635,-0.21207175,-0.38946563
8516000,0.062358826,-0.31576842,-0.097969025
8520000,0.11467927,-0.4297523,0.21268395
8524000,0.20776275,-0.6297807,0.028303578
8528000,0.35497397,-0.42938626,-0.16047658
8532000,0.3434474,0.09053393,-0.51713955
8540000,-0.250822,0.08423567,0.4047202
8544000,-0.27932537,0.008353185,0.66265756
8548000,-0.106065735,-0.33443555,0.53141165
8552000,0.2607007,-0.30807623,0.62559754
8560000,-0.26306915,0.44282216,-0.12989852
8564000,-0.35553733,0.5974393,-0.51467633
8568000,0.04341124,0.33474958,-0.5293357
8576000,-0.08620015,-0.76078415,-0.30466476
8584000,0.051506706,-0.002947517,0.351441
8592000,0.03540372,0.19918847,0.26462954
8596000,-0.06628935,0.39209896,0.4500989
8604000,-0.23864257,-0.17912766,-0.42307553
8608000,-0.11395469,-0.4439451,-0.22695144
8612000,0.18998104,-0.022379428,-0.24677429
8616000,0.23707697,0.5845522,-0.5288325
8620000,-0.210675,0.683885,-0.69116557
8628000,-0.116701186,-0.38520098,0.48608375
8632000,0.0543353,-0.36407948,0.57262385
8640000,0.09267983,-0.38265172,-0.37825513
8644000,0.13740858,-0.5407,-0.2370997
8648000,0.13431697,-0.3315366,0.087411076
8652000,0.119956,-0.09196662,0.37226802
8656000,0.22767839,0.20755517,0.53024197
8660000,0.3995924,0.6516774,0.3849752
8664000,0.45399803,0.44359928,0.09218297
8668000,-0.0177553,-0.19532746,-0.15830827
8676000,-0.24055223,-0.19247457,0.7991177
8680000,0.0898658,0.119046666,0.96073943
8684000,-0.029923704,0.45306134,0.42318904
8688000,-0.45352027,0.3235056,0.004219677
8692000,-0.5189852,-0.09130451,-0.1572635
8696000,-0.120278835,-0.24052739,0.045036055
8700000,0.21390885,-0.19262677,0.43707007
8704000,0.17535074,-0.36847544,0.60973287
8708000,-0.21180314,-0.106389925,0.79099286
8712000,-0.33692825,0.17827973,0.82937497
8716000,-0.022158973,-0.11591835,0.6513705
8720000,0.20867093,-0.030550122,0.21887639
8724000,0.30538648,0.05331061,-0.05037055
8732000,0.4339121,-0.04616937,0.32227814
8740000,0.011657894,0.14290264,0.66851693
8744000,-0.17838526,0.24526551,0.9789427
8748000,-0.4194963,0.47123504,0.9243299
8752000,-0.022757038,0.013569549,1.2299566
8756000,0.85404885,-0.64205277,2.2832747
8760000,1.2637132,-0.70358706,3.062306
8764000,1.2836993,-0.93299276,3.3896217
8768000,1.4145956,-1.482376,3.826807
8772000,1.4396484,-1.597739,4.519226
8776000,1.4743118,-1.5588777,4.3931003
8780000,1.8097422,-1.1504451,3.348521
8784000,2.2136974,-0.7149528,3.3334565
8788000,2.133754,-1.2401316,3.8004847
8792000,1.6094437,-1.7779434,3.62851
8800000,1.6720457,-1.000293,2.6430652
8804000,1.7818462,-0.20209445,2.2358153
8808000,1.9512174,0.36527684,2.2607121
8812000,1.6420314,-0.12579337,2.103148
8816000,1.0514263,-0.84001285,2.1094742
8820000,1.41103,-0.60188526,2.166174
8824000,2.1503122,-0.03483413,1.9527617
8832000,2.084512,0.69369465,1.7436851
8836000,2.2265804,1.2246273,1.5164307
8840000,1.4946249,0.79309,1.2020876
8844000,0.7337109,-0.24846256,0.6034427
8848000,0.85509264,-0.9686787,0.21646589
8852000,1.4174124,-0.8799683,0.2758805
8860000,1.858111,0.43662167,0.4873764
8864000,1.5480638,0.43930086,0.47134054
8872000,2.1484993,1.129275,-0.790048
8876000,1.9466485,1.0383524,-0.6894039
8884000,1.310509,1.2240322,-0.5979327
8888000,1.3868489,0.6334099,-1.1453369
8896000,2.328552,-0.07117455,-2.3469455
8900000,1.802721,0.3579603,-2.2639413
8908000,1.0693902,1.052727,-2.1091301
8912000,1.2818494,0.98184454,-2.0966823
8916000,1.4641192,0.7441411,-2.2082825
8920000,1.5856231,0.761552,-2.5252492
8924000,1.3709171,0.9519201,-3.1316454
8928000,1.0381206,1.3418341,-3.3119545
8932000,1.4547336,1.4930196,-2.757379
8936000,1.6412604,1.0638136,-2.4268532
8940000,1.1504817,0.30293298,-2.5302954
8944000,1.0664504,-0.31099373,-2.6761556
8952000,0.77990335,-0.532641,-3.0976048
8956000,0.6524338,-0.03625007,-2.9521594
8960000,0.8395836,0.3880893,-3.0956645
8964000,0.9681583,0.029584453,-3.439516
8968000,0.9917419,-0.34014454,-3.1228185
8976000,0.41900077,0.16054368,-2.154911
8980000,0.20892683,0.42121747,-2.9938939
8988000,0.107710086,-0.68177664,-3.7375975
8992000,0.3518838,-0.70475525,-3.3845
8996000,0.2264044,-0.51215535,-3.1959853
9000000,0.13213101,-0.03225471,-3.1396515
9004000,0.6228852,0.26437968,-2.9030666
9012000,0.14187193,0.078707024,-3.1507387
9016000,0.022239951,0.34444997,-3.3833308
9024000,0.0226764,0.31837404,-2.6914854
9032000,0.7454608,-0.5483725,-1.8031335
9036000,1.1397237,-0.69354874,-2.0520947
9040000,0.58144826,-0.50017804,-2.5767376
9044000,-0.24575289,-0.38907975,-2.5329404
9052000,-3.27E-05,-0.49131954,-2.778098
9056000,0.21006873,-0.40477413,-2.3888347
9060000,-0.053130917,-0.36978427,-1.6538148
9064000,-0.59784985,-0.4502257,-1.1595922
9068000,-0.8933552,-0.42578256,-0.9183371
9072000,-0.49213213,-0.17109896,-1.085897
9076000,-0.04623092,-0.3118755,-1.5724043
9080000,-0.13443601,-0.65688336,-1.7370951
9084000,-0.53498334,-0.9011812,-1.5462466
9088000,-0.6271583,-1.0829834,-1.3498313
9092000,-0.47535086,-0.9368326,-1.167898
9096000,-0.39093363,-0.43712756,-0.9600328
9100000,-0.24275297,-0.001517378,-0.6389952
9108000,-0.30982876,-0.22753704,-1.2939293
9116000,-0.2465784,-0.53880197,-1.1401117
9120000,-0.46545732,0.10288888,-0.92729855
9124000,-0.55011106,0.80032665,-0.5401913
9128000,-0.67154735,0.829312,-0.0740298
9132000,-0.79306453,0.29319695,0.32394025
9136000,-0.93114555,-0.1945762,0.3195069
9140000,-1.1173503,-0.132234,-0.045899335
9144000,-1.0608437,0.15507329,-0.4542716
9148000,-0.3597565,0.2694888,-0.48019308
9156000,-0.08385283,0.2581018,0.14251463
9160000,-0.6335488,0.19035326,0.9227229
9164000,-0.9209605,0.2789232,1.3768665
9168000,-1.0400333,0.72465456,1.3785641
9172000,-1.0878236,0.95270514,0.9721451
9176000,-1.0116228,0.7646351,0.19237186
9180000,-0.5991711,0.5544123,0.121130094
9184000,-0.34147826,0.26136535,0.45891893
9188000,-0.31658053,0.43753916,0.65727794
9192000,-0.44208056,0.98024136,1.2205579
9196000,-0.93621653,1.0953455,1.3484566
9200000,-1.1192197,0.9134629,0.833833
9208000,0.13492812,0.00211969,1.2935346
9212000,-0.064893916,-0.012066187,1.9579298
9216000,-0.465945,0.39934534,2.1895175
9220000,-0.5873288,0.812088,1.3839128
9228000,-0.005769752,1.5928812,1.0144299
9232000,-0.2658655,1.2832104,1.7657895
9236000,-0.8674391,1.0115694,1.7777902
9244000,-1.3105128,-2.0139492,5.6868587
9248000,-1.6868161,-2.5037751,7.097821
9256000,-0.16579005,-0.64391214,3.8265252
9260000,0.5404765,0.1867258,2.8653634
9264000,0.51423943,0.44471562,2.4223924
9268000,-0.057267457,0.08213199,2.01536
9272000,-0.43474123,-0.057829008,1.8302376
9276000,-0.5175428,-0.24176024,2.4900053
9280000,-0.54092586,-0.3104357,3.3328302
9284000,-0.35990444,0.41114977,3.4046676
9292000,-0.51911575,1.1430976,3.3241029
9296000,-0.5494592,0.9945209,3.1769073
9300000,-0.62386906,0.69530743,2.6795702
9304000,-0.14133179,0.24002804,2.7134933
9312000,0.40313157,0.07739014,3.3393567
9316000,-0.05611884,0.6118597,3.1017032
9320000,-0.41909027,1.0262301,1.81836
9324000,-0.46633893,1.6212544,1.0352156
9328000,-0.3031798,1.9420813,1.573031
9332000,-0.23953727,1.5581911,1.9727095
9340000,-0.55677277,0.957742,1.4741699
9344000,-0.47873026,1.048559,1.3002646
9348000,-0.23824294,1.2426815,1.5264043
9352000,-0.02106212,1.5799966,1.5304215
9356000,0.04535274,2.0870366,1.0994786
9360000,-0.11916137,2.3068333,0.59874314
9368000,-0.768406,1.3088896,0.5692839
9376000,-0.22518472,1.795628,-0.014906406
9380000,0.007326238,2.1688063,-0.7045133
9384000,-0.19373271,2.1873481,-0.22601669
9388000,-0.76229817,2.3358874,0.44470713
9396000,-0.0092002,2.0383658,-0.39919597
9400000,-0.17724025,1.401751,-0.8387469
9408000,0.11037626,1.3160703,-1.1645838
9412000,-0.47853634,1.4446064,-0.6710334
9420000,-0.6500214,1.9298452,0.2138745
9424000,0.007465407,2.2075832,-0.08873088
9428000,0.015680693,2.1856022,-0.7351938
9432000,-0.28927445,1.9807916,-1.0010046
9436000,-0.49550948,1.1152278,-1.194679
9444000,-0.49087936,0.3686245,-1.0895401
9448000,-0.7222425,1.4459211,-0.9706685
9452000,-0.74685884,1.4833151,-1.1809338
9456000,-0.47078264,0.96718264,-1.2232318
9460000,-0.30784968,0.7122421,-0.7457331
9464000,-0.41891396,0.62702066,-0.24185857
9468000,-0.6080291,0.47368377,-0.4555096
9472000,-0.817526,0.4224744,-1.0496436
9480000,-0.62519175,0.15566362,-0.9840037
9484000,-0.116839014,-0.22070836,-1.2585673
9492000,-0.6701982,1.0011132,-1.0817512
9496000,-0.6676432,1.4065164,-0.82659733
9500000,-0.0787528,0.48924297,-0.87779474
9504000,0.029690173,-0.3089783,-1.1025753
9508000,-0.52235955,-0.07164049,-1.0234804
9516000,-0.203423,-0.6026056,-0.6774314
9520000,-0.181894,-0.638705,-0.8416019
9528000,-0.8881103,-0.5721939,-0.83330727
9532000,-1.133336,-0.24856123,-0.9659029
9536000,-0.886019,0.03249263,-1.2907557
9540000,-0.5478213,-0.3214436,-1.3555567
9544000,-0.50356156,-1.0118726,-1.2545797
9548000,-0.12778997,-0.9665415,-1.1668764
9556000,0.11898693,0.31081748,-0.6881956
9560000,-0.23810396,-0.44892958,-0.5636856
9564000,-0.37189633,-0.66203016,-0.5621302
9568000,-0.61250603,-0.47563648,-0.83156127
9576000,-0.40029138,-0.69692636,-0.67398125
9580000,-0.5555964,-0.092975944,-0.4282418
9588000,-0.14086372,-0.84766465,-1.0715231
9596000,-0.1063836,-1.7100453,-0.7387316
9600000,-0.25833598,-1.0901136,-0.5288195
9604000,-0.18924865,-0.063930005,-0.85271955
9608000,0.25082368,0.32190967,-0.92469156
9616000,0.047441527,-0.8004307,0.8606206
9620000,-0.5367142,-1.1230944,0.58485615
9624000,-1.0379294,-1.1365085,-0.3386343
9628000,-0.879106,-0.7202283,-0.47768372
9632000,-0.40432346,-0.23654836,-0.038990617
9636000,-0.19386744,-0.70421046,0.049956232
9640000,-0.37160894,-1.3926764,-0.29627126
9644000,-0.6805743,-1.2328492,-0.62339115
9648000,-0.64531636,-0.7956346,-0.32217115
9652000,-0.22219655,-0.6919417,0.270257
9660000,0.08367404,0.15994711,0.24789307
9664000,-0.19793385,0.6821251,-0.09881862
9668000,-0.51106715,0.41034627,-0.2140325
9672000,-0.47983238,-0.28693074,-0.11940327
9676000,-0.11342147,-0.68299156,-0.15454468
9684000,-0.4829684,-0.7031766,0.15979339
9688000,-0.3982802,-0.7561418,0.55092895
9692000,0.299195,-0.83056223,0.6264137
9696000,0.27402595,-0.7031113,0.79508376
9700000,-0.35885054,-0.14085838,0.6299294
9704000,-0.79834485,0.061989978,0.07785207
9708000,-0.74868536,-0.34675694,0.11723095
9712000,-0.46215275,-0.50590944,0.4344383
9716000,-0.1885148,-0.28875595,0.5595265
9720000,0.017942354,-0.09150413,0.5233528
9724000,-0.34862104,-0.028613921,0.13993958
9728000,-0.69829303,-0.086384386,-0.125826
9732000,-0.021421045,-0.110064976,0.31398714
9736000,0.6245346,-0.15615547,0.82529503
9740000,0.44907182,-0.07020417,0.9056114
9744000,-0.109324604,0.1612615,0.8995006
9748000,-0.6060476,0.14522514,0.79357505
9752000,-0.5286237,-0.004501252,0.7655621
9760000,-0.029083773,0.3693257,0.57788414
9764000,-0.16935164,0.21962,0.5334589
9768000,-0.36580285,-0.20701653,0.33044857
9776000,-0.37340182,-0.48630816,0.41150716
9780000,-0.18331608,-0.2966448,0.72335666
9784000,0.26822677,-0.13755746,1.0112904
9788000,0.4179288,-0.064190075,1.2864822
9792000,-0.02812624,0.10145095,1.2227528
9796000,-0.61916006,0.25321794,0.662727
9800000,-0.59450036,0.48541674,-0.11352666
9804000,-0.16532792,0.7182107,-0.30514103
9808000,0.10614348,0.6711912,0.2654227
9812000,0.11873172,0.12447564,0.8545423
9816000,0.049781147,-0.4040176,1.0538639
9820000,0.001400498,-0.14319642,0.73195016
9828000,-0.67629206,0.44189537,0.57078403
9832000,-0.5423691,0.37365508,0.102741525
9836000,-0.026723415,0.10709362,-0.3280915
9844000,-0.43298888,0.13930286,0.9240537
9848000,-0.59259605,0.3016634,1.4352967
9856000,0.411563,0.18891355,0.5716143
9864000,0.18365619,0.3043227,0.09610204
9872000,0.002153173,0.45577508,0.50164855
9876000,-0.15959251,0.37921497,0.43025327
9884000,-0.4235597,0.9016098,0.80814886
9888000,-0.47352242,1.1820049,1.2906958
9892000,-0.41374636,0.9738666,1.056928
9896000,-0.5238536,0.43449605,-0.19069737
9904000,0.26630622,-0.4495061,-0.85880315
9908000,0.6251546,-0.34727737,0.24131249
9916000,0.029350631,-0.17048419,0.5416372
9920000,-0.2337143,0.20583585,0.41005623
9924000,-0.533706,0.13213408,0.1857734
9928000,-0.93255395,0.019978303,-0.4603959
9932000,-0.82144433,0.045395095,-0.72028214
9936000,0.07862073,-0.109012544,0.07796663
9940000,0.5261813,0.088092566,0.7042646
9948000,-0.12679645,0.8031606,0.505
9952000,-0.3835333,0.5345107,0.15296197
9956000,-0.4322617,0.36561358,-0.4781027
9960000,-0.43868864,0.13780384,-0.48920494
9964000,-0.42423952,-0.07541417,0.05245687
9972000,0.5011965,0.58996356,0.27048796
9976000,0.33933535,0.023390338,0.16575396
9980000,0.014543422,-0.7653611,-0.3354144
9984000,-0.39389268,-0.61989325,-0.79373693
9988000,-0.5660517,-0.058056764,-0.7782816
9992000,-0.28969604,0.19057359,-0.4064524
9996000,0.2545737,0.24505474,0.002414674
10000000,0.4940651,0.1879892,0.02874755
10004000,0.11853983,0.22054827,-0.19928561
10012000,-0.0929843,0.49910626,0.04201796
10016000,0.24021474,-0.06345385,-0.19283843
10020000,0.16217682,-0.32025233,-0.42384207
10024000,-0.10479911,-0.37471566,-0.50633454
10028000,-0.42670944,-0.16159247,-0.2564825
10032000,-0.7998527,0.36248106,0.028986499
10036000,-0.86223054,0.3289031,-0.09082375
10040000,-0.28750363,-0.098387524,-0.44106925
10048000,0.077972904,0.04358335,-0.35921407
10056000,-0.68110275,0.56136787,-0.27524182
10060000,-0.18071441,0.45877838,-0.2377801
10068000,0.33742478,-0.21030256,-0.4411974
10076000,0.052580185,-0.5285628,0.34414855
10080000,-0.070056096,-0.2605758,-0.008378997
10088000,-0.08111705,0.5615609,-0.5531042
10096000,-0.030795034,0.07500748,-0.5731702
10100000,0.12498842,-0.33778659,-0.7838682
10104000,-0.09774037,-0.27709964,-0.6965301
10108000,-0.6979226,-0.083287634,-0.36077455
10116000,-0.05816716,-0.5177641,0.22133178
10120000,0.23847461,-0.2713993,0.026305277
10124000,0.02722589,0.10550753,-0.64531904
10128000,-0.024952978,0.043082684,-0.96350986
10132000,0.33444053,-0.07168546,-0.40832663
10136000,0.03999622,-0.05336152,0.04447058
10140000,-0.6141377,-0.36418438,-0.09706178
10144000,-0.89920837,-0.6313014,-0.3573233
10148000,-0.6465286,-0.47265023,-0.5452499
10152000,0.16059488,-0.016725823,-0.46795276
10160000,0.1773197,0.83670604,-0.81193376
10164000,0.23266223,0.33021504,-0.68515897
10168000,-0.14650853,-0.19237164,-0.09213647
10172000,-0.4011413,-0.5511724,0.572753
10176000,-0.21583511,-0.43411154,0.75930405
10180000,0.07480256,0.020696476,0.16136849
10184000,0.16984776,-0.04869008,-0.30071658
10188000,-0.21444383,-0.1924478,-0.3490917
10192000,-0.629456,0.18253508,-0.345946
10196000,-0.31143242,0.42361906,-0.3908676
10200000,0.236962,-0.15168846,-0.18756747
10204000,0.20521703,-0.75648266,0.5144369
10208000,-0.03388251,-0.4178982,0.8052
10212000,-0.35919893,0.16860592,0.31315202
10216000,-0.6392027,0.18750095,-0.16091691
10224000,-0.059364226,0.043298174,0.1146561
10228000,0.52758104,0.051503614,0.48527735
10232000,0.7855948,-0.10578031,0.023587823
10240000,-0.3984138,-0.10501046,-0.17096281
10248000,-0.16977529,0.006955266,0.045411475
10252000,0.17578585,-0.42120978,-0.070745654
10256000,-0.35385317,-0.24500379,-0.16385949
10264000,-0.30075634,-0.49165276,-0.18517286
10268000,-0.027860805,0.18060482,-0.22180605
10272000,0.007989008,0.35156572,-0.58368695
10276000,0.032365594,0.10207586,-0.4218424
10284000,-0.07214026,-0.24887088,0.3116645
10288000,-0.06806842,0.124449864,0.14529833
10292000,-0.03186529,0.40079832,0.19762483
10296000,-0.21519437,0.15636517,0.43830988
10300000,-0.5834522,-0.1091984,0.2978847
10304000,-0.59914434,-0.12199053,-0.08202894
10308000,-0.03464955,0.074129775,-0.08911382
10312000,0.72191584,0.47175053,0.2965178
10316000,0.6987161,0.5994025,0.67738473
10320000,0.058059916,0.12332773,0.7675001
10324000,-0.119359344,-0.3076201,0.37752536
10328000,0.027309988,-0.55532634,-0.06156057
10336000,-0.11734844,-0.14207806,0.10626608
10340000,-0.13351834,-0.06999354,-0.09447113
10348000,0.1607365,0.13103345,0.13104722
10356000,-0.14149952,0.2470976,0.32904333
10364000,0.29729754,-0.12111156,0.09857935
10368000,-0.18740045,-0.37558913,0.27893627
10372000,-0.31673807,0.000721946,0.48773962
10376000,-0.18436751,0.33900565,0.52836186
10380000,-0.47332036,0.40495643,0.11846077
10384000,-0.43503654,0.3986797,-0.3261641
10388000,0.047904745,0.21655567,-0.29813713
10392000,-0.2562316,-0.21627472,0.012138687
10396000,-0.5950885,-0.51388645,0.58365315
10400000,-0.36318922,-0.3834492,0.81604284
10408000,0.45333287,-0.036383837,0.014398262
10412000,0.46064174,0.16593874,0.20440288
10416000,-0.23748642,0.23934722,0.28896326
10420000,-0.6082615,0.29867154,-0.081451684
10428000,0.23598266,-0.35381058,-0.19558476
10432000,0.5946877,-0.072635114,-0.016381592
10440000,0.6238447,0.69208175,-0.006213293
10448000,0.15532342,0.09025556,0.48607904
10452000,-0.03273753,-0.5376735,0.5159772
10456000,-0.24348418,-0.30278027,0.5472243
10460000,-0.4594245,0.3735672,0.47012746
10464000,-0.6217831,0.38162202,0.043459058
10468000,-0.5459695,0.07368639,-0.4248171
10472000,-0.48570925,0.16362998,-0.53087485
10476000,-0.5250586,0.36950663,-0.14505148
10480000,-0.06812976,0.42660505,0.43409184
10484000,0.5443466,0.22837448,0.6020871
10488000,0.59051764,0.01685872,0.6244708
10492000,0.1855576,0.018714592,0.50463
10496000,-0.5182964,-0.004413508,-0.07216586
10500000,-0.9577809,0.34882426,-0.53624314
10508000,0.18704526,-0.01874724,-0.020246163
10512000,0.5491755,-1.1474142,0.023322329
10516000,0.98892343,-0.74867153,-0.05934
10520000,0.6138958,0.13889529,0.092894636
10524000,-0.12420389,0.3761218,0.26993865
10528000,-0.47976336,0.33889914,0.20688602
10532000,-0.51169986,0.14987895,-0.14074719
10536000,-0.23557195,0.15921918,-0.23864533
10540000,0.004061438,0.24862373,0.14442375
10548000,-0.38706514,-0.1597009,-0.21502927
10552000,-0.86576694,-0.19147614,-0.4785654
10560000,-0.5424725,0.10425859,-0.40964538
10564000,0.109154925,0.52213377,-0.3373955
10572000,0.95317686,0.33553064,0.6017345
10576000,0.3568719,0.6315633,0.33725217
10584000,0.19472004,-0.060030475,-0.5308978
10588000,-0.11377261,-0.64339316,-0.5316597
10592000,-0.7340076,-0.6175221,-0.10241674
10596000,-0.5811077,0.006086201,0.14322558
10600000,0.09518877,0.24183586,-0.18250014
10604000,0.17006937,0.10091983,-0.1438599
10608000,-0.05487299,0.4041895,0.19727777
10612000,0.32036,0.28945974,0.30677125
10616000,0.6635687,-0.26952702,0.08826186
10624000,-0.049618468,-0.13921928,-0.5749315
10628000,-0.35329694,0.05154266,-0.8705199
10632000,-0.4288996,-0.009721022,-0.29702282
10636000,-0.47353864,0.2616672,0.5371601
10640000,-0.4583626,0.52844954,0.56470776
10644000,-0.45065945,0.08970359,0.05554281
10652000,-0.026002377,0.23505855,-0.0697853
10656000,0.78246164,0.08965306,0.08674229
10660000,0.66185963,-0.032267407,-0.2799915
10664000,0.19870737,-0.09437285,-0.26345503
10672000,-0.07436513,-0.29725266,0.3197321
10676000,-0.29905838,0.049916893,0.08833007
10680000,-0.36485124,0.27931073,-0.5117199
10684000,-0.376683,0.012591302,-0.55367315
10688000,-0.38297176,-0.30890444,-0.13102177
10692000,0.13761252,-0.30368164,-0.2377694
10696000,0.44837013,-0.377847,-0.48578122
10700000,0.33472353,-0.42524195,-0.3833674
10704000,0.3335794,-0.021350533,-0.21424179
10708000,0.21630782,0.59386575,0.16113146
10712000,-0.2203724,0.97527635,0.3072557
10720000,-0.38035655,-0.26361692,0.17863013
10728000,-0.45993575,0.32705957,-0.295108
10732000,-0.31001002,0.3081566,-0.17398596
10736000,-0.5103202,-0.19443625,-0.18334113
10740000,-0.6308125,-0.32620314,-0.35433093
10744000,-0.4391091,-0.014257461,-0.23523316
10748000,-0.21347734,0.28953496,-0.13456577
10752000,0.2562591,0.4499001,-0.5856918
10760000,0.94200426,0.29391104,0.4379403
10764000,0.18861601,0.6198331,1.126703
10768000,-0.07342453,0.3672849,1.0229874
10772000,-0.15164968,-0.3742658,0.19640237
10776000,-0.6422411,-0.6533203,-0.4184482
10780000,-0.6138524,-0.19696495,-0.55197155
10788000,0.31642523,0.11904587,-0.21368098
10792000,0.39315444,0.25188127,-0.031440064
10796000,0.21778817,0.19487894,0.07151377
10800000,0.2840058,-0.1706754,0.17374536
10804000,0.6161409,-0.124575555,0.024200723
10808000,0.5142878,-0.01503936,-0.24249834
10812000,-0.12425402,-0.079066105,-0.2925297
10816000,-0.54942614,-0.38452855,-0.17467204
10824000,-0.5065127,-0.30333555,0.028710512
10828000,-0.545584,0.026144497,0.29808906
10832000,-0.45487085,0.16676584,0.37474966
10836000,-0.25199142,0.28631386,0.062095374
10844000,0.24054791,-0.083182074,-0.07979955
10848000,0.4588787,-0.19107136,0.067911275
10856000,-0.014172718,-0.16559154,-0.3071075
10860000,0.35822102,-0.3273649,-0.42937404
10864000,0.48139185,-0.11252472,-0.025124222
10868000,0.21184617,0.1072211,0.43394735
10872000,0.09651457,0.25271443,0.4673224
10876000,0.048181884,0.7217737,0.07654735
10884000,0.01582281,0.31477907,-0.21316323
10888000,-0.24869637,-0.1894581,-0.31512302
10896000,-0.41796505,0.2493777,0.21109328
10900000,-0.270369,-0.29143506,0.21716458
10904000,-0.005511187,-0.382613,-0.002080448
10908000,0.01907143,0.028353855,0.056217097
10912000,-0.3735302,0.11451495,0.18839851
10916000,-0.41146693,-0.08141201,0.14310046
10924000,0.04184272,-0.63377357,0.12241134
10932000,-0.00385388,0.42633805,0.07599226
10936000,-0.4340872,0.53284085,-0.11596826
10944000,-0.12978548,0.539347,0.016400225
10948000,0.03826088,0.19981234,-0.16372906
10956000,0.22956121,-0.057342917,-0.19608702
10960000,0.6559945,-0.34213758,-0.44360113
10968000,0.40812957,0.19391236,0.0868737
10972000,0.1996658,0.9658705,0.4727275
10976000,-0.25308073,0.80171,0.62065774
10980000,-0.75151736,-0.19394034,0.27919972
10984000,-0.7281838,-0.55144644,-0.13568977
10988000,-0.64544666,-0.65052074,-0.36331335
10992000,-0.44028825,-0.7479146,-0.40890756
10996000,0.043592736,-0.394933,-0.31929147
11000000,0.36747473,-0.4046873,0.025767483
11004000,0.6281432,-0.657318,0.65671587
11008000,0.6787441,-0.47968358,0.90197027
11012000,0.3616488,-0.07697224,0.2663495
11016000,0.18314636,0.36204535,-0.5157124
11020000,-0.09653915,0.5932956,-0.5214353
11028000,-0.59785396,-0.02366659,0.32418874
11032000,-1.0152807,-0.28299773,0.2068005
11040000,-5.0605416,-0.70841277,0.21498248
11044000,-6.97396,-0.1296641,0.5437877
11048000,-8.190026,0.54464346,0.04510075
11052000,-8.5847025,0.7108438,-0.61095846
11056000,-7.93304,0.11160408,-0.44327658
11060000,-6.879135,-0.5474515,-0.051024288
11064000,-6.3931932,-0.6429912,-0.16574988
11068000,-6.1707277,-0.6556854,-0.54960346
11076000,-4.571964,-0.46225625,-0.6253462
11080000,-4.4792614,-0.45546663,-0.30855083
11084000,-4.8423333,-0.49888393,0.029604942
11088000,-4.7037334,-0.21654381,0.035529405
11092000,-3.956071,-0.21147262,0.028384
11096000,-3.2172427,-0.40970626,-0.11398977
11104000,-2.7602806,-0.6740571,-0.5917755
11112000,-2.5441008,-0.49708685,-0.46228743
11116000,-2.1500075,-0.40575007,-0.84777975
11120000,-2.461499,-0.61964303,-0.75493675
11128000,-2.2905788,-0.5322461,-0.282284
11132000,-2.2187593,-0.23226011,-0.063297935
11136000,-1.7594426,-0.3522338,0.03610066
11140000,-1.2477975,-0.61570084,0.001444869
11144000,-1.4237036,-0.6839371,-0.23896539
11148000,-1.4455316,-0.5263315,-0.3134926
11156000,-1.1239827,-0.18990874,-0.48850918
11160000,-0.84694254,-0.51355016,-0.5021346
11164000,-0.63860244,-0.82654494,-0.1430949
11168000,-0.8124281,-0.79543436,0.2052311
11172000,-0.9589779,-0.37378702,-0.06591655
11180000,-1.0030632,-0.020163447,-0.40024
11184000,-0.99992716,-0.4516239,-0.77618736
11188000,-0.7112547,-0.7653394,-0.74609303
11192000,-0.52930045,-0.75110126,-0.22159484
11200000,-0.20987861,0.14553511,0.38004416
11204000,0.11942494,0.30388752,0.21974991
11208000,0.16585724,-0.44935524,-0.3710543
11212000,-0.2730105,-1.3723087,-0.57582146
11216000,-0.6888538,-1.2535486,-0.76449037
11220000,-0.2671617,-0.8348169,-0.58353806
11224000,0.60905194,-0.86047494,-0.42773378
11228000,1.0440874,-0.79419965,-0.5991541
11232000,0.63403654,-0.47766417,-0.14959723
11236000,-0.16826104,-0.18531534,0.3555548
11240000,-0.8904828,-0.0275125,0.21531793
11244000,-1.254112,-0.22378518,0.071547896
11248000,-0.7594806,-0.6727022,0.2937667
11252000,0.20284781,-0.81638217,0.22705519
11256000,0.48690355,-0.9148279,-0.27520978
11260000,0.42267662,-0.8331575,-0.6722792
11264000,0.39286554,-0.17176548,-0.5090733
11268000,0.083876945,0.1911695,-0.10335536
11272000,0.06934641,0.049526915,-0.43801826
11280000,0.5061636,-0.5131448,-0.80709624
11284000,0.68717474,-1.10747,-0.2201142
11292000,0.44875795,-1.1671898,-0.20268835
11296000,-0.013207763,-0.6949754,-0.093886286
11300000,-0.16899437,-0.10558827,0.34269807
11308000,0.3552351,0.07014795,-0.03590846
11312000,0.49203336,-0.16899835,-0.038220815
11316000,0.80568576,-0.20192271,0.06894364
11324000,1.050946,-0.4675728,-0.009707853
11328000,0.655911,-0.039284766,-0.1673084
11332000,0.60085946,0.11224462,-0.40697703
11340000,0.8808075,-0.00333034,-0.16201717
11344000,0.7442039,-0.16030297,-0.21738404
11352000,0.095686615,-0.5776962,-0.07014303
11356000,0.7993989,-0.62856585,0.19569044
11360000,1.1157151,-0.20907378,0.32539767
11364000,0.77742165,0.021210723,0.002960116
11368000,-0.004787609,-0.28786695,-0.1620626
11372000,-0.29199135,-0.6795406,0.03766659
11380000,0.31693968,-0.520943,-0.5238155
11384000,0.44440335,-0.60950303,-0.2304321
11388000,0.5430349,-0.58238065,0.20675717
11392000,0.65658253,-0.12022615,0.33435392
11400000,0.32764053,0.509041,-0.28789485
11404000,0.41341874,0.006048903,-0.3952801
11408000,0.76745474,-0.13806714,-0.5054798
11412000,0.7471728,-0.03024657,-0.0918553
11416000,0.6421026,-0.123931624,0.34841764
11420000,1.029834,0.026467957,0.1989271
11424000,1.3260748,0.30313516,0.052512076
11428000,0.9851363,0.105610676,-0.14587112
11432000,0.5157994,-0.36339507,-0.52044797
11440000,0.15233761,0.08083187,-0.03931211
11444000,-0.005741581,0.5260538,0.24247485
11452000,0.7666539,-0.3795241,-0.04592568
11456000,0.9785307,-0.7499095,-0.48479086
11460000,0.7064153,-0.42422226,-0.35665616
11464000,0.6232027,0.3992573,0.119761795
11468000,0.8083238,0.7848839,0.012154907
11472000,0.6540241,0.3286159,-0.5866298
11476000,0.22632183,-0.1919811,-0.9372191
11480000,-0.100385144,-0.4638902,-0.6580572
11484000,-0.021326408,-0.34089577,0.012768433
11488000,0.63676053,-0.18174975,0.56963253
11492000,1.431196,-0.14882192,0.4098128
11496000,1.5396663,0.3120636,0.028380327
11500000,1.0848253,0.491115,-0.13305819
11504000,0.5280169,0.21947363,-0.37541908
11508000,0.18266234,0.07786417,-0.26104265
11512000,0.24121189,-0.19396251,0.20026857
11516000,0.49817827,-0.27477756,0.43854254
11520000,0.81518835,-0.34213212,0.2654272
11528000,0.25887647,0.00693503,-0.45270404
11532000,0.26141065,0.18895262,-0.33263636
11540000,0.9394487,-0.23088026,0.48045582
11544000,0.74073744,0.08607995,0.12731461
11548000,0.37556693,0.12575349,-0.5022496
11552000,0.2618909,0.3221293,-0.98873436
11556000,0.5897074,0.44196585,-0.9649185
11564000,1.1767117,-1.2129401,0.045454144
11568000,0.73874867,-0.7660588,0.066583976
11572000,0.49804842,0.14988041,-0.33485866
11576000,0.58959,0.73425364,-0.33843625
11580000,0.54852676,0.70166135,-0.06607152
11584000,0.17701615,0.21088722,0.19036631
11588000,-0.042604357,0.23654363,0.4709639
11592000,0.530384,0.58273613,0.2964161
11596000,0.87126964,0.5313251,-0.46542603
11600000,0.5531001,0.054797545,-1.162647
11608000,0.3857811,-0.38298434,-0.49481395
11612000,0.17573471,-0.36543477,0.5413344
11616000,0.42465898,-0.15968952,0.6208935
11620000,0.70761603,-0.009073604,-0.024050936
11624000,0.9181885,-0.14732768,-0.38095787
11628000,1.0288554,0.15752716,-0.42183048
11632000,0.7223761,0.44859183,-0.31009322
11636000,0.38989508,0.12289819,-0.20689604
11640000,0.06896925,-0.44242057,-0.33740857
11644000,-0.07781946,-0.61699253,-0.12006512
11648000,0.6088687,-0.10385762,0.26173007
11656000,0.95290685,0.08813268,-0.27181816
11660000,0.66975874,-0.09222794,-0.26345792
11664000,0.962433,-0.062881865,0.35588568
11668000,0.92589974,0.08876909,0.49362665
11672000,0.5332822,0.07560702,-0.19054665
11676000,0.46278417,-0.13189223,-0.7154055
11680000,0.54879075,-0.4979603,-0.66576713
11688000,0.11927412,-0.19836192,-0.34205604
11692000,0.3852964,-0.034914047,-0.7813573
11700000,0.42203096,0.038366824,-0.5018374
11704000,-0.13550717,-0.04507208,0.082305625
11712000,0.22276112,-0.37213942,0.49667537
11716000,0.47169977,-0.46360427,-0.10491833
11720000,0.66668534,-0.45892268,-0.66602486
11724000,0.57998,-0.3609209,-0.31823358
11728000,0.4711638,-0.08654827,0.07973716
11736000,0.8358388,-0.19004494,-0.23698625
11740000,0.8922833,-0.102139264,-0.3099528
11744000,0.99861485,0.32279712,-0.21402085
11748000,0.9038485,0.61395013,-0.24745591
11752000,0.51977944,0.48010492,-0.09024411
11756000,0.29429427,0.40351468,-0.030923758
11760000,-0.11462636,0.38375288,-0.24867499
11764000,-0.8077994,0.20446815,-0.14587149
11768000,-1.2388289,0.081620246,0.22143745
11772000,-1.7626761,0.14559051,0.46325877
11776000,-2.4589431,0.49152148,0.7197007
11780000,-2.7490962,0.98587084,1.0362794
11788000,-2.2667875,0.68266195,0.9058504
11792000,-2.3571208,0.3525151,0.6025498
11796000,-2.025808,0.56877023,0.42088553
11800000,-2.0916376,1.1733305,0.302322
11804000,-2.6449206,1.5019581,0.2333844
11808000,-2.5492826,1.2842007,0.35325968
11812000,-1.9463539,1.2298213,0.45503342
11816000,-1.6019056,1.0245471,1.0004427
11820000,-1.4296676,0.4558378,1.5053385
11828000,-0.92889595,0.6481199,0.53741753
11832000,-0.7785275,0.72386897,0.08259489
11836000,-1.102697,0.824366,0.43631318
11840000,-1.3447821,0.5431963,1.2099018
11844000,-0.772092,0.24424659,1.2405561
11848000,-0.7019138,0.19026408,0.60212773
11856000,-0.86770004,0.26861495,0.2804456
11860000,-0.66373366,0.67699736,0.9272281
11864000,-0.4411988,0.528345,1.0686299
11868000,-0.4922056,0.12084346,0.61925936
11872000,-0.8259842,-0.1333512,-0.106226936
11876000,-0.9691211,-0.29794618,-0.55554545
11884000,-0.25398973,0.14682542,0.41242313
11888000,0.11695866,-0.34449744,0.69423485
11892000,0.4901272,-0.36798948,0.47822255
11896000,0.76797146,-0.062067695,0.33794343
11900000,0.7609277,-0.063947976,0.4633014
11904000,0.39293128,-0.11474065,-0.010470942
11908000,0.1771774,-0.25762713,-0.53090715
11912000,0.35085902,-0.61540806,-0.2131347
11916000,0.53292453,-0.69475484,-0.0789697
11920000,0.72646385,-0.780402,0.08886495
11924000,0.9518392,-0.9841929,0.42550254
11928000,0.9626658,-0.81900084,0.33702582
11932000,0.67097515,-0.78477806,0.18614765
11936000,0.39900967,-0.9317795,-0.33733636
11940000,0.54691905,-0.7858541,-0.8517387
11948000,0.67492354,-0.61777353,-0.76311827
11956000,0.37961355,-1.0149283,0.27455872
11960000,0.57066035,-1.0706165,0.09855874
11968000,0.4788178,-0.98692447,-0.33988303
11972000,1.049701,-0.889046,-0.82113504
11976000,1.4807723,-0.75028825,-1.2105439
11980000,1.4941632,-0.9243003,-1.0291839
11984000,1.4579788,-1.182416,-0.49427456
11988000,0.87503386,-1.2932262,0.11384012
11992000,0.4050929,-1.0843471,0.43774176
11996000,0.69622624,-0.8946553,0.10287796
12000000,1.0072999,-1.0581607,-0.7132831
12004000,1.2819929,-1.3267654,-1.3479993
12008000,1.2290639,-1.3834882,-0.89250433
12012000,0.62809384,-1.4808549,-0.07659161
12016000,0.4173073,-1.3809532,-0.25541848
12020000,0.8796492,-0.77085364,-0.9182986
12028000,1.1412115,-0.5443765,-1.0633358
12032000,0.8168949,-1.229143,-0.8264548
12036000,1.2231175,-1.4934778,-0.40710902
12040000,1.6601309,-0.94770914,-0.11880145
12044000,1.3993436,-0.565065,-0.37400812
12052000,0.59887344,-1.1871524,-1.3154523
12056000,0.27996677,-0.8266372,-1.6264805
12064000,0.68379325,-0.9502872,-0.7566932
12068000,0.86816496,-1.2746127,-0.28484854
12076000,0.8466313,-0.9559092,-0.42762375
12080000,0.6216515,-1.1308007,-0.85672677
12084000,0.8095254,-0.8191075,-0.81721187
12092000,1.5622845,-0.23535672,-0.59587795
12100000,0.7744485,-1.313382,-0.6859626
12104000,0.8180921,-1.3853418,-0.9629433
12108000,1.2015487,-1.1155119,-0.9743415
12112000,1.2711666,-0.9449203,-0.508436
12116000,1.0621154,-0.7779943,-0.14598766
12120000,0.8470056,-0.4800596,-0.34853852
12124000,0.3387409,-0.1980636,-0.7006226
12128000,0.14639518,0.14372909,-0.6399815
12132000,0.7687019,0.30410922,-0.6766099
12136000,1.1408271,-0.100169346,-0.9353619
12140000,0.93245196,-0.5614243,-1.2677436
12144000,0.8929832,-0.7787108,-1.5927533
12148000,0.95012015,-1.2229204,-1.1063937
12152000,0.8781577,-1.1478436,-0.30776295
12160000,1.0200589,0.22243649,0.2672621
12164000,1.3660338,-0.008273207,0.12117401
12168000,1.075832,-0.18837142,-0.23700926
12172000,0.20006561,-0.45212683,-0.66664493
12176000,-0.048641883,-0.87373745,-0.9182813
12180000,0.51455057,-1.1020148,-0.7310606
12184000,0.9128208,-1.0403645,-0.4642754
12192000,1.2701695,0.11004275,-0.61541593
12196000,1.1202794,0.103192426,-0.41687295
12200000,0.89936364,-0.39813796,-0.39176568
12204000,0.89365995,-0.43169677,-0.566769
12208000,0.49956995,-0.22644067,-0.16095525
12212000,-0.003048599,-0.2293096,0.5377872
12216000,0.27419633,-0.11339967,0.18186614
12220000,0.81276506,-0.12627976,-0.4766423
12224000,0.8268808,-0.6513335,-0.7583924
12228000,0.41574484,-0.9079467,-0.9750079
12232000,0.3405951,-0.44848695,-0.7482246
12236000,0.56969386,0.12592688,-0.3745237
12240000,0.57483816,0.52753824,0.11668995
12248000,1.1152637,-0.5359492,0.14816342
12252000,0.74026996,-0.4344544,-0.62423116
12256000,0.61552244,0.24644935,-0.6597314
12260000,0.56557196,0.53110135,-0.17971784
12268000,1.1942198,-0.18495154,-0.37387165
12272000,1.4987533,-0.1647377,-0.6235656
12276000,1.0439829,0.055089295,-0.34535387
12284000,0.017010905,0.08008172,0.55724114
12288000,0.06910765,0.37562785,0.008520559
12292000,0.3046311,0.26151934,-0.46371028
12296000,0.48861337,0.14083748,-0.26708716
12300000,0.73678464,0.27239126,-0.020410422
12304000,0.62688863,0.5191446,0.21110974
12308000,0.17148098,0.49363214,0.33534864
12312000,0.14161457,0.16746001,0.14598635
12316000,0.5625429,0.27495298,-0.006620303
12320000,0.5046461,0.4621315,-0.04950905
12324000,0.32484093,0.45380467,0.17108044
12328000,0.4730401,0.60771996,0.61684716
12332000,0.45159602,0.6162174,0.67676693
12336000,0.32079288,0.5488815,0.21399666
12340000,0.23084739,0.48274666,-0.08896074
12344000,0.5887626,0.26479688,0.09622116
12348000,0.74133587,0.3394779,0.02937654
12356000,0.31108278,0.82287407,-0.36366773
12360000,0.50660855,0.15414825,0.001234755
12364000,0.74311185,-0.3024099,0.41706312
12372000,0.27741018,0.7063081,0.61287177
12376000,-0.14798352,1.0893569,0.30221733
12380000,0.03983397,0.61646754,0.3540981
12384000,0.5603467,0.08219258,0.54916584
12388000,0.892346,0.047858,0.38302281
12396000,0.50028455,0.39703608,-0.1797133
12400000,0.8241163,0.16269831,0.2268744
12408000,0.39995265,0.56499815,0.34401464
12416000,-0.15859969,1.1323899,0.38565996
12420000,0.10185188,1.044832,0.3853813
12424000,0.51037526,0.46011746,0.49315953
12428000,0.6366283,-0.30458885,0.38466957
12432000,0.59872186,-0.25714895,0.24545595
12436000,0.53487337,0.28428817,0.16750172
12440000,0.36251986,0.44027585,0.0387666
12444000,0.18193223,0.22982842,-0.2314127
12448000,0.14171425,0.20342322,-0.19307002
12456000,0.79330665,0.7791819,0.4802039
12460000,0.08251187,0.70954853,0.6187495
12464000,-0.42805928,0.13178958,0.58786756
12472000,0.8385319,0.6147087,0.06170991
12476000,0.84136426,0.77019024,-0.008668136
12480000,0.5712185,0.6459905,-0.11082102
12484000,0.3294605,0.39955407,-0.20678364
12492000,-0.06460875,-0.17141886,0.18544963
12496000,0.1154595,0.3802266,0.46708614
12500000,0.35796106,0.48266006,0.5568012
12504000,0.7043927,0.03303528,0.5156645
12508000,1.0292684,-0.19914302,0.5644455
12512000,0.91717815,0.001074068,0.7106904
12516000,0.38356534,0.3638491,0.7399027
12520000,0.005286992,0.5355937,0.5080244
12524000,-0.023759386,0.40364116,0.3119238
12528000,0.40560398,-0.017356426,0.42959273
12532000,0.75084203,-0.38284507,0.30142394
12536000,0.37497577,0.068819195,-0.27281272
12540000,-0.05383076,0.60799056,-0.23368087
12544000,0.0867545,0.3233044,0.16757351
12548000,0.3533617,0.17112777,0.09476036
12556000,0.16954549,0.40379316,0.19010793
12560000,0.18100318,0.35562947,0.4566712
12564000,0.2176212,0.096002705,0.66919875
12568000,-0.14134231,-0.4090679,-0.010728598
12572000,-0.34230337,-0.5564469,-0.70587087
12576000,0.05513224,-0.47031805,-0.48987082
12580000,0.17368501,-0.385432,-0.16472986
12588000,0.25246587,0.74260175,0.4741392
12592000,0.04007434,1.2311352,0.6538165
12596000,0.22625187,0.85712767,0.45147198
12600000,0.5824064,-0.4056774,-0.053624153
12604000,0.74490094,-1.0342301,-0.3540888
12608000,0.8129018,-0.63172734,-0.14029615
12612000,0.5559548,-0.09121851,-0.12526916
12616000,0.44835144,0.1372971,-0.12324494
12620000,0.4882027,0.17488205,0.17832269
12628000,-0.03686757,0.5556748,-0.2122109
12632000,0.29009432,0.41632307,-0.25724787
12640000,0.70230126,-0.2819897,0.36781594
12644000,0.17852673,-0.68872505,0.2646308
12652000,-0.36261663,0.16060916,0.19048735
12656000,-0.79302454,0.5746085,0.63799983
12664000,-0.07231434,0.79663897,0.14632481
12672000,0.161693,0.19960025,-0.11485499
12676000,0.42203993,-0.08013975,-0.32974228
12680000,0.49899244,-0.5611997,-0.14210837
12688000,1.3687179,-0.45659095,-0.43245864
12692000,0.9609343,-0.21033241,-0.41371155
12696000,0.07657564,0.04135208,-0.40229192
12704000,-0.29389763,0.10364514,-0.6104503
12708000,-0.037387818,0.68195736,0.080788344
12712000,0.3243395,0.81318265,0.34288448
12719999,0.02866958,0.72022426,-0.0817759
12724000,0.10248714,-0.41772616,-0.15576856
12728000,0.20783027,-1.080621,-0.13633855
12731999,0.24394035,-0.6987522,0.25628906
12736000,0.5508641,-0.42017853,0.13453892
12744000,0.04549268,0.27516448,-0.4405089
12751999,-0.12577266,0.36952904,0.12226755
12756000,0.24978931,0.20231423,-0.07121037
12763999,-0.42545423,-0.27431545,-0.116523184
12768000,-0.2220677,0.19314666,-0.21677639
12772000,0.30988657,0.33687708,-0.3272339
12780000,0.57816815,0.17030096,0.12657914
12783999,0.47663128,0.14632142,0.1381452
12792000,0.76397836,0.13735387,0.17999965
12795999,-0.24503759,0.28508717,0.09868096
12800000,-1.0431979,-0.050716028,-0.05439917
12804000,-0.62807953,-0.33186087,-0.23521262
12808000,0.16179198,-0.0675614,-0.45701677
12815999,0.47523028,0.11915152,-0.47132403
12824000,0.5178469,0.699307,-0.563814
12827999,0.7644856,0.5175167,-0.27247125
12832000,0.47758204,0.04169157,0.38763192
12836000,-0.031442642,-0.33538762,0.71337545
12840000,-0.17883323,-0.42978442,0.06466499
12844000,-0.026867237,-0.42685068,-0.52921814
12847999,0.088035956,-0.4243644,-0.35335767
12852000,0.003460448,-0.12041201,0.029181711
12856000,-0.09711916,0.23182975,-0.14633115
12859999,0.2631988,0.20234826,-0.72240025
12864000,0.66276234,0.054209396,-0.5099087
12868000,0.61323,0.25102597,0.14488521
12872000,0.35429817,0.62570757,0.52584714
12876000,0.1767473,0.5949738,0.50337553
12884000,-0.12572438,-0.47117692,-0.45169237
12888000,0.26319167,-0.34390098,-0.65066737
12896000,0.46106738,-0.122777164,-0.20762074
12900000,-0.07664282,-0.2749055,-0.06936982
12904000,-0.39366427,0.04985635,0.068291515
12908000,-0.34983772,0.36839607,0.5241799
12911999,-0.07897568,0.2561888,0.26980448
12916000,0.21803316,0.105876505,-0.23101312
12920000,0.01712358,0.008902021,-0.18563655
12923999,-0.1744881,-0.0663542,0.19003576
12928000,0.07456118,0.12731895,0.41984004
12932000,0.1656228,0.30920097,0.11524038
12936000,0.16677877,-0.21706656,-0.09004625
12940000,0.29521295,-0.5897514,-0.20011306
12943999,0.28917328,0.09482351,-0.4346177
12952000,0.14916208,0.56375045,-0.24269545
12960000,0.06406625,0.08756229,0.052098796
12964000,0.10886668,0.7305376,0.24146795
12968000,-0.12925994,0.7765641,0.20257983
12972000,-0.061149254,0.10519001,0.09880175
12975999,0.18305832,-0.41151634,0.31142518
12980000,0.2209091,-0.6104235,0.39628828
12984000,0.43018323,-0.8653114,0.22953132
12987999,0.5205437,-0.52266836,0.24009769
12992000,0.42151368,0.3975309,-0.22860977
12996000,0.17165717,0.50674415,-0.98140335
13004000,-0.071950585,-0.23518479,0.25092238
13007999,0.22708617,0.017668955,0.6724005
13012000,0.10128531,-0.1414026,0.42573798
13016000,-0.27561972,-0.29144356,-0.005579114
13019999,-0.41179734,0.07511243,0.08526467
13024000,-0.32425186,0.39488938,0.47602838
13028000,-0.07174492,0.41643,0.4914425
13032000,0.47580156,0.38261098,0.16886699
13036000,0.73716897,-0.092332944,-0.11685936
13044000,0.26513657,0.019809753,-0.24063988
13048000,0.17842045,0.6734779,-0.33764794
13051999,-0.15829378,0.44971478,-0.326737
13056000,-0.17746904,-0.20228568,0.003048271
13060000,0.38697338,-0.5052863,0.38585627
13064000,0.8129972,-0.4367383,0.40758592
13068000,0.48906276,-0.12267321,0.18893404
13071999,-0.09601034,0.23580228,0.21616748
13080000,-0.24563146,0.13620223,0.29430282
13083999,0.22155258,0.24643034,0.003511049
13092000,0.7311051,0.6154123,-0.11800627
13100000,-0.65393776,-0.14570343,0.059538744
13103999,-0.5992178,-0.42473796,0.34413964
13112000,0.63797456,-0.04426616,0.4160941
13115999,0.6565014,0.1496774,0.21446005
13120000,0.16911142,0.09243265,0.09127456
13124000,-0.42049748,0.021098781,-0.16453153
13128000,-0.28992483,0.2214739,0.033018097
13132000,0.18133149,0.13956657,0.3917219
13135999,-0.01932256,-0.25252482,0.26215926
13140000,-0.17611742,-0.37819946,0.2831976
13144000,0.27607834,-0.000677407,0.274613
13147999,0.42585215,0.34142092,-0.001136541
13152000,0.3491168,0.14078808,0.04067783
13160000,0.12812427,-0.41238317,-0.08508904
13164000,-0.13773197,-0.04134368,-0.04490252
13167999,0.026157144,0.28666306,0.20103635
13172000,0.445979,0.37086445,0.2782877
13176000,0.7511581,0.6828691,0.1262504
13184000,0.31198248,0.023933008,0.5192894
13188000,-0.061423793,0.030524388,0.09501551
13196000,0.06299338,0.24056706,-0.5917338
13204000,-0.01389024,-0.405703,0.5622826
13208000,0.117008485,-0.019998267,0.598474
13212000,0.25977352,0.20015839,0.5684375
13219999,0.3596235,-0.17355639,-0.005266249
13224000,0.33334163,-0.33730656,-0.2979991
13228000,0.059155542,-0.55189925,0.014617622
13231999,-0.027218373,-0.7278214,0.07113595
13236000,0.071666166,-0.19090915,-0.076035194
13240000,0.104256265,0.803974,-0.23593873
13244000,0.255647,0.992049,-0.0691477
13248000,0.05525177,0.5182413,0.50995034
13252000,-0.38502395,0.020996265,0.65518653
13260000,0.11002822,0.26258904,0.26114509
13268000,-0.10078691,0.05332557,-0.047407743
13272000,-0.17581533,0.22774978,0.10236326
13276000,0.17570749,0.2998706,0.50067407
13283999,0.050485805,0.08414861,-0.32251036
13288000,-0.13628608,-0.6284233,-0.29859912
13292000,0.056808427,-0.90034544,-0.11324403
13295999,0.2679821,-0.28335977,0.10650936
13300000,0.3377831,0.46538764,0.4176261
13304000,0.22634506,0.42187196,0.16584153
13308000,-0.10909688,-0.18985121,-0.31744477
13312000,-0.45508045,-0.20638394,-0.15611371
13315999,-0.4477201,0.06465527,0.2508939
13320000,-0.099648625,0.057439417,0.6582191
13324000,0.48161244,0.3836809,0.6223639
13327999,0.7948568,0.68348575,-0.13393348
13332000,0.22956693,0.31304306,-0.60699046
13336000,-0.42271104,-0.25208652,-0.5468099
13340000,-0.72395027,-0.50501883,-0.19968748
13344000,-0.8497194,-0.39848232,0.26922277
13347999,-0.1005685,-0.23613137,0.36922422
13352000,0.92987645,-0.042648662,0.1385317
13356000,0.9784437,0.284545,0.07178767
13364000,0.434987,-0.026298609,0.17872168
13368000,0.5591426,0.22113085,0.26989132
13372000,0.2835421,0.32602888,0.29880396
13379999,-0.06064999,0.004946961,0.23257884
13384000,-0.80839956,-0.12794185,-0.022142887
13388000,-1.0208095,-0.41732758,-0.23183763
13391999,-0.18474175,-0.49346578,-0.25167695
13396000,0.374867,-0.12703305,-0.3454991
13400000,0.42336395,0.42937613,-0.2852677
13404000,0.3365742,0.5944553,-0.1451217
13408000,0.33020416,0.14038648,0.014314681
13411999,0.57637334,-0.20440412,0.033410314
13416000,0.3888355,-0.07772956,-0.056350783
13420000,-0.021818839,0.357782,0.096190736
13423999,-0.087190956,0.5033485,0.33841252
13428000,-0.10741006,0.11558545,0.5496259
13432000,-0.16503201,-0.2643352,0.37292466
13436000,-0.010729268,-0.7474172,-0.27017212
13440000,0.20293574,-0.9758861,-0.45848596
13443999,0.148454,-0.4138664,-0.28084287
13452000,-0.12723824,0.03986621,-0.19472641
13455999,-0.15732975,-0.0681442,-0.089471795
13460000,0.19345862,0.23630066,-0.10881042
13464000,0.54879755,0.36596933,0.12944822
13468000,0.50034165,0.2683215,0.24531005
13472000,0.33652323,0.24792409,-0.23748688
13475999,0.10282717,0.09503797,-0.56037354
13480000,-0.14293103,-0.15151268,-0.24059786
13484000,-0.17347291,-0.23007287,0.16700141
13488000,-0.01565468,-0.19189471,0.5414543
13492000,0.2057609,0.13452809,0.5641711
13500000,0.16204925,-0.3316401,-0.41458353
13508000,0.26901847,-0.46351156,0.01991427
13512000,-0.31840587,0.817023,0.38268396
13516000,-0.15027109,1.0782722,0.55942225
13520000,0.34897348,-0.023495644,0.47316748
13524000,0.30106717,-0.605593,0.038855076
13532000,-0.043794543,-0.1561869,-0.6908337
13536000,0.32422265,-0.5886041,-0.6148634
13540000,0.40922016,-0.530982,-0.3172778
13544000,0.09695636,0.25604063,0.14362131
13548000,-0.41745782,0.7101635,0.58125025
13552000,-0.5353639,0.3478476,0.69941795
13556000,-0.24644496,-0.2070794,0.3626675
13560000,0.05966037,-0.366806,-0.09570856
13564000,0.40178397,0.07738,-0.14908075
13568000,0.6898633,0.29714113,0.07654314
13572000,0.38533938,-0.010612324,-0.035144087
13576000,-0.103143185,-0.06635141,-0.33371475
13580000,-0.06265343,-0.036593355,-0.11959103
13584000,0.02374377,0.007523708,0.506364
13592000,0.1670062,0.16205905,0.001782358
13596000,0.24616215,-0.44833952,-0.3191803
13604000,-0.107162125,-0.24654329,-0.029012963
13608000,-0.21980704,0.17834625,-0.41365308
13612000,-0.104688555,0.47180513,-0.45854148
13616000,0.2623339,0.43541875,0.2320357
13620000,0.61007214,0.19602856,0.37136674
13624000,0.74097574,-0.050082054,-0.07259332
13628000,0.46628314,-0.11644525,-0.06623441
13636000,-0.6704689,-0.4617482,0.0609485
13640000,-0.29537696,-0.015052587,-0.2256072
13648000,0.15673146,0.69227004,0.21659845
13656000,0.13975176,0.20158072,0.01646676
13660000,-0.017252412,-0.27742317,-0.064612426
13664000,0.13181314,-0.5053978,-0.21474795
13668000,0.3583283,-0.45344704,-0.4030899
13672000,0.45329958,-0.46437538,-0.33015403
13676000,0.31567243,-0.42965025,0.2293127
13680000,-0.09095043,-0.4232847,0.5296913
13688000,-0.8467527,0.4521695,0.39445835
13692000,-0.47545415,0.36293295,0.801651
13700000,0.0645781,-0.31622142,0.030023303
13704000,0.48919678,0.30334398,-0.48681125
13708000,0.82793254,0.6604405,-0.5957198
13716000,0.17690329,0.33023366,-0.011777781
13724000,-0.84262526,-0.25994158,0.46282578
13728000,-0.4041716,-1.0880996,0.4684396
13732000,0.37945879,-0.84254485,0.38739613
13736000,0.536718,0.017097503,0.18172541
13744000,0.05040341,0.5521455,-0.54417187
13752000,-0.21299836,0.70570874,-0.5260285
13756000,-0.014768474,0.3036803,-0.33328795
13760000,0.054930083,-0.042282775,0.35343498
13764000,-0.048216738,0.022852842,0.860711
13772000,-0.022676872,-0.11931184,0.3786766
13776000,-0.20565385,-0.45682466,0.39523366
13780000,-0.22823009,-0.26318586,0.3755601
13788000,0.12089046,0.17525557,0.17778787
13792000,-0.022734627,0.005885359,-0.024660185
13796000,0.0845589,-0.51650536,0.019510314
13800000,0.6397909,-0.6355483,0.019035473
13804000,0.70886004,-0.2737093,-0.22310449
13808000,0.17756538,0.13303751,-0.41991842
13812000,-0.24549149,0.41110855,-0.34527797
13820000,-0.106141634,-0.10370877,0.22813882
13824000,0.19819479,-0.76479703,0.3856094
13828000,-0.091915876,-0.8035356,0.4482184
13832000,-0.5948504,-0.32374308,0.30438066
13840000,-0.06890184,0.19270515,0.26169568
13848000,0.5935138,0.70060015,0.14870736
13852000,0.6869145,0.25988892,-0.7036917
13860000,0.59846103,0.1899359,-0.14743459
13864000,0.61065376,-0.1387461,0.49471256
13872000,-0.31791443,-0.44524857,0.5006983
13876000,-0.4038688,0.001388162,0.18960555
13880000,-0.15281129,0.3485744,0.42969406
13884000,0.040154047,-0.007619739,0.5157952
13888000,0.23806201,-0.43184915,0.031352714
13892000,0.094437584,-0.18963467,-0.12874241
13896000,-0.2878093,0.25231093,-0.25743908
13900000,-0.27406162,0.5252372,-0.49628803
13904000,-0.16875008,0.5057622,-0.3256064
13908000,-0.21228644,-0.08513579,-0.07743569
13912000,-0.02773574,-0.5777397,0.020603478
13916000,0.17211702,-0.42987373,0.106012866
13920000,0.366349,-0.046468187,0.30645922
13924000,0.47349507,0.23120981,0.56149924
13932000,0.50667816,0.65429753,-0.0816032
13936000,0.14486732,0.8776953,-0.32260007
13940000,-0.31349483,0.06910834,-0.44490337
13948000,-0.19601707,-0.38424087,0.55000365
13952000,-0.48165426,-0.3359409,0.37445277
13956000,-0.36746982,-0.5582708,0.13972801
13960000,0.13928874,-0.18155605,0.274595
13964000,0.3864404,0.16641709,0.3372981
13972000,-0.18187776,-0.2545407,-0.17055179
13976000,-0.001209788,-0.4798135,-0.019869119
13980000,0.15130964,-0.09139377,0.3009138
13988000,-0.50696516,0.4014368,-0.063066304
13996000,0.42573443,-0.4800684,0.28977427
14000000,0.2365781,-0.63451874,0.15941742
14004000,0.19730854,0.025669247,-0.15562129
14008000,0.63812816,0.61730707,-0.46542573
14012000,0.8981803,0.5158716,-0.5867799
14016000,0.3132202,0.05588396,-0.33723426
14020000,-0.4385261,-0.35567963,0.11468179
14024000,-0.74568987,-0.6723855,0.33957982
14028000,-0.6098124,-0.59552795,0.33878186
14032000,-0.083527796,-0.12555578,0.29227632
14040000,0.4622485,0.05449396,-0.07135765
14044000,-0.14014432,-0.04013949,-0.00665921
14048000,-0.35339504,0.031298876,0.1570137
14052000,0.33575857,-0.33796746,-0.12805122
14056000,0.8420843,-0.64475214,-0.5321506
14064000,-0.054682836,0.39107972,-0.069985524
14068000,-0.53437454,0.3322314,0.4416105
14072000,-0.2507093,0.48928675,0.80401933
14076000,0.46749574,0.37724602,0.56101656
14080000,0.32957387,0.14998376,0.5336984
14084000,-0.44349802,0.17967534,0.6651902
14088000,-0.63945454,0.08986847,0.15120888
14092000,0.111649275,0.16873187,-0.3498041
14096000,0.61253625,0.1679927,-0.37232888
14100000,0.27564,-0.21272126,-0.2791468
14104000,-0.0990048,-0.24510746,0.1477681
14108000,-0.1097377,0.33112967,0.3795421
14112000,0.103167556,0.33901513,-0.0602511
14116000,0.26321298,-0.26321155,-0.050750844
14120000,0.052923165,-0.50200295,0.6012989
14124000,-0.29362836,-0.44018143,0.4714787
14128000,-0.18996757,-0.16251278,-0.35261574
14136000,-0.054714635,0.15329912,-0.34858403
14140000,-0.35620284,0.39974967,-0.07133887
14144000,-0.41480958,0.19232509,0.1603769
14148000,0.06419569,-0.38654113,0.1820669
14152000,0.5421415,-0.3072393,0.27046984
14156000,0.41238785,0.2820284,0.7368818
14160000,-0.0740709,0.37173858,0.58756113
14164000,-0.17031169,0.117465466,-0.32208166
14168000,-0.015925966,-0.09960073,-0.69748414
14176000,-0.47703928,-0.27085614,0.067312114
14184000,0.23524448,-0.2369565,0.2751334
14188000,0.33532107,0.13835241,0.016658112
14196000,0.24335654,0.7710023,-0.13247868
14200000,0.45661393,0.16191405,0.22893785
14204000,-0.09476888,-0.5701716,0.533183
14212000,-0.23979099,-0.18211594,-0.32063684
14220000,-0.42043972,0.29680753,-0.2111285
14224000,-0.17488247,0.71538144,0.13223922
14228000,-0.17215179,0.8858462,0.55999273
14232000,-0.4406163,0.37531435,0.6330626
14236000,-0.061465323,-0.29753876,0.20074272
14240000,0.43986726,-0.59500515,0.116939634
14244000,0.33693057,-0.69976985,0.30597395
14252000,-0.3661724,0.048344165,0.042904384
14256000,-0.103606954,0.25660703,-0.04168223
14264000,0.12344151,0.23212442,-0.1939548
14268000,0.10282214,0.19731835,-0.46372318
14272000,0.16196427,0.058348715,-0.72366714
14276000,-0.026174486,0.10129883,-0.107341796
14280000,-0.22578621,-0.10547276,0.46386123
14284000,-0.3786883,-0.623064,0.008728206
14288000,-0.3558087,-0.5249051,-0.043752618
14292000,-0.24704975,0.28837508,0.701911
14296000,0.2462586,0.6813647,1.1301274
14300000,0.8232161,0.2095883,0.6260401
14304000,0.41562733,-0.387841,-0.22973005
14312000,-0.3983763,-0.122604385,-0.1487057
14316000,-0.103782505,-0.18691084,-0.27811298
14320000,0.059344284,-0.1798362,-0.49173522
14328000,0.0525271,-0.054515854,0.1595202
14332000,-0.49123222,0.4916584,0.3350917
14336000,-0.47408134,0.47581655,0.17911717
14340000,-0.29959527,-0.21267743,-0.117299385
14344000,-0.1340662,-0.4151646,-0.15396589
14352000,-0.06484314,-0.16733941,0.097605646
14356000,-0.12948073,-0.27304116,0.11896001
14360000,0.08577148,0.13668641,0.29594016
14364000,0.2521181,0.5228564,0.49953356
14368000,0.22564913,0.25691897,0.423375
14372000,0.07648575,-0.15256013,0.014898688
14376000,-0.08629355,-0.014325947,-0.5595343
14380000,-0.48107287,0.012922837,-0.6491879
14384000,-0.77376735,-0.3827951,-0.12014099
14388000,-0.7199006,-0.30241665,0.23586395
14392000,-0.34148824,0.30175257,0.22601822
14400000,0.59218436,0.062533855,-0.007763639
14404000,0.62549055,0.09638576,0.02942739
14408000,0.4356137,0.09308651,0.51243585
14412000,0.15214089,0.12221623,0.6143379
14420000,-0.27013338,-0.24761112,-0.111459166
14424000,-0.06285289,-0.6913397,-0.5620403
14428000,0.21554214,-0.26651227,-1.0332667
14436000,0.011387829,0.1541881,-0.04384905
14440000,-0.22731282,-0.65442675,0.601818
14444000,-0.5240511,-0.9110129,0.7260828
14452000,0.16398022,0.40212208,0.7689138
14456000,0.35887563,0.08012462,0.4791138
14460000,0.37721288,-0.2555302,-0.3132729
14464000,0.45416087,0.03661801,-0.85361314
14468000,0.041205585,0.3393032,-0.6492424
14472000,-0.16067138,0.4049485,-0.14951274
14476000,-0.07905394,0.009605378,0.2780832
14484000,-0.14112982,-0.21474794,0.5354599
14488000,-0.034613483,-0.15671921,0.22049023
14492000,-0.030573273,-0.12628308,0.2777475
14500000,-0.17471042,-0.15085272,-0.35561332
14504000,-0.07089248,-0.11525028,-0.43526706
14508000,0.112893716,-0.031170154,-0.08341201
14512000,0.43547904,0.06628631,0.3404708
14516000,0.2848381,0.1602687,0.3682732
14520000,-0.21415058,0.43650642,0.20256218
14524000,-0.5271118,0.5884869,0.2083804
14528000,-0.5043832,0.18185322,0.27430743
14532000,0.18457806,-0.016054055,0.37562713
14536000,0.7623842,0.08786162,0.41117895
14540000,0.55007684,0.009463817,0.060232677
14544000,0.20280388,-0.15080397,-0.5070246
14548000,-0.18763426,-0.33240452,-0.69720864
14556000,-0.32436633,-0.31401104,0.38907152
14564000,0.06924432,0.32045534,0.4098235
14568000,0.20301005,0.2965306,0.22086206
14572000,-0.022253215,0.07612108,-0.202919
14576000,-0.08465401,-0.42292666,-0.5677937
14580000,0.056578856,-0.6227306,-0.23756923
14584000,-0.057216376,0.2029092,0.26964846
14588000,-0.38565284,0.81302744,0.48972687
14592000,-0.71687174,0.50226533,0.4001105
14596000,-0.6029056,-0.11650564,-0.044701174
14604000,0.06877611,-0.32242805,-0.30490792
14608000,0.39710197,0.43726733,-0.2216667
14612000,0.49905133,0.69755435,0.052796215
14616000,0.24781989,0.4755686,0.44832742
14620000,-0.1082741,0.23823434,0.30995715
14624000,-0.29844204,-0.001712469,0.13357018
14628000,-0.431291,-0.29977915,0.3600431
14636000,-0.57348573,-0.73277014,0.21673815
14640000,-0.6241967,-0.45115703,0.42987964
14648000,-0.5074144,0.83777833,-0.04815352
14652000,0.12075062,0.4513713,-0.5238757
14660000,1.013173,-0.072886616,-0.47415015
14664000,0.45893234,-0.3910216,0.18908358
14668000,0.15401235,-0.38204738,0.30036476
14672000,0.23718092,-0.3013375,0.12108188
14676000,-0.035609815,-0.15336931,0.246021
14680000,-0.5214634,0.2196623,0.36025918
14684000,-0.33862072,0.42546496,0.13598797
14688000,-0.20316344,0.34236798,-0.09023145
14692000,-0.24257419,0.16502339,0.12632617
14700000,0.14575621,-0.16800399,0.070373535
14704000,0.12955245,0.04407594,0.02329269
14708000,0.29316843,0.33824375,0.15334772
14716000,0.2444252,-0.045307465,-0.014918055
14724000,-0.091883436,-0.47248688,-0.12955827
14728000,0.46950117,-0.45492774,-0.18608914
14732000,0.60786617,-0.19617945,0.042265847
14736000,0.25800058,-0.09286414,0.0480847
14740000,-0.3998364,0.38126808,-0.21355231
14744000,-0.8014277,0.7289659,-0.33101088
14748000,-0.473409,0.66855603,-0.23140928
14752000,0.16388893,0.39709687,-0.006455181
14756000,0.24288437,-0.12853007,0.28044248
14760000,-0.19400914,-0.55940586,0.4505187
14764000,-0.36302757,-0.61197954,0.45629197
14768000,-0.14588019,-0.24759287,0.2865723
14772000,0.20835605,0.20314881,-0.120875284
14776000,0.32888758,0.4514915,-0.2903587
14780000,0.21849579,0.49868727,0.073663935
14788000,-0.21238399,-0.026544437,-0.21892038
14792000,-0.4358922,-0.17710166,-0.47236276
14796000,-0.38056514,-0.37802485,-0.07175274
14800000,-0.28497198,-0.3130422,0.46835527
14804000,-0.13646147,-0.28386757,0.28414893
14808000,-0.0774964,-0.22639453,-0.05360849
14812000,-0.39572164,0.18262537,0.18325908
14820000,-0.10861283,0.5200799,-0.017553866
14824000,0.21960217,-0.084551886,0.0261221
14828000,0.17722458,-0.62460536,0.2629388
14836000,0.20480996,-0.17049089,0.40940326
14840000,0.37071124,0.21246529,0.28614873
14844000,0.55032367,0.1970805,0.29836375
14852000,-0.27336824,-0.47309262,-0.38757223
14856000,-0.82960427,-0.13347773,-0.3866891
14860000,-0.9240849,0.32060003,-0.19521748
14864000,-0.3032947,0.5013772,-0.3272549
14872000,0.5536618,0.1515942,0.08697273
14876000,-0.17870465,-0.6174707,0.88531226
14884000,-0.9612639,0.106748134,-0.12112081
14888000,-0.26250008,0.4326144,-0.7545104
14892000,0.23732123,0.09052841,-0.65968156
14896000,0.20703584,-0.10522108,-0.41812515
14904000,0.16117819,0.18568362,0.21897262
14908000,0.13699152,0.20095828,0.47541955
14912000,-0.020718778,0.41915944,0.45501366
14916000,-0.39767998,0.41735762,0.5614741
14920000,-0.61544514,0.22657228,0.56178296
14924000,-0.3786732,-0.032939237,0.111269474
14928000,-0.001075372,-0.5650505,-0.24011742
14936000,-0.1734764,-0.18223938,0.22934102
14940000,-0.10709738,0.24167268,0.52113837
14944000,-0.029445501,0.18363681,0.20034547
14948000,-0.33796555,-0.110300906,0.14794262
14952000,-0.74240255,-0.39551184,0.24836549
14956000,-0.25280663,-0.48416856,-0.26301146
14964000,1.0319959,0.040105358,0.10064791
14968000,0.2845942,0.63183767,-0.13866457
14972000,-0.46891543,0.5804974,-0.21452838
14976000,-0.60893226,0.193286,0.17823374
14980000,-0.20591089,0.057903223,0.10634521
14984000,0.341735,0.08582339,-0.2617575
14988000,0.4297685,-0.23225327,-0.34530607
14992000,0.3853977,-0.4185341,-0.286967
14996000,0.47043282,0.07165718,0.03392414
15000000,0.33044028,0.33317435,0.5766732
15004000,-0.17989755,0.30319917,0.6920093
15008000,-0.513905,0.20206289,0.14656651
15012000,-0.4066926,0.04422305,-0.44850725
15016000,-0.0509751,-0.038680002,-0.27033496
15020000,0.045409698,-0.16360986,0.2455258
15024000,-0.36466813,-0.11919841,0.3390302
15028000,-0.4815744,-0.02432937,0.11308226
15032000,0.039674863,-0.18764779,-0.33309543
15040000,0.02803345,-0.12540841,-0.32029116
15044000,-0.27268538,0.23166174,0.35843572
15048000,-0.19407706,0.09234567,0.5938628
15052000,-0.081376374,-0.09632465,0.55320597
15056000,-0.11229002,-0.2308333,0.26800352
15060000,0.06547994,-0.35647416,-0.033376113
15064000,0.34782887,-0.008040696,-0.07622963
15068000,0.26808143,0.4329497,-0.25116774
15072000,0.29626274,0.40345287,-0.29021958
15080000,0.17088015,0.057296224,-0.09901934
15088000,-0.76768935,-0.17669019,0.50862575
15092000,-1.297157,-0.34611374,0.5167284
15100000,0.17861867,0.26985025,-0.30228767
15104000,0.45564193,0.4217509,-0.42157564
15108000,0.06882933,0.27505803,-0.019849136
15112000,-0.008022375,-0.1499359,0.3102686
15116000,-0.004367407,-0.44568574,0.29119986
15120000,-0.061937217,-0.20674805,0.4570735
15124000,-0.09681088,-0.15594484,0.52344483
15128000,-0.40173542,-0.32088196,0.14093503
15136000,0.21677074,0.009052321,0.06736629
15140000,0.13111699,0.2895809,0.16350973
15144000,-0.30260625,0.48323658,0.06415928
15148000,-0.4076842,0.32231295,0.11289919
15156000,-0.12119916,-0.08531058,-0.523835
15160000,-0.325144,0.3074008,-0.4009422
15164000,-0.031377003,0.42886245,-0.14929639
15172000,-0.007973142,-0.12920374,0.42811158
15180000,-0.12855852,-0.33968008,0.1012106
15184000,-0.4212131,-0.26952672,0.3012431
15192000,0.07071614,0.13435826,-0.031436674
15196000,-0.12340587,0.30830592,-0.5117426
15204000,-0.066256,-0.2916901,-0.48146564
15208000,0.76487774,-0.43521118,0.05707863
15212000,1.1394588,-0.20965621,0.20334837
15216000,0.541403,-0.004225113,0.33433664
15220000,-0.36236778,-0.036848262,0.72666055
15228000,-0.71073854,-0.4025478,-0.08268237
15232000,-0.008311123,0.18092185,-0.61778563
15236000,0.58966875,0.53643274,-0.30530122
15240000,0.47173303,0.41993028,0.04439671
15244000,0.15012106,0.31485343,0.21370263
15248000,-0.3235406,0.06672539,0.46187615
15252000,-0.73032486,-0.2708397,0.20258296
15256000,-0.6018364,-0.25992218,-0.19955003
15260000,-0.120141156,-0.041390657,0.21423678
15264000,0.2855597,0.042177252,0.92742825
15272000,0.10037397,-0.4407425,-0.6104723
15276000,-0.30324385,-0.68076026,-0.6015792
15280000,-0.37954658,-0.50028193,0.016434088
15284000,-0.03451413,0.17087422,-0.2797467
15292000,0.60741234,0.5638211,-0.36484516
15300000,-0.5367284,0.30153435,0.22894822
15304000,-0.46755287,0.5234388,0.15319684
15308000,-0.092730746,0.39353457,0.03352666
15312000,-0.18824139,-0.31100705,0.2078735
15316000,-0.34304824,-0.9224138,0.45226616
15320000,0.00880751,-0.99112636,0.26168948
15328000,0.2954493,-0.03183213,-0.3774935
15332000,0.000501916,0.61922675,-0.1202416
15336000,-0.10855846,0.6969483,0.28560197
15340000,-0.1961436,0.3792472,0.66797096
15344000,-0.530589,0.017077059,0.46758726
15348000,-0.4534799,-0.17709064,0.2574383
15352000,0.11566511,-0.0425644,0.17935549
15356000,-0.091942355,0.15277179,-0.27161026
15360000,-0.48807245,0.3702576,-0.39067847
15364000,-0.49452418,0.4007328,-0.04784657
15372000,-0.54677576,-0.21321516,0.17374232
15376000,-0.025072712,-0.29840255,-0.31128666
15380000,0.042713717,-0.20401245,-0.5522227
15384000,0.0339315,-0.22685507,-0.3029521
15388000,0.33791083,-0.1416434,-0.048512
15392000,0.3484372,0.070552565,-0.13563377
15396000,0.33159432,0.3956861,-0.43008113
15404000,0.16139862,-0.2080833,0.13003731
15408000,-0.1146438,-0.3052212,0.84427273
15412000,-0.13622676,-0.030596398,1.0139035
15416000,-0.3907106,-0.16541865,0.6278144
15420000,-0.4890254,-0.30638644,0.13899311
15428000,-0.37770435,-0.111854784,-0.43652493
15432000,-0.4320935,0.26753455,-0.115856126
15440000,0.23576336,0.31626225,0.042478077
15444000,0.5338407,-0.39341894,0.13630953
15448000,0.41786724,-0.6665801,0.42075935
15452000,-0.13808812,-0.2590185,0.51247823
15456000,-0.34437147,0.20768219,0.059617594
15460000,-0.18292798,0.28921288,-0.19860518
15468000,0.44553164,-0.029796638,0.06572923
15472000,0.019623533,-0.5236211,-0.12483597
15476000,-0.34512895,-0.6619554,-0.20541233
15480000,-0.1937323,-0.22658995,0.23160996
15484000,-0.03824415,0.45352185,0.515908
15492000,0.04247833,-0.10613845,0.2300495
15496000,-0.10883026,-0.22624087,0.15888149
15500000,-0.43863794,0.20250496,-0.12992933
15504000,-0.6101778,0.27962494,-0.37399778
15508000,-0.17721078,0.22211275,-0.5515893
15512000,0.33659953,0.27699775,-0.50582486
15516000,0.1377461,0.24767114,0.027419284
15520000,-0.23985845,0.28945136,0.27620456
15528000,0.09002556,-0.5378171,-0.33447227
15532000,0.13753642,-0.9369248,0.024456784
15536000,0.17534581,-0.89839506,0.6536233
15540000,-0.016442034,-0.35870197,0.85804445
15544000,-0.11030142,0.39692467,0.3334606
15552000,-0.11634128,0.5091418,-0.10392499
15556000,-0.36838216,0.33886513,-0.03624461
15564000,0.04702863,-0.071000844,-0.38753954
15568000,0.45523086,-0.29898894,-0.30241808
15572000,0.2867182,0.06251237,0.04429292
15580000,-0.33065388,-0.20410743,0.2897311
15584000,-0.21018738,0.007849574,0.5479737
15588000,-0.11228892,0.38763008,0.59865046
15592000,-0.37619412,-0.06017576,0.043470055
15596000,-1.055566,-0.5399465,-0.27218276
15600000,-1.0615131,-0.1802676,0.007160299
15608000,0.41120368,0.000791356,-0.41410464
15612000,0.39651483,0.14551514,-0.41540223
15616000,-0.041216843,0.2952153,-0.34948778
15624000,-0.046684235,0.16504379,-0.3362291
15628000,-0.19351077,0.07324702,-0.1256492
15632000,-0.2927097,-0.18926135,0.045780204
15636000,0.013193026,-0.16088933,-0.018082835
15640000,0.22701895,0.03834935,-0.1391448
15644000,-0.093202904,0.121184886,0.12608442
15648000,-0.35669392,0.22193673,0.51163626
15652000,-0.33125317,0.21228063,0.6859739
15656000,-0.28971744,-0.035301656,0.5512439
15660000,-0.061957367,-0.2094824,0.0132173
15664000,-0.041385934,-0.048917383,-0.41342038
15668000,-0.07117948,-0.21275851,-0.32477742
15672000,0.1969755,-0.56200814,-0.17036943
15676000,0.24080855,-0.39137056,0.054899834
15684000,0.06015926,0.24680148,0.63308877
15688000,-0.16653416,0.2265468,0.49027318
15692000,0.042097554,-0.18651657,-0.13047636
15696000,-0.11910884,-0.40169555,-0.45320216
15704000,0.057338595,0.44687915,-0.1630154
15708000,0.76259214,0.7128138,-0.20135297
15712000,1.0178506,0.52262455,-0.12569559
15716000,0.15551096,0.17516665,-0.05844462
15720000,-0.67585826,-0.12491232,-0.077977516
15728000,-0.39019316,-0.3924349,-0.36580586
15732000,-0.09082565,-0.36309394,-0.045580477
15736000,0.63113695,-0.27338356,0.27680072
15740000,0.5678226,-0.045801643,0.4125476
15744000,-0.47972894,-0.13896945,0.27595457
15748000,-0.83833253,-0.16632481,0.15326625
15756000,0.075180314,0.09706931,0.012329012
15764000,-0.3989078,-0.08466783,0.7416001
15772000,-0.5202732,0.27573133,-0.17968193
15776000,0.091737404,0.49436915,-0.5372695
15780000,0.61674035,0.20677148,-0.45007753
15788000,0.118207544,0.10346268,-0.36389405
15792000,0.09694463,-0.20178044,0.07766922
15796000,0.34068364,-0.4514658,0.05390849
15800000,0.25287974,-0.4587647,-0.07635237
15804000,-0.28337938,-0.16755952,0.21692285
15808000,-0.55693066,-0.03324455,0.45404536
15816000,-0.17051308,0.24473172,0.15937869
15820000,-0.19272648,0.07489364,0.07339136
15828000,0.10188188,-0.3942364,0.3182882
15832000,0.24472499,-0.20264623,0.4457473
15840000,-0.65434974,-0.19449864,0.25334272
15844000,-0.351549,-0.012993515,-0.19418114
15852000,0.43570876,0.7590294,-0.91526425
15856000,0.002008796,0.27131283,-0.51116526
15860000,-0.0677271,-0.056485824,-0.15680991
15864000,-0.14659457,-0.40212035,0.1325783
15868000,-0.52189255,-0.30974686,0.56987816
15872000,-0.8995228,0.29260164,0.87206054
15876000,-0.8649614,0.32702625,0.5891805
15880000,-0.37954688,-0.3080194,0.013398081
15884000,0.13469312,-0.70569015,-0.1273548
15888000,0.3339802,-0.46398416,-0.01475814
15892000,0.13913181,-0.20477472,0.12903285
15896000,0.14612547,-0.09671071,0.15778026
15900000,0.49226326,0.09021921,-0.091592886
15904000,0.42252147,0.22415236,-0.0709701
15908000,-0.20418954,0.37429577,0.17213506
15912000,-0.7747094,0.49168527,0.079804994
15916000,-0.6680187,0.30059516,-0.123238206
15924000,-0.36203617,0.08034533,-0.0579926
15928000,-0.44145098,0.20676315,-0.33897474
15932000,0.014725268,-0.18040815,-0.3514684
15936000,0.6516838,-0.16879341,0.43186417
15940000,0.4588111,0.40669703,0.37326103
15944000,0.13086724,0.84938323,-0.39854246
15948000,0.42504922,0.28629962,-0.44921112
15956000,-0.27030906,-0.9764353,0.7570267
15960000,-0.28317404,-0.21486653,0.50117147
15964000,0.09523364,0.15141836,0.02623164
15972000,0.26562607,-0.34243247,-0.4774797
15976000,0.3169225,-0.08731089,-0.5703231
15984000,-0.29018983,0.2469119,-0.26335654
15988000,-0.32409948,0.2570775,0.34854978
15992000,-0.24840611,0.09516313,0.4996557
15996000,-0.35024622,-0.17725348,0.31624174
16000000,-0.61135054,-0.15585999,0.2003458
16004000,-0.3992176,0.039836414,0.5701104
16008000,0.10888499,0.121563226,0.5064088
16012000,0.24903134,0.111429885,-0.11910893
16020000,0.034720164,0.32409647,-0.2622102
16028000,-0.2460162,0.05999609,-0.11211102
16032000,-0.060019847,-0.2274054,-0.16473737
16036000,0.31621248,-0.28900105,-0.29310334
16044000,-0.5339037,-0.11015192,0.20365953
16048000,-0.17314684,-0.3404327,0.4690807
16056000,-0.055118203,0.17320487,0.17701632
16060000,-0.17347786,0.16674007,0.07390964
16064000,0.395029,-0.1435661,-0.24934551
16068000,0.7331095,-0.192739,-0.47492605
16072000,0.31304026,-0.000262262,-0.30313942
16076000,-0.38497114,-0.041705344,0.31549156
16080000,-0.8603283,-0.15874536,0.6477893
16084000,-0.62700367,0.09102519,0.413714
16088000,-0.18749875,0.349842,0.5875185
16092000,-0.16004357,0.30981246,0.7789409
16100000,-0.08375916,-0.38971174,-0.79005027
16104000,0.20838222,-0.54457366,-0.20379168
16108000,0.047249325,-0.19087338,0.4222486
16112000,-0.35161328,0.33117217,0.21322775
16116000,-0.5068954,0.3214977,-0.4515518
16120000,-0.21008152,0.14020063,-0.5013921
16124000,0.21843305,0.103599675,-0.107873976
16128000,0.32438532,0.22720939,-0.37036496
16136000,0.34107578,0.11280077,0.16470739
16140000,0.2399436,-0.12498752,0.6230574
16144000,-0.12733479,-0.5754311,0.109393656
16148000,-0.50024325,-0.68206036,-0.07698019
16152000,-0.74950945,-0.23393953,0.049825445
16156000,-0.50957066,0.17778991,-0.31743965
16160000,0.094065845,0.26431826,-0.502834
16164000,0.3972782,0.019909073,-0.21412955
16168000,0.28871652,-0.14749153,0.1260826
16172000,-0.22848989,0.099575594,0.38000974
16176000,-0.47440827,0.21259314,0.34690765
16184000,-0.15754186,-0.21639758,0.09881398
16188000,0.20231003,0.003295623,0.41437888
16196000,-0.23063982,-0.1434629,-0.1276707
16200000,-0.4701211,-0.3266446,-0.3066456
16204000,-0.52497953,-0.072521746,-0.31077185
16212000,-0.56465673,0.3169868,0.06367074
16216000,-0.15352617,0.21814904,0.14143634
16220000,0.22143519,0.349797,0.4216469
16224000,0.4770222,0.32000905,0.445976
16228000,0.99310696,0.24404635,0.18596762
16236000,0.70787835,-0.1265352,-0.29471755
16244000,-0.9870492,-0.055357102,-0.2182788
16248000,-0.47885093,-0.12738048,-0.08766797
16252000,0.22045198,-0.5943806,0.32080382
16256000,0.4343792,-0.70678896,0.6472178
16260000,-0.02613061,-0.20350748,0.25360724
16264000,-0.531217,0.10363442,-0.28135908
16268000,-0.22809209,0.050973885,-0.46740258
16272000,-0.04455779,0.052713662,-0.063137054
16276000,-0.2888673,0.11050894,0.21053205
16280000,0.027933821,0.090534404,-0.23892906
16284000,0.41119084,-0.06382973,-0.3827198
16288000,0.08670492,-0.1620357,-0.045361653
16292000,-0.49742898,0.29709888,0.077857755
16296000,-0.5570945,0.8019899,0.13933416
16300000,0.13588284,0.50848234,0.07014892
16308000,0.35357141,-0.61256135,0.33411872
16312000,-0.007428892,-0.6119356,0.40527782
16320000,0.47485083,0.10891316,-0.20733526
16324000,0.72874415,0.22667213,-0.3555205
16328000,0.56164956,0.013646007,-0.34448987
16332000,-0.025440112,-0.14797255,0.07078008
16336000,-0.550799,-0.22020194,0.7117374
16340000,-0.61128485,-0.50496066,0.8559536
16344000,-0.5585823,-0.51566905,0.4449521
16348000,-0.3944745,0.04952708,-0.05666651
16352000,-0.17111427,0.54611504,-0.4250952
16360000,-0.340269,-0.21115655,-0.7336139
16364000,-0.39445972,-0.2386517,-0.5754473
16368000,-0.4430825,0.3286748,-0.18278083
16372000,-0.35246813,0.59480095,0.3014286
16376000,0.007710427,0.5152618,0.36293322
16380000,0.33024776,0.17636359,0.28651175
16384000,0.5928221,-0.40156853,0.3561102
16388000,0.46960035,-0.30826086,-0.05073309
16396000,0.057617478,0.4245143,0.25718814
16404000,0.088842474,-0.6040395,0.33882278
16408000,-0.16091771,-0.9427099,0.18912163
16412000,-0.55409247,-0.4950046,0.340617
16416000,-0.6679569,0.36193615,0.093527175
16420000,-0.35434657,0.56548446,-0.67447627
16424000,-0.037253812,0.2344044,-0.7259876
16428000,-0.22370468,0.17699125,-0.36462918
16432000,-0.85137725,0.14837019,-0.20731848
16436000,-0.7799368,0.013510859,0.14584035
16444000,0.1262269,-0.22531876,0.09345114
16452000,0.2095817,-0.12783758,0.019945607
16460000,0.39058864,0.14418483,-0.31119138
16464000,0.6238884,0.6228296,0.024547577
16468000,0.0365638,0.61807764,0.18962221
16472000,-0.251824,-0.089121446,-0.17298858
16476000,-0.35265344,-0.5782164,-0.01239543
16480000,-0.30745932,-0.25944704,0.60844886
16484000,-0.043535568,0.49581552,0.24042298
16488000,0.015128918,0.69515395,-0.6712834
16492000,-0.14193489,0.37922442,-0.8005552
16496000,-0.48795798,0.26996422,-0.13739738
16500000,-0.6283839,0.00477542,0.74874645
16504000,-0.10833405,-0.43643734,1.1208414
16508000,0.47700155,-0.66561806,0.3459238
16512000,0.6035337,-0.670872,-0.57568955
16516000,0.6861267,-0.06356312,-0.80571234
16520000,0.8085909,0.76513064,-0.7523441
16524000,0.5362443,0.73704743,-0.29005027
16528000,0.14402807,0.41170508,0.4667917
16532000,-0.25675648,0.4646419,0.9955579
16536000,-0.5325714,0.25401333,0.71647894
16540000,-0.3184554,-0.21251173,-0.040829986
16548000,0.2469455,-0.19900121,-0.3202348
16552000,0.578372,-0.19042867,-0.17647785
16556000,0.6994697,-0.43596214,-0.26069403
16560000,0.28511447,-0.28104806,-0.19324622
16564000,-0.23047222,0.005499356,0.082494274
16568000,-0.50943,-0.075811304,-0.24874279
16572000,-0.7978711,-0.13451079,-0.38356003
16580000,-0.05143866,0.3467512,0.37710747
16584000,0.1779065,0.2223372,0.19093403
16588000,0.110174365,-0.11982401,0.27374613
16592000,0.35413694,-0.32193455,0.45622048
16596000,0.25527334,-0.12351812,0.45225734
16600000,-0.11016583,0.31583306,0.07023436
16604000,-0.08215958,0.43445843,-0.33509225
16608000,-0.16763943,-0.09924495,-0.58791196
16612000,-0.30134746,-0.475865,-0.58971137
16616000,-0.1339447,-0.071585685,-0.3388148
16624000,-0.05675863,0.52264905,0.68667525
16628000,-0.06974614,0.74668276,0.50708187
16632000,-0.1925292,0.11740777,-0.22994904
16640000,0.49741802,-0.5828922,-0.46858382
16644000,0.17583403,-0.4853413,-0.008571968
16648000,-0.39545408,-0.39663696,0.1771107
16656000,-0.41273725,-0.16515021,0.28067708
16660000,0.31139997,-0.30022958,0.5016429
16664000,0.586353,-0.27260277,0.2849105
16668000,0.06358226,-0.19100368,-0.32829815
16672000,-0.4713072,0.048401117,-0.49437147
16676000,-0.5669647,0.5180331,-0.2679266
16680000,-0.5190152,0.949778,-0.086695455
16684000,-0.14577925,0.6507776,0.015449313
16692000,0.22395107,-0.14137048,-0.016259968
16696000,0.7269404,0.31490207,-0.16885236
16700000,1.011851,0.22618659,-0.19072175
16708000,-0.17499067,-0.26610506,0.43227357
16712000,-0.632995,-0.29592347,0.35003015
16716000,-1.0210354,-0.27703854,0.23027368
16720000,-0.6584427,-0.09539029,0.30638182
16724000,0.10995528,-0.007463776,0.017066218
16732000,0.36073375,-0.5771442,-0.35214967
16736000,0.09853846,0.05968064,0.08698124
16740000,-0.5762901,0.58604276,0.09177046
16744000,-0.5435647,0.45579326,-0.080477536
16748000,-0.053378746,0.07385486,0.14700052
16752000,-0.113616,-0.28585607,0.3859304
16756000,-0.1966144,-0.3558967,0.2674687
16760000,-0.13007408,0.118012026,0.065233685
16768000,-0.09677111,0.13181354,-0.41629744
16772000,0.18468952,-0.6396065,-0.559155
16780000,-0.2932055,-0.19131684,-0.20250556
16784000,-0.38021147,-0.04001192,0.14956209
16788000,-0.19252555,0.26111308,0.2211597
16792000,-0.2762019,0.86887485,-0.007482197
16796000,-0.22105107,0.7908901,-0.057872888
16804000,-0.16214411,-0.31454048,0.032613248
16808000,-0.106908195,-0.5381787,0.43581828
16816000,0.19961235,-0.37834632,0.53981775
16824000,-0.091555424,-0.03512421,-0.8330783
16828000,0.42449167,-0.10536905,-0.7576748
16832000,0.44606987,0.026051752,-0.2935435
16836000,0.3898118,0.12003532,0.18966997
16840000,0.42132318,-0.01735539,0.33976483
16844000,0.09166223,-0.01765931,0.070364
16848000,-0.04170817,-0.14567769,0.109237865
16852000,0.26558217,-0.06772503,0.288711
16856000,0.5025635,0.27410153,-0.1603074
16860000,0.41870177,0.016447634,-0.43381146
16864000,0.32356817,-0.11536849,-0.0830335
16868000,0.35731715,0.20718476,-0.005953446
16872000,-0.022135511,0.16155356,0.07615492
16876000,-0.65531164,-0.31370193,0.45340982
16880000,-0.692745,-0.60566676,0.37150043
16884000,-0.51249516,-0.29532436,-0.14490247
16888000,-0.8763243,0.14404708,-0.41479236
16896000,0.10442674,-0.16149934,-0.29751658
16900000,0.6386955,-0.19310738,-0.16915283
16904000,0.33157986,0.040090777,0.07646064
16908000,-0.18323776,0.051994547,0.48074758
16912000,-0.25321907,-0.17691179,0.32970065
16920000,0.112509444,0.40218002,0.1512841
16924000,0.13951463,0.48232526,0.23176393
16928000,0.359428,-0.029386654,0.11965861
16936000,0.3325222,0.20067222,-0.124092385
16940000,0.7178214,0.14465144,-0.51714355
16948000,-0.5131626,0.018734902,0.0898236
16952000,-0.79552484,0.25408947,0.19507861
16956000,-0.18666273,0.2419356,-0.029076964
16960000,0.37170163,0.097227454,0.27466196
16964000,0.12518817,-0.075903505,0.6447956
16968000,-0.084683344,-0.3056938,0.55142486
16976000,0.12323734,0.16439627,-0.43229967
16980000,0.17745875,0.7906342,-0.7661544
16984000,0.2098328,0.34544548,-0.19315171
16992000,-0.28306875,-0.40553916,0.5522557
16996000,-0.059066698,-0.31513074,-0.013303265
17000000,0.19364761,0.17539918,-0.35348314
17008000,-0.3329867,0.53443587,-0.14938575
17012000,-0.05095455,0.13639483,-0.112024724
17016000,-0.22755532,-0.26398733,-0.12302138
17020000,-0.15074755,-0.28652856,-0.108310245
17024000,0.023397917,-0.17769247,0.21395838
17028000,-0.12745094,-0.120895594,0.30170876
17032000,-0.42174798,0.3596903,0.19169758
17036000,-0.6333921,0.8296342,0.15365934
17040000,-0.33069414,0.55687034,-0.242336
17044000,-0.046844315,0.010136336,-0.7524666
17048000,-0.06552036,-0.20870586,-0.64292455
17056000,-0.22679988,-0.7881131,0.3582759
17060000,-0.02446974,-0.83344764,0.37187946
17064000,0.22974166,-0.73355067,0.11972814
17068000,0.3718832,-0.24728748,0.08394307
17072000,0.21505286,0.3069779,0.32146305
17080000,-0.77082556,1.1005714,0.17520927
17088000,0.32749745,-0.14971118,-0.45621955
17092000,0.4956858,-0.5050584,-0.42677978
17096000,0.30760387,-0.24218293,-0.42141485
17100000,-0.003030509,0.089853376,-0.2558505
17104000,-0.09019979,0.080644324,-0.03372108
17108000,0.14481975,-0.37293112,-0.015293378
17112000,0.14023846,-0.3267916,-0.24122334
17120000,-0.23238385,0.25753608,0.2470252
17124000,-0.029139813,0.04594122,0.5829559
17132000,-0.2687798,-0.23913726,0.29977983
17136000,0.12109548,-0.014467796,-0.12485449
17140000,0.31009907,0.05492308,-0.6600008
17144000,0.20457721,-0.07960664,-0.31596854
17152000,-0.095992595,0.11281733,0.15258646
17160000,0.37748888,-0.4856835,-0.07150447
17164000,0.34259927,-0.28178138,0.23961408
17168000,0.09207067,0.17456472,0.3480379
17172000,-0.056284737,0.33235177,0.39167556
17180000,-0.89544624,-0.01897657,-0.1659175
17184000,-0.8486987,0.07781519,-0.22179548
17188000,-0.35827887,0.27311411,-0.6878501
17192000,0.39832726,0.05730825,-0.58683777
17200000,0.17509517,-0.07001769,0.45926815
17208000,-0.039254956,0.1908435,-0.064059034
17216000,0.005483076,0.11032635,-0.4532487
17220000,-0.18987218,0.06918964,-0.48768458
17224000,0.013928488,0.029431026,-0.019899607
17232000,0.12062196,-0.086656064,0.1615077
17236000,-0.19834119,-0.56390315,0.43024504
17240000,0.3401187,-0.013727427,0.5751462
17248000,0.51404625,0.034447357,0.03642614
17252000,-0.36928597,-0.08581058,-0.1555286
17256000,-0.57761025,-0.15585549,-0.4064069
17264000,0.210524,-0.1954031,-0.22617947
17272000,0.32218686,-0.073660046,-0.12089564
17276000,0.06760341,0.33662528,0.2508969
17280000,-0.1251634,0.6427245,0.64885163
17284000,-0.09554456,0.25132906,0.483038
17288000,0.18235505,-0.56028676,-0.014143083
17296000,0.15206587,-0.53337693,-0.50414836
17300000,-0.06915492,0.44610912,-0.31948796
17304000,-0.67475826,0.99519515,0.035034493
17308000,-0.50206727,1.2020056,0.24216399
17312000,0.046543792,0.87481534,0.19772398
17316000,0.060527578,0.055690467,0.19764653
17320000,0.20692202,-0.43292627,0.08430594
17324000,0.39757654,-0.6346184,-0.002551963
17332000,-0.6300715,-0.24685061,-0.021953283
17336000,-0.75421137,-0.20073308,0.25861603
17340000,-0.33673868,0.1326181,0.045190245
17344000,0.33909047,0.40429696,-0.6254822
17348000,0.9076836,0.052745,-0.7714727
17352000,0.73420817,-0.26528174,-0.57412064
17356000,0.28980803,-0.3507184,-0.5822683
17360000,-0.12748224,-0.32125267,-0.04929696
17364000,-0.56478935,0.091681615,0.79222083
17368000,-0.6391232,0.30091175,0.8107375
17372000,-0.6269716,0.17194891,0.4310256
17376000,-0.28959855,0.25477305,0.15914802
17380000,0.30973876,0.43006834,0.1634622
17384000,0.48235548,0.27103007,0.39652854
17392000,0.41655415,-0.39505693,-0.09443922
17396000,-0.2498384,-0.3425743,-0.13218117
17400000,-0.80354637,-0.12235722,0.04380219
17404000,-0.64295757,0.23805004,0.3675589
17408000,-0.3424046,0.39136863,0.3194232
17412000,0.19762953,0.16530003,-0.08728248
17416000,0.43210512,-0.15146883,-0.22408527
17420000,0.17117244,-0.3207819,-0.07741107
17424000,0.29428703,-0.125819,-0.11941567
17432000,0.15216321,0.09952414,-0.3627205
17436000,-0.017886657,0.03506837,-0.46140197
17440000,0.041285403,0.04934596,-0.4357139
17448000,-0.58246386,0.3715543,0.2139011
17452000,-0.79894763,0.6343152,-0.21061699
17456000,-0.63088095,0.4207058,-0.2415184
17464000,0.20211956,-0.5119928,0.6853448
17468000,0.35352978,-0.8025919,0.36603206
17476000,0.2219978,0.5578989,0.70639336
17480000,0.20292556,0.72290564,0.64524865
17484000,0.20192905,0.18110663,-0.11666739
17488000,0.22306918,-0.21400572,-0.46694317
17492000,0.12769404,-0.30429065,-0.2996125
17496000,-0.033081762,-0.30126393,-0.37643558
17504000,-0.22432727,-0.2212931,-0.5563226
17508000,-0.25749338,0.005348131,-0.4794296
17512000,-0.22393036,0.12901862,-0.18083659
17516000,-0.10922363,0.0367732,0.027421407
17520000,0.24701141,-0.26871076,0.38453978
17528000,-0.27602553,-0.4863333,0.23073967
17532000,-0.8810199,-0.1847507,-0.40470874
17536000,-0.55076647,0.14528364,-0.57945615
17540000,0.38439617,-0.1398702,0.16343111
17544000,0.69521046,-0.28312418,0.8562582
17548000,0.10987683,-0.14989728,0.73868734
17552000,-0.48323953,-0.08546682,0.15255062
17556000,-0.3084541,0.10297278,-0.5306854
17560000,0.39098814,0.18987001,-0.635871
17568000,0.15815508,0.64015096,0.603399
17572000,-0.1296092,0.30673927,0.16370666
17576000,-0.38092858,-0.3275287,-0.35177255
17580000,-0.15733728,0.01205042,-0.27704436
17588000,-0.096169814,-0.004013419,-0.5380229
17592000,-0.48278013,-0.5094204,-0.41795325
17596000,-0.22028989,-0.48992807,-0.25183457
17600000,0.062391568,-0.022438005,0.13062239
17608000,0.03930996,0.6894922,0.005132094
17612000,0.039336074,0.13580117,-0.31719565
17616000,-0.34986272,-0.29173756,-0.32065713
17620000,-0.6858714,-0.48640028,-0.16573852
17624000,-0.29033995,-0.500095,0.24969973
17628000,0.32880163,-0.29316688,0.63751686
17636000,0.29035616,-0.053402223,-0.2797486
17640000,0.12503412,-0.34823936,-0.84051895
17644000,0.085250184,-0.1568408,-0.33962768
17652000,0.33000943,0.5505173,0.3314923
17656000,0.124113336,0.33171165,0.39950275
17660000,-0.1381032,-0.024487264,0.5244826
17664000,-0.3094681,-0.18922895,0.21869808
17668000,-0.41829786,-0.32377863,-0.27647698
17672000,0.0507659,-0.16343588,-0.45316827
17680000,0.5564575,0.8046998,-0.1261031
17684000,-0.023292065,0.56792295,-0.061025992
17692000,0.21998383,-0.13808894,0.2909218
17700000,0.81011546,0.27818483,0.046533003
17704000,0.13032198,0.02751837,0.1380793
17708000,-0.5220758,-0.18120217,-0.106526196
17712000,-0.74766344,-0.42770025,-0.32373235
17720000,0.14155164,-0.05486381,-0.4412607
17724000,0.23389095,0.27069384,-0.0746699
17728000,0.07568554,0.2973218,0.5684126
17736000,0.015010692,-0.23389079,0.5586688
17740000,-0.0724435,-0.27102074,0.0747513
17748000,-0.24581462,0.44759184,-0.41109937
17756000,-0.17037757,-0.5089851,-0.5405676
17760000,0.0703094,-0.43632966,0.051841795
17768000,0.24326971,0.48988983,0.49663848
17772000,0.34889367,0.038507253,0.008717909
17776000,0.2351353,-0.52785623,-0.6175231
17784000,0.112523615,-0.17466427,-0.20725943
17788000,-0.09257125,-0.06367108,-0.053659342
17792000,-0.15720741,0.27177727,0.3796393
17796000,-0.20033473,0.30248523,0.5279738
17804000,-0.095249996,-0.2815979,0.0720002
17808000,-0.27554736,-0.3217318,0.11452469
17812000,-0.2636815,-0.023707196,0.002652319
17816000,0.20320699,0.3806006,-0.33263612
17820000,0.44565985,0.16370201,-0.7542483
17824000,0.006699503,-0.11037354,-0.63905406
17832000,-0.008292124,0.5483755,1.0318666
17836000,0.11601014,0.6898556,0.5426916
17840000,-0.09969537,0.5260956,-0.17817432
17844000,0.19931798,0.18693891,-0.29303014
17852000,0.1339603,-0.6861421,0.081204616
17856000,-0.21991736,-0.59135306,0.21111314
17860000,-0.2524264,-0.08885,-0.07947601
17864000,0.12055459,0.24234094,-0.10291202
17868000,0.57454354,-0.12465295,0.06468521
17876000,-0.028190672,-0.12661028,0.11463653
17880000,-0.36698556,0.14253785,0.32839507
17884000,-0.18624368,0.108739264,0.23660839
17888000,0.14304654,-0.24659234,-0.21334398
17892000,-0.30452853,-0.4109987,-0.031981498
17896000,-0.7428489,-0.33496144,0.32457238
17900000,-0.3007065,-0.22066142,-0.05075702
17904000,-0.15872833,0.21094441,-0.2740778
17908000,-0.48514447,0.52104396,-0.35621887
17916000,0.49857798,-0.06950253,-0.74893844
17920000,0.46225226,-0.35828757,-0.4672266
17924000,0.38289154,-0.07191266,-0.25592485
17928000,0.41041052,0.31118253,-0.034505747
17932000,0.1874137,0.46457624,0.5704946
17936000,-0.15190578,0.18137453,0.8348661
17940000,-0.303015,-0.3322242,0.3526466
17944000,-0.06816732,-0.20167181,-0.13564777
17952000,-0.28503636,0.3502066,0.14203417
17956000,-0.33064777,-0.23044023,0.1319086
17960000,-0.35879922,-0.49108085,-0.083019674
17964000,-0.53419054,-0.40903497,-0.44196913
17968000,-0.21088316,-0.16569868,-0.50437856
17972000,-0.10439264,0.10859986,-0.2903065
17976000,-0.11875439,0.12830456,0.001280076
17980000,0.3326797,0.14694227,0.7068011
17984000,0.4464403,0.051854815,1.2243102
17988000,0.070443794,-0.308252,0.8260924
17992000,-0.3438172,-0.67528725,-0.2901912
17996000,-0.48187137,-0.5219916,-0.92600614
18000000,-0.13826582,-0.02321127,-0.3553381
18004000,0.26144323,0.22894636,0.13719723
18012000,0.5207086,0.7817614,0.027590742
18016000,0.44094795,0.42167443,-0.13000467
18020000,-0.3521118,-0.028556779,-0.14696524
18024000,-0.64277613,0.17180216,0.08812645
18032000,0.48385096,0.21607119,0.14692922
18036000,0.5117958,-0.12433688,-0.057756774
18040000,-0.028296232,-0.20483601,-0.2724289
18044000,-0.18894434,-0.009371355,-0.5438413
18048000,-0.3662405,0.09875809,-0.6566956
18056000,0.51325643,-0.0956759,0.47202232
18060000,0.7016851,-0.24357283,0.6687211
18064000,0.19734302,-0.2800712,0.6466223
18072000,-0.3218114,-0.12573473,-0.49349082
18076000,-0.13378727,0.26998693,-0.8681159
18080000,-0.2656744,0.5587388,-0.59001815
18084000,-0.31612098,0.5354353,-0.19846529
18088000,-0.21974283,0.3900783,-0.15059681
18096000,-0.35175633,-0.3405748,0.05263225
18100000,-0.039863683,-0.58891964,0.28012273
18104000,-0.013712231,-0.53336173,0.4840849
18112000,0.078395694,-0.11663203,0.012273781
18116000,-0.07543568,-0.17150523,0.01255824
18120000,-0.09296342,-0.1914446,0.155053
18124000,0.003369086,0.01285015,0.12865098
18128000,0.27371627,0.37147698,-0.16215242
18132000,0.5923828,0.21537706,-0.30233046
18136000,0.6556514,0.08497396,0.2216422
18140000,0.4470508,0.34784946,0.71336144
18144000,-0.23026878,0.49131525,0.31811613
18148000,-0.72690165,0.38285872,-0.37150878
18152000,-0.1788289,-0.008542672,-0.47696406
18160000,0.6836084,-0.40099806,0.050976116
18164000,0.71137977,-0.19349925,0.17045368
18168000,0.49299085,-0.05337396,0.05777554
18176000,-0.22003762,0.04543283,0.092161044
18180000,-0.34944722,0.23787278,-0.000881241
18184000,-0.35387468,0.12038751,-0.24094203
18188000,-0.079804614,0.08414905,-0.36075315
18192000,0.36528885,0.3363006,-0.45746738
18196000,0.48950052,0.33859357,-0.31550753
18204000,0.07211532,-0.13916615,0.080604464
18212000,0.030392205,0.4024562,-0.13896972
18216000,0.20573622,0.36888415,0.27971047
18220000,0.2694921,-0.22032699,0.4977103
18228000,0.0989319,-0.63292843,0.23725711
18232000,0.002366984,-0.64669627,0.23997673
18240000,-0.2509663,0.12116711,0.089781575
18244000,-0.15106392,0.23320839,0.20851709
18248000,-0.09646851,0.092385285,-0.036368564
18256000,-0.06915538,0.17951237,-0.3350256
18260000,-0.089724824,0.18752575,-0.28848857
18264000,0.08764728,0.49587095,-0.77264637
18268000,0.23348416,0.1600158,-0.52901757
18272000,0.19352698,-0.7203661,0.39415208
18276000,-0.062622204,-0.5989021,0.6355003
18280000,-0.56983954,0.226942,0.25629973
18284000,-0.56461054,0.24652788,-0.2265351
18288000,0.026255757,-0.1238949,-0.51689976
18292000,0.6133502,-0.17142875,-0.18486682
18296000,0.6565732,-0.31132874,0.37418786
18300000,0.4254458,-0.44336045,0.4205335
18304000,0.23352052,-0.39171183,0.29942515
18312000,-0.3561358,0.80110466,0.35020274
18316000,-0.108070426,1.0089834,-0.11182019
18320000,0.3644517,0.6145071,-0.4211658
18324000,0.51301104,0.0989622,-0.47814095
18328000,0.36229646,-0.26804975,-0.01682724
18332000,-0.018033545,-0.46420598,0.6481589
18336000,-0.5599518,-0.41882533,0.47675067
18340000,-0.6553173,-0.19303729,-0.3578491
18344000,-0.7545732,0.018062457,-0.7102211
18348000,-1.0012422,-0.16098729,-0.33641624
18352000,-0.2854524,-0.36377293,0.20700729
18356000,1.0221428,-0.051369898,0.33296084
18360000,1.2895368,0.08481872,0.10013302
18364000,0.60990757,-0.40983126,0.10410628
18372000,0.10410231,0.1064823,0.19045562
18380000,-0.879666,0.66899574,-0.12780032
18384000,-0.69050205,0.31348622,-0.12796257
18388000,-0.051413447,0.29994243,0.24063721
18392000,0.22442743,0.25971597,0.38514262
18396000,-0.051233545,0.03318816,-0.12281802
18400000,-0.19731618,-0.41495714,-0.6951644
18404000,-0.19157381,-0.5247289,-0.8361322
18408000,-0.11838466,-0.0644013,-0.4860622
18412000,0.12499253,0.083926186,0.058679327
18420000,0.08837541,-0.11150158,0.21503288
18428000,0.10106468,0.38237488,0.4353265
18432000,-0.06679441,0.6618178,0.08516228
18436000,-0.54534924,0.25722048,-0.31444484
18440000,-0.8176073,-0.16782525,-0.4171813
18448000,-0.22269396,-0.29290122,-0.21164416
18452000,0.11793899,0.053600505,0.17946863
18456000,0.3323996,0.38050264,0.069984265
18460000,0.3724337,0.22371759,-0.4989126
18464000,0.5650725,0.001091149,-0.4479137
18468000,0.6414838,-0.31555963,0.3036464
18472000,0.40683794,-0.6127523,0.5741288
18476000,-0.041204467,-0.27184778,0.42951578
18480000,-0.34505832,0.4632098,0.2834891
18488000,-0.14532208,0.29031834,-0.23758721
18492000,-0.03721717,0.023278669,-0.286711
18496000,0.1399225,0.38734794,0.030029655
18500000,0.08178125,0.31613356,0.09063266
18508000,0.14333105,-0.729288,0.1779185
18512000,-0.1323165,-0.47828883,0.24198803
18516000,-0.26032072,-0.16586229,-0.03569024
18520000,-0.17571993,0.27071324,-0.14486498
18524000,0.001250021,0.43580782,0.03501568
18528000,0.021641046,0.16996808,-0.0018044
18536000,-0.3908849,-0.01860091,-0.31846786
18540000,-0.19495156,-0.3492268,-0.59441423
18544000,0.25148356,-0.013861574,-0.07716395
18552000,-0.18473056,-0.005212903,0.64081323
18556000,-0.4868382,-0.90242666,-0.1689488
18560000,-0.105760485,-0.4678417,-0.49536562
18564000,0.18137197,0.4952032,-0.5484828
18568000,0.04625444,0.6292411,-0.24020174
18576000,0.3089647,0.05998911,0.1354837
18580000,-0.05806689,-0.48404604,0.40135112
18584000,-0.29969817,-0.6946661,0.43117368
18588000,-0.09407333,-0.3616196,0.018460557
18592000,0.07896653,0.2746144,0.14108112
18600000,-0.050701216,0.26407796,0.19844139
18604000,-0.1047156,-0.05638039,-0.6750917
18608000,-0.37711245,-0.19195122,-0.84346855
18616000,0.30756867,0.039117947,0.001865596
18620000,0.9009262,0.035768956,0.31858304
18624000,0.7933552,-0.053333916,0.49821866
18628000,0.25190458,-0.17261317,0.44875088
18632000,-0.5586617,-0.1985074,-0.15898536
18636000,-0.7842737,-0.29472607,-0.7074747
18640000,-0.12405422,-0.24166043,-0.3232298
18644000,0.10448437,-0.028680392,0.20233199
18648000,0.13650751,-0.07185115,0.020408869
18652000,0.38731483,-0.001940005,-0.21052466
18656000,0.010085568,0.24366811,-0.03091538
18660000,-0.5110433,0.22293067,0.071117476
18668000,0.053349286,0.021876993,-0.21089074
18672000,0.21378048,0.29133844,0.45579657
18676000,0.14799191,0.13970104,0.6860635
18680000,-0.17935848,-0.28449222,0.22734396
18684000,-0.12632231,-0.438213,-0.45004982
18692000,-0.24580297,0.39528528,-0.2510301
18696000,0.043397665,0.2886778,0.23909026
18700000,0.22533767,0.37235427,0.32396448
18704000,0.38030437,0.20393355,0.005632959
18712000,-0.36308396,-0.5597838,-0.48845464
18720000,0.2705722,-0.2585429,0.14585909
18728000,0.100395314,0.12078363,-0.4018948
18732000,-0.14880785,0.1842927,0.15236112
18736000,-0.281936,0.20291018,0.6696843
18740000,0.030468449,-0.22926024,0.6272137
18744000,0.2691071,-0.4646355,0.94463545
18748000,-0.12152137,-0.14927214,0.5851441
18752000,-0.46416244,0.27954608,-0.60846627
18760000,-0.09163857,0.2834669,-0.35925224
18764000,0.033883587,-0.26165843,0.3077122
18768000,0.015712246,-0.15975112,0.51815706
18772000,0.17817438,0.11381232,-0.13062304
18776000,0.56213665,-0.09141989,-0.74742305
18784000,0.59824586,0.029661726,0.087066375
18788000,0.14764652,-0.10406969,0.4440418
18792000,-0.15549724,0.008546677,0.46849447
18796000,-0.3124445,0.38242963,0.21714503
18804000,-0.4011663,0.28324956,-0.3482164
18808000,-0.25383413,-0.4491967,-0.17914665
18812000,0.5777321,-0.9236474,0.114801526
18820000,0.5692735,0.7363723,0.3172409
18824000,0.35335833,0.7178438,0.36757702
18828000,0.27382374,-0.07729733,0.2521844
18832000,-0.3054778,-0.35718352,-0.32386816
18836000,-0.62437093,0.0551178,-0.58799005
18840000,-0.3592737,0.23859109,-0.13522719
18844000,0.20471482,-0.005230904,0.49297917
18848000,0.5457592,-0.07015547,0.23067625
18852000,0.32516778,0.028107308,-0.32336807
18860000,-0.12474031,-0.33505586,-0.591027
18864000,0.28762496,-0.09632835,-0.45781425
18868000,-0.055290654,-0.051806703,0.554403
18872000,-0.55377483,0.08361232,1.1484295
18876000,-0.18573889,0.67168355,0.6306956
18880000,0.32037953,0.7461186,-0.025001869
18888000,0.40039253,-0.28125283,-0.31008893
18892000,0.067180455,-0.19920973,0.04449971
18896000,-0.44311923,-0.5112148,0.092625245
18900000,-0.55472785,-0.6137904,0.16402233
18908000,0.43764073,0.88571686,-0.30000472
18912000,0.1745483,0.81209576,-0.7523873
18916000,-0.1741723,-0.062081546,-0.53368986
18920000,0.049906023,-0.3127395,-0.17853183
18928000,0.28852567,0.15507354,0.113119185
18932000,0.13881785,-0.5061804,0.2083333
18936000,0.033680804,-0.53001785,-0.2154182
18940000,-0.42952168,0.05946119,-0.68236625
18944000,-0.7386806,0.5681201,-0.6301418
18948000,-0.2543647,0.6690871,-0.052423865
18952000,0.18304336,0.25169593,0.61984694
18956000,0.22676744,-0.17889068,0.8920289
18964000,0.28860146,-0.31027037,0.48867556
18968000,-0.004979644,-0.08012885,-0.02563186
18972000,-0.04975385,-0.08382726,-0.56807667
18976000,-0.018989557,-0.13435584,-0.28995216
18980000,-0.040957555,-0.06510198,0.38876194
18988000,-0.3964815,0.47674084,0.029194027
18992000,-0.20526665,0.83853155,-0.19226873
18996000,0.29395887,0.26028493,-0.084952265
19000000,0.6957521,-0.6282294,0.25221932
19004000,0.53737384,-0.4216811,0.31509143
19008000,0.063027814,0.1908268,0.10553599
19012000,-0.53163856,0.32851923,0.006813549
19020000,-0.935055,-0.4952642,-0.09763594
19024000,-0.03341131,-0.5560661,-0.36996162
19028000,0.794923,-0.14605373,-0.43657845
19032000,0.6836064,0.1535971,-0.23160759
19036000,0.1617867,0.14217803,0.08765397
19044000,0.24432768,-0.18262239,-0.19175014
19052000,0.16889855,-0.017046347,0.14103419
19060000,-0.16327888,0.14173073,0.22799209
19064000,-0.7243064,0.1229752,0.051170282
19068000,-0.8697768,0.30592552,-0.24400079
19072000,-0.34593716,0.29342812,-0.11628228
19076000,0.15933779,-0.20273064,0.26754355
19080000,0.18191049,-0.76076376,0.2961682
19084000,-0.14496335,-0.7331858,0.21800384
19088000,-0.18703084,-0.28656688,0.042554617
19092000,0.06553416,0.14494541,-0.48933885
19096000,-0.10907808,0.4822001,-0.978567
19100000,-0.14245912,0.22125149,-0.52109504
19104000,0.24511023,-0.23753059,0.46796685
19108000,0.26901788,-0.46177176,0.83417857
19112000,-0.18269157,-0.29327023,0.71522796
19116000,-0.39692715,0.41810167,0.41464555
19120000,-0.12651408,0.5731318,-0.050287403
19124000,0.005273357,-0.01499629,-0.47630024
19128000,-0.039858744,-0.6495804,-0.3535961
19136000,0.5217327,0.1382088,0.10162159
19140000,0.9265735,0.38866904,0.19014728
19144000,0.7444949,-0.08228119,0.20417555
19148000,0.020690858,-0.5771751,0.4216917
19152000,-0.36778682,-0.23043649,0.35996702
19156000,-0.5403147,0.817524,-0.3329684
19164000,-0.60645276,0.7982849,-0.53874683
19168000,-0.03378527,-0.07925326,-0.43075037
19172000,0.62976694,-0.6838706,-0.73620987
19180000,-0.07400152,-0.13254425,0.14918281
19184000,-0.26635337,0.036145,0.34686106
19192000,-0.5463561,-0.02529877,0.3060383
19196000,-0.58463645,0.2450205,0.11923589
19200000,-0.1863966,0.4874462,0.2663448
19208000,0.36941358,-0.17515554,-0.26123172
19212000,0.4769562,-0.04358118,-0.5895975
19216000,0.3817761,-0.0752012,-0.38988495
19220000,0.18705785,-0.24463671,-0.18996277
19224000,0.011923225,-0.08896388,0.09058349
19228000,-0.25141418,0.25893795,0.2691169
19232000,-0.31296524,0.20536186,0.07387963
19240000,0.0972367,0.38702732,0.2208642
19244000,0.46420932,-0.39065257,0.33946517
19248000,0.5958243,-0.8004012,0.19552183
19252000,-0.17685455,-0.7472956,0.13370545
19256000,-0.6415572,-0.75131345,0.041746415
19264000,0.19813707,-0.123009354,-0.27478778
19268000,0.3834962,0.94586426,-0.36472496
19272000,0.3732776,1.1872916,-0.5473813
19276000,-0.011709116,0.29957318,-0.16050476
19280000,-0.39264688,-0.001288995,0.241211
19284000,-0.6082717,0.52395785,0.08781797
19292000,-0.3232772,0.15858431,0.21501744
19300000,0.5178954,-0.28953868,-0.4063251
19304000,0.90160537,-0.15996377,-0.55051076
19308000,0.4107741,-0.2486283,-0.08843978
19312000,-0.482881,-0.49804896,0.58147705
19320000,-0.14975959,-0.30843118,0.04416027
19324000,0.3507975,0.2368131,0.027840003
19328000,0.31812784,0.8488176,0.07799336
19336000,0.09866206,0.34337157,-0.07548844
19340000,-0.053215943,0.13642932,-0.09786591
19348000,-0.62000906,-0.0487858,0.1955011
19352000,-0.6824007,3.76E-05,-0.17034107
19356000,-0.21201682,-0.3561505,-0.39010066
19360000,0.54394233,-0.5079597,-0.30768958
19364000,0.6419178,-0.19510613,-0.25097415
19368000,0.5216156,0.1600892,-0.0775181
19372000,0.29745016,0.12377626,0.23090753
19380000,-0.31352332,-0.057777144,0.30113053
19384000,-0.19153862,0.26440132,-0.22114056
19388000,0.062599234,0.061128713,0.055841386
19392000,0.33471313,-0.23116294,0.5109777
19396000,0.054721996,-0.012729906,0.32141107
19400000,-0.26814497,0.21799892,0.01696746
19404000,-0.27637774,0.047360078,-0.099678874
19408000,0.013254114,0.003915355,-0.4267314
19412000,0.25954857,-0.08828011,-0.41198054
19416000,-0.06199181,-0.32813084,0.048692375
19420000,-0.5476723,-0.1626057,0.003891029
19424000,-0.58985925,0.28166372,-0.18911713
19428000,-0.07290026,0.63614017,-0.030357964
19432000,0.67329746,0.34387398,0.08080104
19440000,0.5253154,-0.7741364,-0.16257662
19444000,0.25686857,-0.71541584,-0.11242832
19448000,-0.04825661,-0.37879372,0.2589007
19452000,-0.6434135,-0.095631,0.532067
19456000,-0.8199376,0.13743073,0.5036302
19460000,-0.43327844,0.21295205,0.15423164
19464000,-0.047271967,0.09510425,-0.1333154
19468000,0.16516116,0.1225563,0.030164264
19472000,0.27791235,0.20096081,0.092799306
19476000,0.23478414,0.3726325,-0.29173246
19480000,0.29220468,0.44621715,-0.5766417
19484000,0.61681,0.23658079,-0.43525487
19488000,0.6235638,0.31290928,-0.1475442
19492000,0.015805155,0.34001172,0.15293573
19496000,-0.3262137,-0.018412992,0.32676068
19500000,0.15056452,0.047041647,0.03832826
19504000,0.6783553,0.31511623,-0.1302178
19512000,0.040028006,-0.7793609,-0.15249759
19516000,-0.19933584,-0.43629754,-0.27215683
19520000,-0.25901717,0.26911008,-0.0968741
19528000,0.22004928,0.19527526,-0.17210789
19532000,0.03022492,-0.22153184,-0.30613828
19536000,0.15875027,-0.68728745,-0.118036374
19544000,0.27254266,-0.41864842,0.18412219
19548000,0.25295833,0.20383136,0.30469492
19552000,0.08453214,0.7397314,0.3964351
19556000,-0.21632136,0.6391846,0.6308372
19560000,-0.31161726,0.36725265,0.56414264
19564000,-0.14979394,0.097298786,0.12883061
19568000,0.09571387,-0.5453406,-0.13614345
19572000,0.23084486,-0.7095282,-0.13347504
19576000,0.10652736,-0.35942206,-0.33646142
19584000,-0.36209616,0.53708535,-0.13583684
19588000,-0.42963684,0.11767149,0.25997937
19592000,-0.24488357,-0.5358785,0.23021571
19596000,0.18893088,-0.52224696,-0.04103291
19600000,0.22586486,0.047733426,-0.20464414
19608000,0.09949535,0.5813112,-0.07994106
19612000,-0.018525697,0.4317229,-0.23733108
19616000,-0.26638472,0.3239952,-0.23023044
19620000,-0.052180625,-0.079839125,-0.009654462
19624000,0.22462463,-0.33715105,0.2373644
19632000,-0.2516097,0.22559369,0.1551683
19636000,0.010427613,0.040274747,-0.3912599
19640000,0.3663838,-0.52928036,-0.32180077
19644000,0.2197715,-0.7963772,0.47681522
19648000,0.086904846,-0.5368051,0.5158676
19652000,0.17485191,-0.102580056,-0.07804641
19656000,0.25042802,-0.16131902,-0.08269286
19660000,-0.024336897,-0.35478595,-0.004457273
19668000,-0.35156536,0.03121062,0.0376735
19672000,-0.13919316,-0.30426472,0.001222029
19676000,0.33776212,-0.1894033,-0.33264518
19684000,-0.08171746,0.11204499,1.0064306
19688000,-0.23960567,0.20185858,1.0281106
19692000,0.06353468,0.54506594,0.105957136
19696000,0.014120445,0.6475856,-0.5920728
19700000,-0.19731423,0.56182027,-0.7218035
19704000,0.42420438,0.24462083,-0.6931434
19708000,0.9485241,-0.24931654,-0.58713883
19712000,0.23926216,-0.44485173,-0.59634304
19716000,-0.48550776,-0.36755723,-0.6464332
19720000,-0.6789108,0.008053482,-0.19442956
19724000,-0.9426501,0.46722808,0.6424158
19728000,-0.63360214,0.621438,1.1925884
19732000,0.18300577,0.4185239,0.98037684
19736000,0.6782539,-0.3692431,0.16112477
19740000,0.6473238,-0.71315897,-0.21030903
19744000,0.29437673,-0.2847808,-0.1879696
19748000,-0.021731991,-0.030658022,-0.41050664
19756000,-0.33875096,0.3298732,0.5931756
19760000,0.23213609,0.48622793,0.47280222
19764000,0.25562266,0.54906684,-0.12976727
19772000,-0.24489817,-0.6840775,-0.4403918
19776000,-0.005651819,-1.0482702,0.064537674
19780000,-0.17101452,-0.74814165,0.38224995
19784000,-0.34193993,-0.17893709,0.17977816
19788000,-0.12288634,0.34176633,-0.32892066
19792000,0.07894025,0.461418,-0.53320086
19796000,0.10464959,0.34513885,-0.3024566
19800000,0.33408862,0.18399148,-0.07707975
19808000,0.22971699,-0.44854993,0.024250995
19812000,-0.051996034,-0.5752722,0.34353948
19816000,-0.36745438,-0.36564535,0.63641334
19824000,-0.749008,-0.33763558,-0.044842944
19832000,-0.8314424,-0.22474636,-0.06365049
19836000,-0.23458444,-0.34623295,0.16974366
19840000,0.406641,-0.41079554,0.000448804
19848000,0.4443688,-0.4595652,0.013042405
19852000,-0.4800655,-0.034096792,-0.24265546
19856000,-0.77394354,-0.07354714,-0.56026995
19860000,-0.6038541,-0.6287167,-0.38095987
19864000,-0.41388962,-0.97118634,-0.16270222
19868000,-0.20807967,-0.8380584,-0.41742778
19872000,-0.30033937,-0.43202287,-0.38472193
19876000,-0.092677474,-0.3491714,0.32501072
19880000,0.28419834,-0.711074,0.55455995
19884000,-0.09496766,-0.7576073,0.07717034
19888000,-0.4881049,-0.5393273,3.57E-05
19892000,-0.5835341,-0.5304328,-0.08828178
19896000,-0.9667818,-0.5409865,-0.3595712
19900000,-1.0292517,-0.41267943,0.12434597
19904000,-0.41856855,-0.4503532,0.54843724
19908000,0.099355794,-0.6157107,0.3222295
19912000,-0.03362695,-0.399822,-0.05608661
19920000,-0.7567466,-0.25683478,-0.42201355
19924000,-0.4364394,-0.48779532,-0.21447651
19932000,0.031516854,-0.05673024,0.056311104
19940000,0.26736507,-0.10525957,-0.05089292
19944000,-0.22413495,0.010580106,-0.4566083
19952000,-0.65751594,-1.2193084,-0.19251274
19956000,-0.8711588,-1.0664167,0.06697405
19960000,-0.7136905,-0.3136316,0.11504342
19964000,-0.87394094,0.17752278,-0.11753149
19968000,-0.91741794,-0.25454098,-0.14228171
19976000,0.38821954,-0.00993757,0.07988691
19980000,0.64851654,-0.24198523,0.2710205
19984000,0.4978931,-1.0110388,0.2805863
19992000,-0.91727686,-0.53734493,-0.11181344
19996000,-0.6296922,-0.16647077,0.055242717
20000000,0.088637665,0.12397511,0.23319839
20004000,0.20115185,-0.044635974,0.09675734
20008000,-0.17357685,-0.75705785,0.05698196
20016000,-0.5944687,-1.0299832,-0.48556888
20020000,-0.710968,-0.47915024,-0.45472574
20024000,-0.025968492,-0.08825303,-0.042559788
20028000,0.53893846,-0.18640186,0.1498928
20032000,0.07369676,-0.12520844,-0.10183499
20036000,-0.2471349,0.15617457,-0.04869408
20040000,-0.027402636,-0.13634707,0.4911186
20044000,0.23526347,-0.7900216,0.41997018
20048000,0.1824246,-0.9685277,-0.19485582
20052000,-0.13988543,-0.60346806,-0.3987937
20056000,-0.465157,-0.27554804,-0.3166702
20060000,-0.855769,-0.4012056,-0.26777902
20064000,-0.8365616,-0.5777827,-0.16160521
20068000,-0.34511584,-0.36228642,-0.19326463
20072000,0.056205798,-0.09240988,-0.29977214
20076000,0.42475477,0.035707086,-0.25169215
20080000,0.5254606,-0.01461697,-0.23411909
20084000,0.07520082,-0.33370098,-0.19024245
20088000,-0.31817347,-0.5369164,0.24438523
20092000,-0.34682718,-0.32358053,0.7384407
20096000,-0.36656588,-0.080456376,0.6391149
20100000,-0.38335392,-0.019095927,0.027855366
20104000,-0.18821096,-0.30335248,-0.32439888
20112000,-0.12748429,-0.97648084,-0.49963093
20116000,-0.23319715,-0.4651648,-0.24272767
20120000,0.3407033,0.031162575,0.16060069
20128000,-0.25572032,-0.41901475,-0.15151745
20132000,-0.40475827,-0.8982055,-0.06483847
20136000,0.16502658,-0.78209096,0.017121643
20140000,0.15904376,-0.2484339,-0.21738479
20144000,-0.33604354,0.22296444,-0.18257496
20148000,-0.4375009,0.40858528,0.3256712
20152000,0.04731907,-0.10885748,0.39393812
20160000,0.47306523,-0.5924073,0.2698123
20164000,0.26802334,0.044765085,0.41027465
20172000,-0.41946998,0.5024582,-0.16911964
20180000,0.22383274,-0.77551526,-0.4803679
20188000,-0.09549676,-1.1075566,-0.64617777
20196000,0.047927678,-0.012457863,-0.3376081
20200000,-0.13700719,0.4738621,-0.2973339
20204000,-0.45420754,0.35744196,-0.04756836
20212000,0.010082922,-0.46520358,1.1206255
20220000,0.22888424,-0.23201518,-0.2642497
20224000,0.73732346,-0.78565586,-0.42811576
20228000,0.7378205,-1.0796679,-0.35310283
20236000,0.24546827,-0.56598526,0.42011246
20240000,0.036786783,-0.47140628,0.35226136
20244000,0.16715471,-0.5852262,0.16308823
20248000,0.5768547,-0.5895806,-0.1706601
20256000,-0.34740707,-0.043502543,-0.56266767
20260000,-0.36391294,0.10707787,-0.73314834
20268000,0.9210088,0.002973396,0.49857354
20272000,1.0014153,-0.19227985,0.8805422
20280000,0.001612676,-0.5267822,0.08267452
20284000,-0.210203,-0.029427648,0.30104333
20288000,0.031199262,0.26893038,0.32558024
20292000,0.36101094,-0.06757596,0.117934436
20296000,0.33413902,-0.57564616,0.039842814
20300000,-0.1188309,-0.69354343,-0.19279324
20308000,-0.7732699,-0.53319573,-0.21740402
20312000,-0.14767957,-0.5647503,-0.14472738
20316000,0.46029392,-0.602982,-0.18315566
20320000,0.58231497,-0.34285343,-0.22862324
20324000,0.2194688,0.000250608,-0.080196716
20328000,-0.097573996,-0.018014938,0.13024598
20332000,-0.1259738,-0.1357124,0.2079397
20340000,0.03139738,-0.2138042,-0.47600934
20344000,0.013602262,-0.11408311,-0.33257312
20352000,0.1095992,-0.022906613,0.8994752
20356000,0.12993726,-0.3515116,0.4497778
20364000,0.003423154,-0.78808135,-0.27419063
20368000,0.22380507,-0.633543,-0.21813369
20376000,0.40303782,0.2851588,-0.14384483
20380000,0.29733488,0.17219791,-0.20918727
20384000,0.42671213,0.03889761,-0.028394323
20388000,0.42173216,0.41964695,0.035142217
20392000,-0.23071694,0.6362198,0.0496262
20396000,-0.63153696,0.3648973,0.22963151
20400000,-0.19310151,-0.19795026,0.2418639
20404000,0.28383654,-0.52093524,0.2368885
20412000,-0.24131407,-0.051702894,-0.082614854
20416000,-0.23698297,-0.11914028,-0.17429411
20420000,0.03758951,0.09599817,-0.5084641
20424000,0.4337079,0.40255246,-0.5613199
20428000,0.39737374,0.43251145,-0.17914513
20436000,-0.16069654,0.40081462,-0.08532365
20444000,-0.18731138,-0.44721898,0.020254213
20448000,0.29611665,-0.12630518,-0.09190438
20456000,0.25453433,0.8975882,-0.16521102
20460000,-0.13263875,0.1660499,0.18242015
20468000,0.20526418,0.29043615,0.7635265
20476000,-0.110250935,0.23084708,-0.033718973
20480000,-0.6362252,0.3852598,-0.5110244
20484000,-0.26870453,0.3842309,-0.6125079
20488000,0.64883065,0.16078103,-0.4007914
20492000,0.631117,0.27211273,-0.12867865
20496000,-0.002633527,0.5653301,0.01751243
20500000,-0.03163457,0.05480188,-0.07261857
20504000,0.51421607,-0.5240814,0.01772935
20508000,0.6297811,-0.39263612,0.41292778
20512000,0.10168907,0.028698176,0.084751606
20520000,-0.76126873,-0.16025002,-0.11465806
20524000,-0.91924816,-0.070830785,0.6042833
20528000,-0.34039468,0.28377134,0.94814503
20536000,0.4283435,0.2794679,-0.8457629
20540000,0.3833673,0.50236905,-1.0880142
20544000,0.31623134,0.38484102,-1.0398
20548000,0.20785405,-0.16652846,-0.93373996
20556000,0.39178377,0.11947508,0.83967197
20564000,0.061539084,0.26554906,1.0951741
20568000,-0.08834745,0.04187707,0.1693533
20572000,-0.34518918,-0.11552054,-0.82507646
20580000,-0.23116302,-0.19265029,-0.62586164
20584000,-0.25430116,0.6254803,0.22231942
20592000,-0.08965741,0.2667256,0.5988913
20596000,0.6241077,-0.10410058,-0.31309128
20600000,0.5618746,-0.01849902,-0.817973
20608000,0.10957933,0.5256691,0.19498996
20612000,0.14054254,0.4504841,0.280597
20616000,0.056127667,0.16089475,0.017460965
20620000,-0.020751223,0.005563317,-0.26713485
20624000,0.31435338,0.19921805,-0.16629446
20628000,0.83374125,0.31183434,0.032713518
20636000,0.15828592,-0.15962766,0.24996051
20640000,-0.12185683,0.1407718,-0.09131715
20644000,-0.63050836,0.36419943,-0.24399799
20648000,-1.0422932,-0.026302412,0.034746736
20656000,-0.1794329,-0.2770119,-0.23265274
20660000,0.3225446,0.11723745,-0.22737171
20664000,0.40996233,0.1661298,-0.09890663
20668000,0.393451,0.090178855,-0.13564338
20676000,-0.57702404,-0.22782262,0.563663
20684000,-0.009986043,-0.18110985,-0.10275504
20688000,0.4915894,0.012122769,-0.6293281
20692000,1.037033,0.047652304,-0.30514076
20696000,0.88589704,0.38787705,0.098837286
20700000,0.35102144,0.7431488,0.002662636
20704000,0.05645609,0.5098851,-0.34598365
20708000,-0.30814454,0.14329512,-0.31562394
20716000,0.21689203,0.1537337,0.28133905
20720000,0.24281251,-0.112975776,0.38832945
20724000,0.007919885,0.17741056,0.019201383
20728000,0.18127859,0.060876876,-0.3377268
20736000,-0.19526778,-0.39592513,-0.12655368
20740000,-0.2811752,-0.3912441,-0.34401482
20744000,-0.09691345,-0.3754157,-0.78893673
20748000,0.25302774,-0.10647319,-0.8334424
20756000,0.17136051,0.19591144,0.481252
20760000,-0.1809007,0.12143366,0.76227415
20768000,0.32009363,0.10579556,0.4603299
20772000,0.73745716,-0.08833372,-0.20969868
20776000,0.80930364,-0.13908488,-0.55079377
20780000,0.48574525,0.022083215,-0.15539318
20788000,-0.9224501,-0.0914184,-0.21593899
20792000,-0.6609191,-0.24933718,0.08655624
20796000,0.15988801,-0.09369456,0.42842025
20800000,0.74586713,-0.09137839,0.12960592
20804000,0.7495525,-0.120785125,-0.25686976
20812000,-0.20523034,-0.013399348,-0.36528805
20816000,-0.39095172,-0.3753805,-0.095581256
20820000,-0.009971947,-0.12206866,-0.13435405
20824000,-0.032642946,0.10248094,-0.4226523
20828000,-0.15599361,0.11462833,-0.053885713
20832000,0.114436,0.16423553,0.57048416
20836000,0.4046296,-0.042060547,0.5135926
20840000,0.19550723,-0.16460082,0.24902144
20848000,-0.75061685,0.4277164,0.012317698
20852000,-0.6778786,0.25852963,-0.5151933
20860000,-0.09539777,0.1155475,-0.7652727
20864000,0.3844328,0.11929319,-0.48539644
20868000,0.755811,-0.15980874,0.13936312
20872000,0.5614053,-0.1361185,0.83196044
20876000,0.24560317,0.122549206,0.79558945
20880000,0.2358325,0.0816614,0.4915344
20884000,0.0681594,-0.12980928,0.5703174
20888000,-0.24943796,-0.069925904,0.24385321
20892000,-0.39339837,-0.067298576,-0.3125218
20896000,-0.15684338,-0.28551394,-0.46472633
20904000,0.96220297,-0.062891975,-0.09320268
20908000,0.7245563,0.12395104,0.24277732
20912000,0.12102976,0.076293945,-0.06323277
20920000,-0.28208905,0.2934022,0.008817747
20924000,-0.1083404,0.26803672,0.10869509
20928000,0.07761353,0.07452017,-0.5194426
20932000,0.22102252,-0.15893628,-0.6785998
20936000,-0.037677392,-0.012278453,0.06375441
20940000,-0.25689843,0.40981326,0.93663657
20944000,-0.17357174,0.2996766,0.8059962
20948000,0.10332096,-0.27683014,0.3013634
20956000,0.12727502,-0.074159816,-0.5280603
20960000,-0.165145,-0.080979794,-0.62916166
20964000,-0.051700756,0.090121634,-0.22510429
20968000,0.101986766,0.33590585,-0.024133801
20972000,0.1312706,0.28488764,0.22065826
20976000,0.18953615,0.054258343,0.43049324
20980000,0.18412505,-0.3882922,0.14478357
20984000,0.13946038,-0.59210306,-0.077472396
20988000,-0.009377409,-0.27593836,-0.015160619
20992000,-0.3030498,0.09845178,0.12032379
20996000,-0.36724824,0.54739124,0.11323778
21000000,-0.1920245,0.93648374,-0.24804446
21008000,0.4242792,0.2634753,0.14822595
21012000,0.1204763,-0.50317097,0.18735246
21016000,-0.00124152,-0.60840756,0.22854608
21024000,-0.68523484,0.3581579,0.16234526
21028000,-0.7876853,0.052200757,-0.41328338
21032000,-0.84883326,-0.18132356,-0.4089173
21036000,-0.6919688,0.23325904,0.20900641
21040000,-0.35340607,0.591309,0.35407755
21044000,-0.4608603,0.46627623,-0.15669984
21048000,-0.5267906,0.09535858,-0.19816427
21052000,-0.31689832,-0.03228715,0.16498092
21060000,-0.47760752,0.2692755,-0.0940041
21064000,-1.2519995,0.33398348,-0.057392865
21068000,-1.8804567,0.6708426,0.14138883
21076000,-0.83162904,0.4405427,-0.05049786
21084000,-1.1558714,0.8959908,0.41631535
21088000,-1.6074927,0.5906197,0.45018905
21092000,-1.8112565,0.1366919,0.20145923
21096000,-1.2131166,-0.07506927,-0.23635219
21100000,-0.6133908,0.37864995,-0.3204845
21104000,-0.8978678,0.9474071,0.1146542
21112000,-1.082995,0.8724378,0.7021466
21116000,-1.0019475,0.6464555,0.40972975
21120000,-1.1950063,0.6982914,-0.15815163
21124000,-1.3848226,1.0547917,-0.57145137
21128000,-1.5913398,0.9975604,-0.62191105
21132000,-1.7386696,0.9303215,-0.23588459
21136000,-1.96789,1.3402582,0.15723786
21140000,-1.94312,1.4025909,0.4361386
21148000,-1.3711085,0.15880865,-0.26636654
21152000,-1.736013,-0.32910505,-0.27935967
21160000,-1.814489,0.7656595,-0.09421614
21168000,-1.7119198,1.7984506,-0.37857014
21176000,-0.8811028,0.6476195,0.5232867
21180000,-1.3976598,1.0048312,0.52112716
21184000,-1.7148875,0.90602905,0.28191203
21188000,-1.7705926,0.9306737,-0.09356844
21192000,-1.782367,1.5532367,-0.602179
21196000,-1.6481618,1.5092746,-0.6085043
21200000,-1.756242,0.7973529,-0.08184473
21204000,-1.9575903,0.34104016,0.1752637
21208000,-1.9871702,0.3509475,0.15764037
21216000,-1.2723775,1.1937315,-0.32630405
21224000,-1.2480607,1.2603639,-0.14344314
21228000,-1.3500354,0.95085853,-0.07311841
21232000,-1.8927786,0.620039,-0.19012578
21236000,-2.1741142,0.8806071,-0.083437115
21244000,-1.6199191,1.670881,0.006179482
21248000,-1.8471783,1.4556117,-0.33838624
21252000,-1.5885849,1.0478954,-0.46535838
21256000,-1.7708901,0.8921721,-0.23282439
21264000,-1.8020718,0.6646656,0.17047885
21268000,-1.9158128,1.1384635,-0.02053934
21272000,-2.0220268,1.5241113,-0.35811883
21280000,-1.1993575,1.0417407,-0.42473504
21284000,-1.4264222,0.8406073,-0.21160665
21288000,-1.9746175,0.7144138,-0.065183
21292000,-2.0023782,0.78421247,0.2263737
21296000,-1.6860842,0.86096144,0.2814198
21300000,-1.782267,0.91037124,-0.44300506
21304000,-2.098653,0.9187814,-0.98442566
21312000,-1.9395852,0.40762362,-0.265507
21316000,-1.6394502,0.73066807,-0.6261442
21320000,-1.6783592,1.0976405,-0.96643615
21324000,-1.3285614,1.1241753,-0.60099614
21328000,-1.1377553,1.1058912,-0.23378609
21332000,-1.5412114,1.0371865,0.20843987
21336000,-1.8786438,0.7475046,0.66959876
21340000,-1.7127795,0.5211948,0.08391681
21344000,-1.4127764,0.6317015,-0.93073654
21348000,-1.5387597,0.7950551,-0.7480488
21352000,-1.5546129,0.88514745,-0.2650978
21356000,-1.4008899,1.0543106,-0.62293345
21360000,-1.8656232,1.0239406,-0.8270617
21364000,-2.0036922,0.70472753,-0.4488548
21372000,-1.5217841,0.48698455,-0.028409552
21376000,-1.9737871,0.85493225,-0.38758853
21380000,-1.7151002,0.8972495,-0.6295587
21384000,-1.7774752,0.83506966,-0.6748538
21388000,-1.9364275,0.8377253,-0.6542339
21396000,-1.6186216,0.49673072,-0.35282576
21400000,-1.8492845,0.53418344,-0.46273023
21404000,-1.6466508,0.70418036,-0.41714096
21408000,-1.3597429,0.83249635,-0.27095878
21416000,-1.5915394,-0.17170613,-0.24463956
21420000,-1.6045105,-0.18832143,-0.16710348
21428000,-0.76557434,0.9933405,-0.20782581
21432000,-1.0652316,1.4359803,-0.5640793
21436000,-1.6424696,1.1485145,-0.7046547
21440000,-1.897171,0.56284595,-0.44584215
21444000,-1.9883684,0.56319374,-0.29067722
21448000,-1.9708139,0.62887764,-0.12028223
21452000,-1.764836,0.19011618,-0.065479174
21456000,-1.425056,-0.19624418,-0.4512131
21460000,-1.2676653,-0.15829149,-0.8878826
21464000,-1.1409155,-0.060178466,-0.8680779
21468000,-0.8604356,0.08445072,-0.64873064
21472000,-1.0436435,0.27611652,-0.5786563
21476000,-1.3950567,0.3903517,-0.38622797
21480000,-1.112719,0.51974756,-0.12551972
21488000,-0.3616679,0.7817267,-0.31247246
21496000,-1.0253246,0.29837012,-0.6508405
21500000,-0.7283642,0.39433843,-0.53073114
21504000,-0.20885961,0.6079646,-0.6834341
21508000,0.08730784,0.56677115,-0.5764598
21512000,0.08725858,0.06738964,-0.29445004
21516000,0.19333059,-0.3236914,-0.4985523
21520000,-0.011765882,-0.13109988,-0.61611295
21524000,-0.25539047,0.24125685,-0.3600792
21528000,-0.03706985,0.4011371,-0.5697247
21532000,-0.03398391,0.6119328,-0.7864256
21536000,-0.0933485,0.93009657,-0.26501003
21540000,0.2961229,0.73385304,0.10339588
21544000,0.20088235,0.21642728,-0.04537092
21548000,0.05154381,0.023331348,-0.23857035
21552000,0.5090024,-0.08174241,-0.23623398
21556000,0.6900185,-0.090973176,0.22224209
21564000,0.30052853,-0.27763128,-0.3602742
21568000,0.01052203,-0.28728023,-0.47638616
21572000,0.098992325,-0.06938165,-0.6715582
21576000,0.10460052,0.23770201,-0.97582686
21584000,0.5889984,0.7342989,0.1776599
21592000,0.21469381,0.03224092,-0.14466149
21596000,-0.05390811,-0.522542,-0.08848965
21600000,0.28605506,-0.6496089,-0.20985888
21604000,0.9545947,-0.25087965,-0.6232086
21608000,1.1885915,0.12139666,-0.8300179
21612000,0.6630902,0.12041101,-0.56967676
21616000,0.41465637,0.15481773,-0.19970602
21624000,0.45025963,-0.15247828,-0.39744058
21628000,0.43112198,0.13027938,-0.1474761
21632000,0.48770085,-0.040281817,0.19971356
21640000,0.30895555,0.3062792,-0.104373604
21644000,0.40586144,0.53238523,-0.44941726
21648000,0.36004448,0.17922,-0.25062114
21656000,0.39194518,0.09348653,-0.1316329
21660000,0.61992365,-0.33221918,-0.26970184
21664000,1.0215503,-0.85240436,0.11414929
21668000,0.84929454,-0.433977,0.23919198
21676000,0.80510056,-0.23668288,-0.43801096
21680000,1.0821699,-0.5326519,-0.5128344
21684000,0.41145435,-0.101312555,-0.58635134
21688000,-0.22148019,0.6472583,-0.64175177
21692000,-0.14225206,0.86856925,-0.48342624
21696000,0.39383805,0.20708638,-0.32625264
21700000,1.2015929,-0.48977047,-0.4904213
21704000,1.6721079,-0.4902712,-0.29011697
21712000,0.5938494,0.77278894,0.49571696
21716000,0.49526092,0.58311385,0.026514232
21724000,0.00779894,-0.12661672,-0.17801076
21728000,0.25784922,-0.19342943,-0.11701208
21732000,0.3221439,-0.051552035,-0.44674814
21736000,0.37320244,0.22634614,-0.33731222
21740000,0.75689477,0.35170463,0.25482488
21744000,1.3080373,0.23036095,0.44368136
21752000,0.8321096,-0.0076162,-0.64334196
21756000,0.6287154,0.13510758,-0.81780255
21760000,0.75798744,0.14396372,-0.30131647
21764000,0.4627105,0.2844001,0.01622171
21768000,0.13855857,0.41270906,-0.31106713
21772000,0.20856845,0.06851208,-0.45821548
21776000,0.03818006,-0.23756802,-0.15989521
21780000,0.09078328,0.031466655,-0.15085316
21788000,1.0694277,-0.04742375,0.2417761
21792000,0.92778677,-0.07426802,0.101872146
21796000,0.7985805,0.261434,-0.25901496
21800000,0.8778178,0.36348116,-0.22127493
21804000,0.8597642,0.14782937,0.13818622
21808000,0.6350979,0.0658292,0.17617705
21816000,0.26910722,0.35712588,-0.3655636
21824000,0.5489424,0.36823702,-0.4912635
21828000,0.58827746,0.6369405,-0.7070602
21832000,0.7965251,0.6866021,-0.43765402
21836000,0.9754634,0.54361844,-0.1256401
21840000,0.7399628,0.25886405,0.0500103
21844000,0.7739845,0.12309049,0.059520952
21848000,1.0051832,0.24778323,-0.016023675
21852000,0.71773124,0.40051594,0.14120708
21860000,0.39776215,0.2559719,-0.16144824
21868000,0.96370035,0.054278158,-0.47748876
21872000,0.97436213,0.37759566,-0.6667464
21880000,0.0340199,-0.40277502,-0.26801834
21884000,0.29914176,-0.04323879,-0.10005458
21888000,0.834436,0.5361678,-0.21196708
21892000,1.2494555,0.6809416,0.042064756
21896000,1.4301329,0.5687674,0.3089477
21900000,1.1755567,0.353401,0.25573757
21904000,0.6311424,0.28684813,-0.06283622
21912000,-0.06398985,0.2286474,-0.3708554
21916000,0.008350773,0.44769037,-0.70378923
21920000,0.3140367,0.49025756,-0.60664636
21928000,0.83294356,0.20511144,-0.10674023
21932000,0.76710516,-0.08778869,-0.38685074
21936000,0.7123292,-0.19360939,-0.31198475
21940000,0.6548683,0.30686474,-0.15605122
21948000,0.45019048,0.5878902,-0.2962452
21952000,0.95043594,0.28585514,-0.11564161
21956000,1.1271145,0.08482605,0.28711823
21960000,0.7217969,-0.28953308,-0.1593023
21964000,0.24514756,-0.089612186,-0.40323478
21968000,0.09457724,0.45677465,0.002393425
21972000,0.39851108,0.61452127,-0.08292113
21976000,1.140949,0.39815974,-0.26273447
21980000,1.591598,-0.004643239,-0.14657128
21984000,1.0252526,-0.25972018,0.06715456
21988000,0.35210252,0.0824745,0.056363065
21992000,0.57100934,0.573977,-0.41103142
21996000,1.0601383,0.46776247,-0.5777347
22000000,1.0983076,-0.018901959,-0.46261293
22008000,0.16782045,0.217964,-0.20724341
22012000,0.11275847,0.06892901,-0.18375558
22016000,0.61921716,-0.010041437,-0.2822034
22020000,0.7495727,0.44397056,-0.29440004
22024000,0.5926306,0.5804424,-0.3404466
22028000,0.7079156,0.3466928,-0.12479424
22032000,0.44757086,0.48561412,0.2523821
22036000,-0.020584524,0.52381986,0.2642194
22040000,0.10365471,-0.01541467,0.011433862
22044000,0.7308395,-0.5378838,0.071801886
22048000,1.26854,-0.48742288,0.093540296
22052000,0.8910629,-0.11807276,-0.37364686
22060000,0.5708254,0.17913446,-0.5139906
22064000,0.868067,0.72322834,-0.42850113
22068000,1.0126886,0.8018109,-0.4219468
22072000,0.97271466,0.15149897,-0.1950349
22076000,0.80460966,0.020830102,0.052038886
22080000,0.7576506,0.2064353,-0.04152571
22084000,0.7046866,-0.026201159,-0.23749417
22088000,0.3858955,-0.15230386,-0.38127655
22092000,0.24240398,0.038305268,-0.43704206
22096000,0.3931657,0.31685665,0.0236471
22100000,0.3295167,0.49005827,0.24328116
22104000,0.28771523,0.54215175,-0.4221983
22112000,0.7075026,0.25838584,-0.53463423
22116000,1.0016029,0.24181749,0.000651062
22120000,0.73982954,0.14923058,0.3909706
22124000,0.21355994,0.2971681,0.2660208
22128000,0.2564469,0.5773982,0.1967344
22132000,0.512292,0.40084088,0.7204548
22140000,1.2234285,-0.069700986,-0.23478496
22144000,1.703774,-0.06468476,-1.1721498
22152000,-0.3231538,-0.15369067,-0.23898087
22156000,-0.054572254,-0.12771109,0.4542328
22160000,0.54644215,0.118781574,-0.07935205
22164000,0.92272526,0.56788135,-0.5669709
22168000,1.0524087,0.5174584,-0.5471286
22172000,0.8239263,0.06791299,-0.17943186
22176000,0.71594405,-0.18220977,0.2498525
22180000,0.5801147,-0.21398698,0.42712983
22188000,0.119945884,0.8748061,-0.34530282
22192000,0.42255777,0.57673264,-0.6617287
22196000,0.83963066,-0.22222073,-0.5744535
22200000,0.7774639,-0.2502692,-0.05575198
22208000,0.8038931,0.7757665,-0.20426683
22212000,1.4084296,0.2503802,-0.42428374
22216000,1.1159513,0.051560648,-0.580622
22224000,0.5511285,-0.19467181,-0.10760944
22228000,0.97748506,-0.121250466,0.008852281
22232000,0.9194638,-0.042354517,-0.2988821
22236000,0.5230572,0.0969487,-0.14960286
22244000,0.5633376,0.03616058,0.5914265
22248000,0.29950893,-0.29000208,0.021457642
22252000,0.076096684,-0.27881363,-0.31377006
22260000,0.35262644,0.7751434,-0.2822783
22268000,1.4819103,0.20521359,-0.11409096
22272000,0.93503547,0.1730217,-0.12876625
22276000,0.39859235,0.17605624,-0.22911869
22284000,0.11764087,0.04444442,-0.010004178
22288000,0.18360452,-0.25198066,0.12242815
22292000,0.30314434,-0.22591867,-0.09859469
22296000,0.7502563,-0.14961335,-0.27898335
22300000,1.1906863,0.041346945,-0.22324061
22304000,1.2458279,0.38676545,-0.20520079
22308000,0.69583035,0.2797427,-0.2416465
22312000,0.21535453,0.26038307,-0.31192124
22320000,0.099177785,0.45322388,-0.37394965
22324000,0.282452,0.27145755,-0.052573167
22328000,0.5574714,0.22266144,0.324321
22332000,0.58216095,0.06677254,0.32698953
22336000,0.55018723,-0.13072671,0.30687058
22340000,0.8042418,-0.055361565,0.13184063
22344000,1.0501229,0.08666293,-0.47588626
22348000,0.93192923,-0.17189339,-1.0542682
22352000,0.6579989,-0.47103837,-1.2287111
22360000,0.23719728,0.3344246,0.24747628
22364000,0.7090948,0.4934881,0.609255
22368000,0.9397411,0.7850631,0.14908898
22372000,0.40835068,0.9266412,-0.043571714
22376000,0.26250416,0.67309904,0.19951412
22384000,0.7638293,-0.15051988,0.26323873
22388000,0.26000237,-0.12273813,-0.04691282
22392000,-0.088172376,0.22591169,0.13331807
22396000,0.4262724,0.5257839,0.22879094
22400000,0.9317863,0.41680938,0.08770045
22404000,0.6258601,-0.09711334,-0.1820522
22408000,0.19206202,-0.5438663,-0.5297962
22416000,0.9520541,0.124867976,0.072030134
22420000,1.0761789,0.28783357,-0.15136458
22428000,1.0142336,-0.28947532,-0.08359136
22432000,0.42091626,-0.37504265,0.21129434
22436000,-0.24919459,-0.12940487,0.24864951
22440000,-0.08276677,0.19636881,-0.15320128
22444000,0.5901967,0.32989213,-0.3728932
22452000,0.64378285,0.5177116,-0.3862654
22460000,0.040691778,0.47595346,-0.2898042
22464000,-0.083961315,0.053549618,-0.45230997
22468000,0.23880742,-0.31255096,-0.3369711
22476000,0.91108,0.065775424,0.32161382
22480000,0.8114481,0.017118998,0.14971222
22484000,0.53909355,0.042096876,-0.18977967
22488000,0.39140865,0.36138082,-0.41944626
22492000,0.08154369,0.31004474,-0.003433541
22496000,-0.24795695,0.04009766,0.7985492
22500000,0.15741923,0.12896414,0.8155161
22504000,0.767423,-0.04254599,0.36681193
22508000,0.8062421,-0.5154346,0.017961513
22512000,0.7132619,-0.5977549,-0.64114916
22516000,0.74855983,-0.12748356,-0.69733584
22520000,0.5109388,0.5760823,-0.1495348
22524000,0.21986172,0.6579518,-0.04280848
22528000,0.18259951,0.13360809,0.06586638
22536000,0.15394393,0.368659,-0.76367724
22544000,1.3542966,0.8345922,-0.06845625
22548000,1.0660435,0.8280401,0.14817992
22552000,0.43761283,-0.03605479,0.26094356
22556000,0.28025353,-0.4904992,0.58095276
22560000,0.071958214,-0.12392579,0.68152225
22564000,-0.14599985,0.30607858,0.19023032
22568000,0.42048275,0.47215378,-0.47856325
22572000,0.8981505,0.51911724,-0.8869589
22576000,0.7403056,0.5698018,-0.71498907
22580000,0.6011865,0.21148796,-0.13333741
22584000,0.6895784,-0.16967276,0.027200505
22588000,0.4938019,0.09478524,0.08385275
22592000,0.08436003,0.3834188,0.26477647
22596000,-0.106424436,0.40363356,0.29061958
22600000,-0.13125044,0.09617081,0.21117991
22604000,-0.061862014,-0.42427644,-0.018236414
22612000,0.80911815,0.2205775,-0.48645362
22616000,0.88774025,0.39887434,-0.398113
22620000,0.7826,0.17737006,-0.2427082
22624000,0.9237403,-0.060099557,-0.21902019
22628000,0.83413005,-0.090528004,-0.43729222
22632000,0.6113891,-0.09303879,-0.53409696
22636000,0.18760324,0.011653863,-0.17906362
22640000,-0.23976104,0.17998001,0.19446895
22648000,-0.059451554,0.009688005,0.27918884
22656000,0.4730273,-0.053228207,-0.043841198
22660000,0.3817683,-0.019233488,0.053063132
22664000,0.39792907,0.22224934,-0.3145233
22668000,0.73982596,0.77746934,-0.36539578
22672000,1.2041852,0.9909346,-0.33994523
22676000,1.2216501,0.37617046,-0.19577302
22680000,0.42533633,-0.6053425,0.24090315
22684000,-0.14021929,-0.8657894,0.37481773
22688000,-0.049438946,-0.41538805,0.08274526
22692000,-0.025933295,0.21794856,-0.34568793
22696000,-0.008079015,0.9520379,-0.20796758
22700000,-0.08954702,0.91371226,0.11207356
22704000,0.014603538,0.14754777,-0.11035477
22708000,0.6473936,0.065567665,-0.3143635
22712000,1.0457454,0.5413419,-0.539459
22716000,1.0892408,0.54756486,-0.7678348
22720000,0.88341737,0.14993784,-0.32617885
22728000,0.3938322,-0.6129728,0.4095578
22732000,0.35955036,-0.60635304,0.047490627
22740000,0.3752999,0.17376891,-0.565421
22744000,0.30768383,0.3607716,-0.21846172
22752000,0.28930837,0.95928884,-0.44768047
22756000,-0.036180284,0.23958793,-0.112921
22760000,-0.27994743,-0.39035848,0.35331103
22768000,0.93884534,0.07516943,-0.46807456
22772000,0.9835306,-0.23693866,-0.6427609
22776000,0.7332665,-0.14558135,-0.024021387
22780000,0.5202956,0.18369053,0.271305
22784000,0.1793401,0.24129315,-0.22674924
22788000,0.19610177,0.29808748,-0.7964782
22792000,0.4304905,0.35549468,-0.6681402
22796000,0.13347726,0.22070591,-0.23179144
22800000,-0.23946404,0.25287688,-0.012878351
22804000,0.14241754,0.31331396,0.14196765
22808000,0.7787908,-0.08623955,0.26230615
22812000,0.9314416,-0.07464876,0.14428169
22816000,0.5400065,0.38047603,-0.12719212
22820000,-0.087344415,0.6171619,-0.071656704
22828000,-0.14004406,0.18189494,-0.22401413
22832000,0.37210712,0.25036168,-0.5116493
22836000,0.5355005,0.3497432,-0.24466255
22840000,0.5235903,0.49532637,0.13785979
22848000,0.37989905,0.015670024,-0.000960022
22852000,0.11833881,-0.24606207,0.5321531
22860000,1.0952352,0.003085643,0.15821452
22864000,0.5250364,0.663237,-0.2196488
22868000,-0.19328268,0.8386919,-0.2796073
22876000,0.038872432,-0.16562551,-0.18904875
22884000,0.009668086,0.28938305,-0.311506
22888000,0.5968566,0.6680297,-0.29252142
22892000,1.1449065,0.44101945,-0.13933703
22896000,1.3698289,-0.08749483,0.120520815
22900000,0.9590534,-0.322854,0.05996698
22904000,0.32547635,0.040551715,-0.1077657
22908000,-0.10814707,0.4281827,-0.053409114
22912000,-0.34186354,0.002465546,0.2860331
22916000,-0.29394382,-0.31808677,0.55333173
22920000,-0.23722556,-0.046314552,0.32256526
22924000,-0.15736073,0.1601764,-0.15336545
22932000,0.4493569,0.49713868,-0.54082537
22936000,0.36182946,0.4332787,-0.38955033
22940000,0.6812545,0.5027424,-0.31035817
22944000,1.1102043,0.3483398,-0.49672803
22948000,1.1854889,0.000579469,-0.56242603
22952000,1.1468754,-0.13980801,-0.22272515
22956000,0.52847046,-0.020960972,0.24430273
22960000,-0.3726664,-0.028304387,0.4340045
22964000,-0.46745607,0.023531562,0.09749305
22968000,-0.03749141,0.21621342,-0.30120036
22972000,0.30058318,0.19366035,-0.6818868
22976000,0.6503261,0.41902635,-0.97093207
22980000,0.65090746,0.56277347,-0.38193882
22984000,0.35585225,0.0868302,0.54560316
22992000,0.16813375,-0.47735327,0.41722593
23000000,0.19110207,-0.1461657,-0.62750125
23004000,0.78280866,0.076996565,-0.3380972
23008000,0.6157014,0.40401855,-0.48275506
23012000,0.006980196,0.55276585,-0.31896
23016000,-0.15697843,0.63995564,0.22631143
23020000,0.2149951,0.5717978,0.2151451
23024000,0.4820177,0.27558535,-0.6517503
23028000,0.5449325,-0.32514408,-1.4427286
23032000,0.46270344,-0.69540334,-1.0374616
23036000,0.17747137,-0.32556596,-0.019498467
23040000,0.02700221,0.37422657,0.35886872
23044000,0.09237321,1.0933691,0.40678048
23048000,0.3263746,1.1068082,0.40983033
23052000,0.41619456,0.49233288,0.3972571
23056000,-0.06828669,-0.081169024,0.34990287
23060000,-0.29796076,-0.74570554,0.0020511
23064000,0.09283711,-1.0182148,-0.1738899
23068000,0.17511433,-0.42084193,0.044387005
23072000,0.11130377,0.4163334,0.1434245
23076000,0.45467123,0.93525743,-0.18649668
23080000,0.66534066,0.87803054,-0.5463132
23088000,0.4922511,0.25214034,-0.5751161
23092000,0.11678639,0.6050963,-0.5574272
23096000,-0.08444648,0.80177,-0.4003675
23100000,0.23253325,0.5251007,-0.119633146
23104000,0.65751815,0.06521046,0.07603777
23112000,0.334127,-0.035240613,0.44149476
23116000,0.2751015,0.39045677,0.36154154
23120000,0.25209656,0.53756374,-0.18180501
23124000,0.07888931,0.32992113,-0.20776233
23132000,0.62400794,0.23720579,-0.06706218
23136000,0.55060613,-0.28384542,0.11537522
23140000,0.51546353,-0.46051115,0.1052345
23144000,0.80955535,-0.4601451,-0.08120315
23148000,0.6540216,-0.49109516,-0.1878458
23152000,0.06999084,-0.14324291,-0.41241577
23160000,-0.20084584,0.43486673,-0.27176794
23164000,0.11622559,0.60745764,-0.05482269
23168000,0.37473398,0.3349651,0.14312553
23172000,0.6555301,-0.3816871,0.25489718
23176000,0.76125836,-0.6862141,-0.06563187
23180000,0.1747908,-0.35872805,-0.46781737
23184000,-0.33191586,0.20649536,-0.5451999
23188000,-0.2638023,0.47811365,-0.33542335
23192000,0.0640059,0.42272943,-0.41460302
23196000,0.42463627,0.14235756,-0.90782565
23200000,0.22861427,-0.15958518,-0.86886585
23208000,0.24276613,-0.18822221,-0.13927877
23212000,0.7318638,-0.355597,-0.08607671
23216000,0.68605757,0.21418273,-0.27327213
23220000,0.7968683,0.6470316,-0.26170614
23228000,-0.02927281,-0.8148701,-0.02074574
23232000,-0.43911368,-0.44249296,-0.5637063
23236000,-0.115750104,0.335104,-0.3173913
23240000,0.4205301,0.52646476,-0.14728178
23244000,0.5400281,0.17123595,-0.36000374
23248000,0.61543304,-0.03979762,-0.02516967
23256000,0.74738276,0.6134131,0.7422947
23260000,0.0776432,0.29694742,-0.1190843
23264000,-0.27079538,0.0649343,-0.8788986
23268000,-0.21434276,-0.07437293,-0.9216604
23272000,-0.09997998,-0.4939672,-0.41313758
23276000,0.1614439,-0.56237787,0.15591457
23280000,0.5132107,-0.10348058,0.23255152
23284000,0.52500343,0.31318355,-0.002072899
23288000,0.26716158,0.5560345,-0.18201001
23292000,-0.04694175,0.5133396,-0.13844377
23296000,-0.1675594,0.3155957,-0.15407667
23300000,0.041533396,0.3032961,-0.39016274
23304000,0.21501529,0.2713183,-0.49085873
23312000,0.24586228,0.10930039,-0.10209524
23316000,-0.017417349,0.38442296,0.2746942
23320000,-0.032116648,0.20111306,0.16865908
23324000,0.5171738,-0.064319685,-0.4527903
23328000,0.5999011,-0.2550872,-0.6096863
23332000,-0.11759025,-0.3939398,-0.47251004
23340000,0.16708453,0.09557446,0.15584913
23344000,0.6743105,0.008977905,0.4911102
23348000,0.7109381,0.4516799,0.27644312
23352000,0.39255893,0.76426387,0.15451816
23356000,0.053358972,0.32710326,-0.09590962
23364000,0.17822911,-0.44196323,-0.49181944
23368000,0.51406735,-0.37499726,-0.36515602
23376000,0.15718134,-0.15243404,0.26843783
23380000,0.0372191,-0.12637295,0.33388776
23384000,0.09234316,-0.07374222,0.14218715
23388000,0.22472015,-0.16606499,0.005685901
23392000,0.36308807,-0.17161897,-0.19861077
23400000,0.19841875,-0.248398,-0.4118156
23404000,0.32249165,0.19244388,0.055440396
23408000,0.34402582,0.6033286,0.076253146
23412000,0.27581108,0.7073872,-0.074793585
23416000,0.26141632,0.65231997,-0.139043
23420000,0.15885188,0.27188063,0.020681899
23424000,0.034615077,-0.30343086,0.32897905
23428000,0.41075924,-0.51956546,0.14358854
23432000,0.79878473,-0.33232078,-0.2468631
23436000,0.562484,0.04769592,0.022059664
23440000,-0.16073273,0.056209102,0.4880281
23444000,-0.6743357,-0.23557675,0.30207416
23452000,0.60872376,-0.24807484,-0.40701762
23460000,0.84153765,0.039824635,-0.7564587
23464000,0.5715078,0.28349766,-0.76389384
23468000,0.40636533,0.23693034,0.15211514
23472000,0.32262677,0.45418185,0.77913153
23476000,0.13263883,0.47672436,0.2780128
23480000,-0.08908641,-0.08788644,-0.41976118
23484000,0.029491283,-0.44934383,-0.25298053
23488000,0.43438837,-0.53475064,0.49329814
23492000,0.60577077,-0.556908,0.6561681
23496000,0.39727914,-0.2736548,0.13456127
23500000,-0.033830494,0.10148333,-0.15993159
23504000,-0.18584828,0.2185748,-0.18272962
23508000,0.10390582,0.1154519,-0.31375182
23516000,0.47660342,-0.03307431,-0.23040803
23520000,0.31589016,0.11955623,-0.13462856
23524000,0.06269255,-0.0890058,0.32859492
23528000,0.21339673,-0.22424814,0.7412845
23532000,0.33345652,-0.319665,0.50533915
23540000,-0.08473858,-0.40138286,0.3763082
23544000,0.24204409,0.3209539,0.19052105
23552000,0.90250015,0.37204105,0.10667504
23556000,0.35700163,-0.1344628,0.24417478
23560000,-0.23600368,-0.010062031,0.011263706
23564000,-0.23499429,0.11223623,-0.45504695
23568000,0.19389501,-0.14501849,-0.5827104
23576000,0.495885,-0.3795905,-0.098715544
23580000,0.8956852,-0.46931556,0.2339653
23584000,0.9291946,-0.19438078,-0.13017714
23588000,0.47611243,0.3825205,-0.47057566
23596000,-0.05869191,0.32546175,0.060709625
23600000,-0.15864465,0.00776466,0.5857226
23604000,-0.025026944,-0.31440318,0.8535805
23608000,0.17180434,-0.31109065,0.90399957
23612000,0.33739012,-0.21713492,0.74848026
23616000,0.4570986,-0.054763645,0.42409098
23624000,0.10797519,-0.43642765,-0.80514866
23628000,0.22307731,0.03350112,-0.7537665
23632000,0.3326854,0.20191723,0.09395537
23636000,0.13210271,-0.26097804,0.56884766
23640000,0.013399206,-0.6864171,0.13780439
23644000,0.20099911,-0.769571,-0.47422323
23652000,0.11428307,-0.16580364,-0.17196308
23660000,0.5061232,0.071103536,-0.4991541
23664000,0.3214839,0.56804514,-0.20497209
23668000,-0.1095971,0.71966183,0.4298328
23676000,0.9120816,-0.45913148,0.60256326
23680000,0.5267477,-0.09771075,-0.28118622
23684000,0.08407198,-0.000780858,-0.3136705
23692000,0.34738743,-0.26057148,-0.085003644
23696000,0.04569088,0.116665244,0.3099182
23700000,-0.35556483,0.16769463,0.64363766
23704000,-0.5115508,-0.14587474,0.19891165
23708000,0.06821197,-0.39105096,-0.20116384
23716000,0.8111192,-0.47405282,0.01628679
23724000,0.47318,-0.27097422,0.6704008
23728000,0.57046723,-0.23583452,0.44938758
23736000,0.02516979,-0.22677219,-0.57150584
23740000,0.10277907,-0.34560353,-0.46982896
23744000,0.37233377,-0.48183087,0.01666104
23748000,0.40134555,-0.17444476,0.5512743
23752000,0.05048926,0.3205254,0.48674715
23756000,-0.30871934,0.44672275,0.10353546
23764000,0.015082331,-0.2317546,-0.24916683
23768000,-0.15704954,-0.37894854,-0.3733332
23772000,-0.013052858,-0.48080713,-0.11481592
23776000,0.18618669,-0.30914783,0.2160925
23780000,0.15029675,0.30544156,0.41320992
23788000,0.26868483,0.26952204,0.1986982
23792000,0.840744,-0.49231008,-0.08857173
23796000,1.1782343,-0.70430017,-0.12691027
23800000,0.86285317,-0.55511653,-0.2415851
23804000,0.53948134,-0.6032252,-0.27298522
23812000,0.3169727,-0.58929473,0.5725548
23816000,0.41618618,-0.4736238,0.8717725
23824000,-0.09696823,-0.063165575,0.6051925
23828000,-0.295628,0.08677686,0.074151024
23832000,0.06385879,-0.27454072,-0.22812212
23836000,0.32748622,-0.7098533,0.2253969
23840000,0.26714098,-0.34088546,0.039605767
23844000,0.41602635,0.3942616,-0.38023108
23848000,0.6951031,0.56315696,-0.11657951
23852000,0.70433503,0.35093135,0.15217187
23856000,0.57759523,0.27024376,0.23993695
23860000,0.10780707,0.15480807,0.16879198
23864000,0.013341904,-0.43901545,-0.07612235
23872000,0.12489569,-0.79519606,-0.44211838
23880000,-0.06347731,-0.82727015,0.56972456
23884000,0.5919402,-0.6914965,0.6943029
23892000,0.37024578,-0.05968349,-0.19267504
23896000,0.1256369,0.5077421,-0.71597296
23900000,-0.04764765,0.57458663,-0.10886994
23904000,-0.22825553,-0.12028828,0.70545757
23912000,0.8416209,-0.12573709,0.14463586
23916000,0.93129253,-0.52992713,0.03591129
23920000,0.5020543,-0.9532259,0.17094144
23924000,0.032623276,-1.1034719,0.23724371
23928000,-0.34545934,-0.6006669,0.14496994
23936000,-0.40880665,-0.045575798,-0.07337848
23940000,0.18476558,-0.15889378,-0.092288665
23944000,0.5287006,-0.14346766,0.13602138
23948000,0.18566,-0.45155108,0.34180036
23952000,-0.06830189,-0.43670118,0.37792388
23956000,0.17408413,-0.10641172,0.082043596
23960000,0.570912,0.26236653,-0.120634906
23964000,0.64952034,0.5008068,0.30427542
23968000,0.6415651,0.08801034,0.6602204
23972000,0.85639966,-0.39977777,0.35582167
23980000,0.117260985,0.26014572,0.51684654
23984000,0.1710773,0.17833398,0.6105116
23988000,0.37607616,-0.7069859,0.15784198
23992000,0.15418792,-1.3362119,-0.43268713
23996000,-0.039196674,-1.0969913,-0.5836153
24000000,0.37245673,-0.6518152,-0.23126984
24004000,0.9434744,-0.5192572,0.08345097
24008000,0.6719587,-0.2149938,0.24445163
24012000,-0.18086798,0.47186255,0.35067046
24016000,-0.669146,0.5918907,0.2765023
24020000,-0.16253974,-0.12112214,0.18223874
24024000,0.6013725,-0.81084025,0.13809681
24032000,0.3795357,-1.3461871,0.35228604
24036000,0.34221286,-0.7986556,0.4529819
24040000,0.3228641,-0.42162916,0.42970833
24044000,0.47734633,0.056113176,0.19131064
24048000,0.55376697,0.62664557,-0.02345094
24052000,0.24885929,0.6159655,-0.11094061
24060000,-0.112435736,0.05812548,-0.026405392
24064000,0.003188536,-0.5588342,0.100880206
24068000,0.44951817,-0.908275,0.18423492
24072000,0.78316873,-1.0436723,0.025281385
24076000,0.8338897,-0.9765524,0.053837873
24080000,0.5001464,-0.4301188,0.2316986
24084000,0.19528724,-0.01415436,0.6739408
24092000,0.50545406,-0.22513983,0.4464246
24096000,0.009381503,0.20284611,-0.28426728
24100000,-0.25279504,0.57813686,-0.20723493
24108000,-0.16861397,-0.062182013,0.38079804
24112000,-0.20501481,-0.46642488,0.2785445
24120000,0.14475009,-0.7307137,0.52216357
24128000,0.9194979,-0.18719551,-0.018883355
24132000,0.59638834,-0.9797556,0.35651046
24136000,0.2312294,-1.1655984,0.6536086
24140000,0.08640937,-0.46309763,0.42514515
24144000,0.07278932,0.290778,0.19818184
24148000,0.27402267,0.115024775,0.022060074
24152000,0.450873,-0.51599914,0.032154113
24156000,0.27727157,-0.5127708,0.2799519
24160000,0.1441006,-0.26586562,0.595894
24164000,0.5745396,-0.35916284,0.67462707
24168000,1.0561424,-0.34318668,0.1677403
24172000,0.56338584,0.01458025,-0.51252186
24176000,-0.11934799,-0.044376843,-0.58485043
24180000,-0.000659473,-0.8218464,-0.034963384
24184000,0.12613928,-1.3649442,0.46868598
24192000,-0.4632424,-0.22680053,0.56867594
24196000,0.004932776,0.06121499,-0.23050573
24200000,0.39550903,-0.1860454,-0.32375324
24204000,0.31560826,-0.35633487,0.07713582
24208000,-0.07617889,-0.56661576,0.033301942
24212000,-0.29280546,-0.6977776,-0.25401178
24216000,0.21971461,-0.5857048,-0.21069446
24220000,0.79491746,-0.4466562,0.33349591
24224000,0.85484374,-0.12112348,0.32450014
24232000,0.8295926,0.15941401,0.16628206
24236000,0.4472003,0.2576871,1.1372944
24240000,0.28044856,0.07152378,1.0881665
24244000,-0.26833698,0.038834777,0.24603258
24252000,-0.6971755,-0.66371036,0.1303655
24256000,0.07829325,-0.872387,0.48380092
24264000,0.3430891,-0.83126426,-0.25452146
24268000,0.2677555,-0.8192366,-0.5813263
24276000,0.6359839,0.06396672,-0.039645582
24280000,0.5927199,0.24072164,0.71697253
24288000,0.15551586,-0.11024576,0.80707383
24292000,0.2825328,0.08861214,0.40516472
24300000,0.30123493,-0.067767754,-0.071764216
24308000,0.63753986,-0.7736347,-0.22084668
24312000,0.32383826,-0.65420306,0.3063509
24316000,-0.012472667,-0.52862394,0.61858857
24320000,0.001814537,-0.35085005,0.57199246
24328000,0.22005437,0.13787784,-0.066001035
24336000,0.1053274,-0.66842395,0.37288377
24340000,-0.50776595,-0.6823873,0.8123276
24344000,-0.2731879,-0.2533929,0.7660689
24352000,0.5333459,0.062019408,0.53732395
24356000,0.32831228,0.17210919,0.759483
24360000,-0.23848897,0.055093624,0.2379391
24364000,-0.084783524,-0.0401269,-0.7373249
24368000,0.22539164,0.017875781,-0.8425809
24372000,0.14573947,-0.04608451,0.029334903
24380000,0.51510227,-0.3817313,1.224099
24388000,0.64038956,-0.33884978,0.08419947
24392000,0.7372159,-0.28926566,-0.3276133
24396000,0.6170223,-0.6845163,-0.19902769
24400000,0.3635177,-0.723178,0.23260874
24404000,0.30079794,-0.23351878,0.399103
24412000,-0.05048488,-0.67386544,0.50620604
24420000,-0.2763192,-0.73118776,0.11805989
24428000,0.19310549,0.3501344,0.27517378
24432000,0.6364305,0.60280555,0.2966628
24440000,0.48341164,0.20100722,0.72700626
24444000,0.07402909,-0.3412265,0.54445267
24448000,-0.4014048,-0.6569469,-0.15905038
24452000,-0.69621235,-0.6805589,-0.25368202
24460000,-0.20631087,-0.17858353,-0.25966972
24468000,0.46757397,-0.460145,0.3005243
24472000,0.6879989,-0.30144286,0.88297546
24476000,0.99556816,0.09558832,0.9893064
24480000,0.8541559,0.23083147,0.5181533
24484000,0.2879105,-0.19826366,0.03066516
24488000,-0.18719088,-0.6189561,-0.0842123
24492000,-0.6619047,-0.4127016,-0.17318049
24496000,-0.7315638,-0.053824138,-0.13759148
24500000,-0.1776088,-0.10507229,0.13739556
24508000,0.38470387,-0.052157074,0.5021473
24512000,-0.07307054,0.24521075,0.5452348
24516000,-0.14950296,-0.21941355,0.3226201
24524000,0.83537686,-0.71750957,-0.14284512
24528000,0.4570201,-0.16175893,-0.054799084
24532000,-0.10442777,-0.007188387,0.010754237
24536000,-0.17541775,-0.23119813,0.20483999
24540000,-0.045344464,-0.1088392,0.52936184
24544000,-0.20235886,-0.17522544,0.7602935
24548000,-0.06388972,-0.63536537,0.6051283
24552000,0.1819726,-0.6802158,0.21384194
24556000,0.35659397,-0.792873,-0.009281866
24560000,0.70526975,-0.8183321,0.012791455
24568000,0.008727014,-0.7304699,0.07867228
24576000,0.42611238,-0.44184738,-0.4875095
24580000,0.024061412,-0.06375612,-0.23606682
24588000,-0.59422255,0.2008677,0.1782408
24592000,-0.4525588,0.13209444,0.43633288
24596000,0.13645023,-0.001605393,0.15711719
24600000,0.7603124,-0.44333297,0.06702486
24604000,0.8275434,-0.7644447,0.34011233
24608000,0.23593342,-0.41881704,0.57343125
24616000,0.25972423,-0.7874631,-0.010313995
24620000,0.21104869,-0.45457482,-0.102080025
24624000,-0.043809112,0.15160894,-0.20918131
24628000,-0.025492175,-0.045651287,-0.119925626
24632000,-0.07162791,-0.4174428,0.43453074
24636000,-0.29846507,-0.41836768,0.6519635
24640000,-0.11828886,-0.60227394,0.32236335
24644000,0.35306564,-0.8723342,0.085728355
24652000,-0.22503679,-0.272703,-0.43480584
24660000,-0.060127277,0.23464835,-0.2759643
24664000,-0.4351014,-0.50921094,-0.376028
24668000,-0.21813557,-0.92861474,-0.20330375
24672000,0.44540304,-0.69353974,0.23801881
24676000,0.7864322,-0.25068715,0.38524976
24684000,0.5724702,-0.40800893,-0.20024657
24692000,-0.76266414,0.064847514,0.3768765
24696000,-0.5704086,0.08172212,0.61783665
24700000,0.1421505,-0.17535326,0.57021666
24704000,0.62009406,-0.59116876,0.1143644
24708000,0.3957025,-0.57521194,-0.055390954
24712000,-0.37918824,-0.20738623,0.29823443
24716000,-0.53303635,-0.13038404,0.449995
24720000,-0.187013,-0.29636416,-0.06499013
24724000,0.03375368,-0.30576676,-0.43639195
24728000,0.28018063,-0.13665856,-0.36623707
24732000,0.1722302,0.037004996,-0.18160161
24740000,-0.46138605,0.2395874,0.18806888
24744000,-0.3394187,0.120017916,0.19792624
24748000,0.5710133,0.10672975,0.36087453
24752000,1.2924274,0.27136195,0.61808234
24756000,0.81607306,0.06439053,0.73415834
24760000,-0.18709,-0.38539296,0.44837445
24764000,-0.91921467,-0.35268366,-0.026245713
24768000,-0.89961016,-0.10567109,-0.12649566
24772000,-0.2829406,-0.1644242,0.30693233
24780000,-0.108542755,-0.2137289,0.8264864
24788000,0.34981304,-0.22983202,-0.36711988
24792000,0.64866877,-0.14680365,-0.113950536
24796000,0.24688381,-0.15078744,0.50645256
24800000,-0.12058702,-0.14938515,0.63231355
24804000,-0.21133794,-0.012597809,0.19724326
24808000,-0.23431432,0.061463058,0.11037215
24816000,0.6136309,-0.097244985,0.67906505
24820000,0.6928735,-0.36533877,0.38451868
24824000,0.056044415,-0.40621883,-0.052112117
24832000,-0.56297827,-0.005236618,-0.31362844
24836000,0.15374462,-0.20784521,0.16607074
24840000,0.44351876,-0.4341174,0.7089921
24844000,0.6046936,-0.66968006,0.4456917
24848000,0.8981537,-0.7920314,-0.20456566
24852000,0.80069685,-0.4480623,-0.22853157
24856000,0.33719587,0.45694074,0.14451715
24860000,0.036339074,0.8074493,0.3263287
24864000,-0.19166109,0.10816944,0.3230968
24868000,-0.42172328,-0.46010625,0.055205066
24872000,-0.36762273,-0.41544175,0.031014914
24876000,-0.21216643,-0.3955719,0.33749175
24880000,-0.3465226,-0.6618097,0.27537206
24884000,-0.32423878,-0.6123676,0.23071697
24888000,0.052217185,-0.01052618,0.41657716
24892000,0.19474217,0.15826172,0.5375012
24896000,0.12121775,-0.1260638,0.58497643
24900000,0.39287975,-0.34419805,0.49192947
24908000,0.116185725,-0.23757342,0.34284374
24912000,-0.507969,0.74396104,0.18894804
24916000,-0.72313404,0.9377119,0.17471103
24920000,-0.19055462,0.071193784,0.25834325
24924000,0.16886479,-0.54797435,0.29450375
24928000,-0.12227194,-0.13088822,0.36841646
24936000,0.5178913,-0.25441098,0.17877647
24940000,0.042268693,-0.76207596,-0.028400317
24948000,-0.29027957,-0.07391469,0.33675307
24952000,0.45895797,-0.46150073,0.43134773
24956000,0.67922646,-0.5440544,0.49005076
24960000,0.017993495,-0.35346788,0.08820385
24964000,-0.7382689,-0.27891448,-0.3764283
24972000,-0.16620426,-0.33636966,0.18792494
24980000,0.40180025,0.054392025,0.59796834
24984000,-0.07094154,0.40181836,0.36882192
24992000,-0.29568127,-0.19829609,-0.020249546
24996000,-0.3467598,-0.14722067,0.016404647
25000000,0.09709492,0.108192444,0.41112953
25004000,0.84324247,0.056955792,0.87399375
25008000,0.6266763,0.03900147,0.7385136
25016000,-0.41127098,-0.07945247,0.30515724
25020000,-0.4104033,-0.34977284,0.36719793
25024000,-0.5519602,-0.45854545,0.15296896
25032000,0.56473064,-0.15344708,0.11691815
25036000,0.45670852,-0.2489046,0.17316961
25040000,-0.37573114,-0.21117543,0.24100608
25048000,-0.7701777,0.524448,0.77620655
25052000,-0.19564296,0.54162526,0.4403316
25056000,0.43037903,-0.1535305,-0.36607754
25064000,-0.030964687,-1.3954788,-0.4542747
25068000,-0.040800907,-0.6474044,-0.23748025
25072000,0.26807985,0.20430398,0.28238225
25076000,-0.04105106,0.43672836,0.8382102
25080000,-0.45773363,0.077263385,0.5439315
25084000,-0.18294895,-0.12820804,-0.11714025
25088000,0.010602754,-0.05777397,-0.2934597
25092000,0.072008744,-0.12733681,0.043574262
25096000,0.22226703,0.061113283,0.5259095
25100000,-0.113969766,0.40959826,0.5525426
25104000,-0.36025777,0.21993464,0.5373805
25112000,-0.121783845,-0.6249788,0.62907076
25116000,-0.21877517,-0.221518,0.22275107
25120000,-0.3861618,-0.05769574,-0.17887443
25128000,-0.44195744,-0.017389894,0.20488141
25136000,0.6565136,-0.47734758,0.2546677
25140000,0.5196163,-0.17086929,0.37831485
25144000,0.2731062,0.2456675,0.11361703
25148000,-0.15841202,0.24912274,-0.38224384
25152000,-0.33146185,0.03335134,-0.29434097
25156000,-0.33828986,0.007788725,0.08736811
25164000,-0.9006649,-0.365856,0.74366474
25172000,-0.5179931,-0.113740735,-0.17499438
25176000,0.001839846,-0.03269223,-0.3059037
25184000,0.26319414,0.03753964,0.534326
25188000,-0.19746998,-0.365334,0.045719624
25192000,-0.15350601,-0.40836588,-0.55815613
25196000,-0.35743725,-0.33888006,-0.39494884
25200000,-0.58985627,-0.4917803,-0.05525384
25204000,-0.16473256,-0.35272464,0.44868267
25208000,0.18553749,0.003500007,0.7784765
25212000,0.2730895,0.09415835,0.80297977
25216000,0.38598672,-0.23418002,0.6174597
25220000,0.11311273,-0.5255355,-0.08847517
25224000,-0.23735574,-0.16742972,-0.30222845
25228000,-0.1898025,0.28165707,0.3607551
25232000,-0.22559455,-0.09845017,0.82960033
25236000,-0.36035126,-0.7317178,0.5237049
25240000,-0.25611496,-0.410704,-0.18923542
25244000,-0.27766332,0.293612,-0.5458376
25248000,-0.3837434,0.49104965,-0.3817511
25256000,0.080168545,-0.40745866,-0.19064564
25260000,0.19539435,-0.31299865,0.061358307
25264000,0.08255305,-0.23746733,0.3559463
25268000,-0.42007685,-0.42665496,0.31647825
25272000,-0.7544092,-0.3440068,0.43522918
25276000,-0.46966743,-0.0718991,0.46896735
25280000,-0.34675097,0.22952047,0.2773927
25284000,-0.39391744,0.32479104,0.2821958
25288000,-0.32743222,0.21689273,0.18777862
25292000,-0.14366278,0.31744745,0.21174914
25300000,-0.124977954,0.27295682,-0.17316528
25308000,-0.36268988,-0.42919624,-0.012135565
25312000,0.118468314,-0.046444625,0.76990837
25316000,0.42172343,-0.4078349,0.8993688
25324000,-0.40702954,0.06901786,-0.5338525
25328000,-0.7359771,0.5540617,-0.66276586
25332000,-0.50538844,0.44094878,-0.091365576
25336000,-0.020539992,0.0934391,0.37324464
25344000,0.2987173,-0.5451685,0.017151363
25348000,-0.07271853,-0.40021464,0.03831572
25352000,-0.2506047,-0.51159483,0.4212142
25356000,-0.29285663,-0.29495406,0.74590665
25360000,-0.126995,0.3059005,0.68352705
25364000,0.10316908,0.10399379,0.34087572
25372000,-0.4329535,-0.045472875,0.49319443
25376000,-0.73597395,-0.25727865,0.6546483
25384000,0.053597413,0.20026499,-0.66778946
25388000,0.5228093,0.31746644,-0.2269564
25392000,0.8182353,0.15903774,0.45934594
25396000,0.21948108,0.052318547,0.49038762
25400000,-0.8800322,-0.00705069,0.30281776
25408000,-0.4597797,-0.2377575,-0.79281414
25412000,0.035071775,-0.25302273,-0.6492497
25416000,-0.15147434,-0.25944278,-0.31044203
25420000,-0.42521948,-0.30625176,0.39510378
25428000,-0.07841178,-0.09374161,0.812744
25432000,-0.0786136,-0.08832597,0.9731205
25436000,-0.23404194,-0.26430872,0.6908848
25440000,0.001375035,-0.10354827,0.21638359
25444000,0.17789724,-0.049455117,0.004722495
25448000,-0.29666337,-0.009248152,-0.14440757
25452000,-0.5951614,0.2660142,-0.28442988
25456000,-0.00081715,0.5289546,-0.3252168
25460000,0.49569666,0.41600913,0.05444158
25464000,0.379405,0.012483373,0.520368
25468000,-0.17456771,-0.058909774,0.3760255
25472000,-0.8534203,0.06741407,0.3156738
25476000,-0.68497956,-0.01959093,0.7358656
25484000,0.099701285,-0.37445837,-0.14026779
25492000,-0.41249198,-0.1589392,-0.5421573
25496000,-0.29202366,0.09859379,0.22051084
25500000,-0.13523683,0.049477607,0.503593
25504000,-0.27200782,0.04234195,0.2861451
25508000,-0.7166583,-0.053797536,0.2970047
25512000,-0.72430813,-0.27987212,0.31838036
25520000,-0.20672107,0.4639465,0.6209793
25524000,-0.1003957,0.1060178,0.47124922
25528000,-0.20083433,-0.33731902,0.28609213
25536000,-0.268932,-0.5707372,-0.3110495
25540000,0.13013506,0.030216262,-0.86280555
25544000,0.4747072,0.3741079,-0.37064707
25548000,0.39871997,0.22758898,0.16747385
25552000,-0.119347766,-0.005953714,0.20007908
25556000,-0.40470564,-0.2501076,0.4517111
25560000,-0.13262668,-0.58465576,0.56038374
25564000,-0.003167428,-0.5891662,0.037432864
25568000,-0.18545914,-0.27368468,-0.37506065
25572000,-0.3001125,0.19166714,-0.1537632
25580000,-0.251255,0.27478343,0.57576853
25584000,-0.15494241,-0.007516049,0.5807336
25588000,0.011001401,-0.34099883,0.195631
25592000,-0.14749362,-0.5456545,0.21807143
25596000,-0.43937257,-0.13856322,0.5826111
25600000,-0.17441526,0.21024856,0.3642454
25604000,0.029790454,0.16443619,-0.21335472
25612000,-0.62191916,0.41058075,0.018690549
25620000,0.021344006,-0.32849908,0.33223712
25624000,0.16384777,-0.20062275,0.7357184
25628000,-0.14870605,-0.26862526,0.73595554
25632000,-0.654792,-0.2903019,-0.053240925
25636000,-0.6533956,-0.13857928,-0.66292435
25640000,-0.33194444,-0.2193242,-0.8696967
25644000,-0.02869029,-0.22295928,-0.522676
25648000,0.052912135,-0.026736714,0.2619445
25652000,-0.16863966,0.12828773,0.82281744
25656000,-0.15920764,0.34881765,1.2023029
25660000,0.042372175,0.35773748,1.2404696
25664000,-0.04615689,0.14909416,0.6051552
25672000,-0.31309122,0.14185087,-0.51310533
25676000,-0.5031267,0.29447147,-0.49389908
25680000,-0.57320124,0.28391308,-0.50413835
25684000,-0.28463918,-0.18530092,-0.30659497
25688000,0.06996265,-0.68729436,0.29755637
25692000,0.28020298,-0.71879697,0.5109364
25696000,0.25671133,-0.5707576,0.46282038
25700000,0.050868154,-0.31649947,0.66241115
25704000,0.16777277,0.05544671,0.64168954
25708000,0.2178221,0.62968105,0.36436233
25716000,-0.28936246,0.4212743,0.6266285
25720000,-0.31708243,-0.3558089,0.15504277
25724000,-0.003926471,-0.7743356,-0.5017535
25728000,0.08605645,-0.87330127,-0.45486328
25732000,-0.32999608,-0.37488502,0.2412653
25740000,-0.34283245,0.69797283,0.15150405
25744000,-0.36125258,0.4875759,-0.19440615
25748000,-0.47336856,0.23673314,-0.021302737
25756000,-0.3066234,0.0826764,0.43106264
25760000,-0.5536317,-0.31888098,0.03559116
25764000,-0.40272975,-0.65836215,-0.25988176
25768000,-0.23726243,-0.53559124,-0.12160811
25776000,0.07722981,-0.004327275,0.21331942
25780000,0.32663152,0.11663977,0.4685455
25784000,-0.020652086,0.49538088,0.42412278
25788000,-0.40926614,0.27727526,0.22828797
25792000,-0.1092,-0.31444132,0.09634392
25796000,0.38945925,-0.491491,-0.14044511
25800000,0.32673565,-0.14773387,-0.36124116
25804000,-0.117097735,-0.045890115,-0.002006576
25808000,-0.6158875,-0.19311236,0.3971093
25812000,-0.50491416,0.044845372,0.33446646
25816000,-0.29113534,0.29186416,0.3443778
25820000,-0.3772326,0.27208796,0.23780519
25824000,-0.25132883,0.19945332,-0.19350244
25828000,-0.2111302,0.119662404,-0.14876243
25832000,-0.48722637,0.047808357,0.18161426
25836000,-0.5419498,-0.2646863,0.15060292
25840000,-0.10704091,-0.7518099,0.45277187
25848000,-0.4093876,-0.041459173,0.51365405
25852000,-0.09039004,0.049454756,-0.24879862
25856000,0.20596173,-0.14253981,-0.59809506
25864000,-0.16128848,0.11208509,0.5733522
25868000,-0.18644254,0.19649726,0.35206544
25872000,-0.12686737,0.45637932,0.17238535
25880000,-0.5896354,-0.13380231,0.6734452
25884000,-0.43364885,-0.38607967,0.14540838
25888000,-0.000876617,-0.23822716,-0.43454498
25892000,0.17611873,-0.13662185,-0.30756474
25896000,-0.25403988,-0.101365276,0.07906748
25900000,-0.8060336,0.18527228,0.3447779
25908000,0.08321153,-0.4325406,0.017821044
25912000,0.12866332,-0.61738247,-0.36625212
25916000,-0.2381219,-0.4307801,-0.07232915
25920000,-0.428579,-0.09332441,0.36738527
25924000,-0.26083893,0.2135033,0.3489912
25928000,-0.2555827,-0.065997496,0.35371318
25932000,-0.49299666,-0.15429257,0.40751365
25936000,-0.5839807,0.12772363,0.44849163
25940000,-0.43465808,0.118053034,0.49372298
25948000,0.003511988,0.42815313,-0.42355222
25952000,-0.18427041,-0.03658706,-0.16740501
25956000,-0.5511366,-0.35937393,0.16733083
25960000,-0.53667104,-0.048057504,0.12144018
25964000,-0.24323638,0.008835563,-0.07207219
25968000,-0.2561965,-0.13105074,-0.19229469
25972000,-0.18079633,-0.020424232,-0.18218586
25980000,-0.2694297,-0.32624424,0.19651826
25984000,-0.26550698,-0.25643,-0.20416209
25988000,0.056633964,0.001600616,-0.15145855
25992000,0.18913889,0.30190837,0.2561447
25996000,0.123665646,-0.038959503,0.45255843
26000000,-0.19966751,-0.41681916,0.18607898
26004000,-0.32632124,-0.022848636,0.015797962
26008000,0.19401047,0.15594742,0.29868704
26016000,-1.0105088,-0.31753922,0.27570665
26020000,-1.4638689,-0.115556374,0.19237526
26024000,-0.7161006,0.27657714,-0.047726423
26028000,0.15057357,0.2653131,0.018847302
26032000,0.5556438,-0.021259591,0.24713796
26036000,0.35495383,-0.17227119,0.04755981
26040000,-0.21057682,-0.460526,-0.17829202
26044000,-0.66069573,-0.6586538,-0.15058145
26048000,-0.5379448,-0.04431142,0.06649101
26052000,0.12602648,0.8114284,0.64547217
26056000,0.14059636,0.5366039,0.5913134
26064000,-0.46699739,-0.18519433,0.38171887
26068000,-0.61974055,0.791528,0.26021954
26076000,-0.060068615,-0.31893957,-0.19601297
26080000,-0.11239743,-0.4798736,-0.18714757
26084000,-0.23831621,-0.25643763,-0.100653656
26092000,0.11926472,-0.2506292,0.000310019
26096000,-0.1480802,0.038660407,0.029365625
26100000,-0.38988245,-0.12745878,-0.05581669
26104000,-0.65683573,-0.47603834,-0.11494211
26108000,-0.81934553,0.021915928,0.14807612
26112000,-0.42509574,0.5020017,0.36048654
26116000,-0.059608325,0.008439779,0.48186862
26120000,-0.25966412,-0.43490508,0.4042176
26124000,-0.2188149,-0.29933256,0.20361258
26128000,0.022192463,0.054433428,0.0703332
26132000,0.036883075,0.108270906,-0.054045565
26136000,-0.1352666,-0.13484874,-0.16320215
26140000,-0.35788912,0.107178465,-0.2836228
26144000,-0.22907054,0.43351218,0.15225147
26148000,0.18190345,0.10833649,0.7945647
26152000,0.21794274,-0.3214024,0.7924602
26156000,-0.1285003,-0.41576546,0.29814574
26160000,-0.20748574,-0.3383429,-0.38518792
26168000,-0.2957838,0.20773655,-0.36279958
26172000,-0.7399797,0.38722843,0.13915904
26176000,-1.0601333,0.4188788,0.27748036
26180000,-0.89395773,0.26293173,0.13423827
26188000,-0.10129908,-0.5862172,0.21449763
26192000,0.06010894,-0.44753635,0.6362577
26200000,-0.6503203,0.034282062,0.61541283
26208000,-0.65887713,-0.14893416,-0.854392
26212000,-0.6539229,0.01215823,-0.70986617
26220000,-0.3027272,-0.0101678,0.29014543
26224000,0.034469087,-0.5688522,0.36583096
26228000,0.03321204,-0.7071673,0.59461147
26232000,0.33930284,-0.10110393,0.5885766
26236000,0.49553084,0.65265644,0.10455787
26240000,0.16615885,0.7442496,-0.23713492
26244000,0.095243774,-0.004933298,-0.27389732
26252000,-0.45631415,-0.09762532,-0.07679108
26256000,-0.9884881,0.24880259,-0.37303343
26260000,-0.74039257,0.27172622,-0.07263075
26264000,-0.39502284,-0.015344851,0.5958123
26268000,-0.18317723,-0.22388884,0.8030344
26276000,-0.26387686,0.68366027,0.48066068
26280000,-0.33907896,0.68969023,0.11187765
26284000,-0.26380062,0.12702735,-0.5185859
26292000,-0.20847885,-0.9515445,-0.106624395
26296000,0.047851846,-0.65044725,0.40003717
26300000,-0.4884439,-0.3775787,0.5108888
26304000,-0.85821825,0.15573929,0.32154483
26308000,-0.32074323,0.58889675,0.08094184
26316000,-0.17981708,-0.3205728,0.16940874
26320000,-0.7521911,0.019490167,0.55566317
26328000,-0.26364255,0.34809402,0.25814942
26332000,-0.085950896,-0.17059325,0.111556746
26336000,-0.15211773,-0.32194883,-0.35152423
26340000,0.04647456,-0.2720132,-0.8991023
26348000,-0.28396928,-0.008002035,0.44998515
26352000,-0.38997746,0.072116956,0.24938753
26356000,-0.22437757,0.13056159,-0.026414007
26360000,-0.32841715,-0.18466696,0.18212666
26364000,-0.2740574,-0.37463486,0.29070383
26372000,-0.26867425,-0.48553213,-0.24583475
26376000,-0.0575433,-0.45688197,0.116326675
26380000,-0.014253758,-0.09597803,0.6659812
26384000,-0.047274947,0.38425824,0.64098424
26388000,-0.059485264,0.5167664,0.057688102
26392000,-0.50522053,0.30713835,-0.4006725
26400000,-0.27863085,0.5777797,0.13420738
26404000,0.069580436,0.14700398,0.32573894
26408000,0.004041303,-0.22564313,0.20654768
26416000,0.25643182,-0.3776784,0.006682247
26420000,-0.26788682,-0.18100706,-0.017452255
26424000,-0.70332396,0.26901382,-0.08312307
26428000,-0.52667964,0.32803315,-0.051090773
26432000,-0.3493575,-0.043349236,-0.18151279
26436000,-0.62467444,-0.44236332,-0.2854889
26440000,-1.1047499,-0.5942924,-0.091266334
26444000,-0.90676165,-0.18936688,0.16912481
26448000,0.112070024,0.21001418,-0.039855577
26452000,0.8432795,0.18992491,-0.102503635
26456000,0.9406632,0.08676074,0.46065742
26464000,-0.51251817,-0.14152063,0.38705975
26472000,-0.879591,-0.10656068,0.2980845
26476000,-0.7977904,-0.6039546,0.20811284
26480000,-0.5851759,-0.65651506,0.002101399
26484000,-0.619797,-0.34921098,-0.04249406
26492000,0.04832697,0.34916687,-0.080876864
26496000,0.67750037,0.28617686,-0.040561117
26500000,0.5730399,0.5658672,-0.14464521
26504000,0.111874565,0.88578945,-0.12203462
26508000,-0.20039813,0.3424026,0.09083796
26512000,-0.3536132,-0.37556946,0.20274827
26520000,-0.36669028,-0.08455855,0.15731977
26524000,-0.40085524,-0.1873383,0.36765823
26528000,-0.27007654,-0.07623692,-0.0817855
26532000,-0.020678565,-0.20143369,-0.674504
26536000,-0.12878284,-0.7240073,-0.61843944
26540000,-0.32794476,-0.61936176,0.02363491
26548000,-0.20901917,0.6846247,-0.21330613
26556000,-0.5700337,-0.0887664,0.3496755
26560000,-0.41207856,0.24859518,0.85416377
26564000,0.05026012,0.31642026,0.4624158
26572000,-0.26372293,0.05342952,0.29282564
26576000,-0.46511897,-0.23613995,0.53910416
26580000,-0.19606614,-0.3851098,-0.066299915
26584000,0.10779685,-0.11820124,-0.5503055
26588000,-0.41425863,0.16976343,-0.2708041
26592000,-1.0317078,-0.07044295,-0.13862677
26596000,-0.76456046,-0.39656517,-0.28879333
26600000,-0.30638602,-0.3976233,-0.15362075
26604000,0.03856975,-0.40408528,0.09500012
26608000,0.33369344,-0.37721223,0.22673638
26612000,0.25774828,0.05487609,0.4533869
26616000,-0.027245402,0.66974884,0.71793896
26620000,-0.288818,0.71004814,0.46944413
26628000,-0.24339148,-0.33225253,-0.231383
26632000,-0.1817629,0.000711128,0.106222674
26640000,-0.4643578,0.48169547,0.10249193
26644000,-0.48103452,0.21320257,-0.2270558
26648000,-0.5760999,-0.12703729,0.19666022
26652000,-0.5734454,-0.33516574,0.47995698
26656000,-0.2687239,-0.1739513,0.026872367
26664000,0.3341292,0.14365153,-0.5138354
26668000,0.022468776,-0.29966787,-0.33187315
26672000,-0.22351247,-0.31483763,-0.23836912
26676000,-0.4860303,0.16375263,-0.15310524
26680000,-0.4788629,0.13028812,0.09820098
26688000,0.219602,-0.39948228,0.8441989
26692000,0.27231646,-0.049644522,0.84354967
26696000,-0.071869664,0.27334395,0.4084957
26700000,-0.6122821,0.09885816,0.19726768
26704000,-0.71511406,-0.068996966,0.13196343
26712000,0.1178006,-0.11259733,-0.45221075
26716000,0.32647496,-0.7684487,-0.49041355
26720000,0.16968706,-1.1249251,-0.21565485
26724000,-0.2413241,-0.7178103,-0.08987813
26728000,-0.56183624,0.12593727,-0.105568744
26736000,-0.69880855,0.37435052,-0.0598924
26740000,-0.69595647,0.12903994,-0.22445312
26744000,-0.17792988,0.24750009,-0.22601762
26748000,0.2447593,0.2527952,0.13076095
26756000,0.013899207,0.056972288,0.5891088
26760000,0.037266113,-0.10444637,0.3606192
26764000,0.075993225,0.084449634,0.25527868
26768000,-0.17063811,0.18379349,-0.3221269
26772000,-0.5652422,-0.33065772,-0.8503846
26776000,-0.5509893,-0.7348278,-0.4474005
26784000,0.12872157,-0.23063675,0.6015011
26788000,-0.04974193,-0.1440648,0.23703304
26796000,0.1698046,0.262352,-0.20976636
26800000,0.2903766,0.5248361,-0.015532354
26804000,-0.37209386,0.68619525,-0.06205412
26808000,-0.6985873,0.5861279,-0.24217758
26812000,-0.31150395,0.13004345,-0.11662531
26816000,-0.20047739,0.0689484,0.5202964
26820000,-0.3909459,0.4112727,0.55902493
26824000,-0.18868333,0.5006126,-0.084404066
26828000,0.06744485,0.08432876,-0.5227879
26836000,0.11576613,-0.42835823,-0.43853885
26840000,0.101752795,0.35585943,0.3491197
26844000,-0.16377847,0.36814025,0.57387257
26848000,-0.52603877,-0.105479196,0.56956065
26852000,-0.7147678,-0.3652258,0.60624
26856000,-0.68685734,-0.6804074,0.3861729
26860000,-0.5275541,-0.49702033,-0.06922483
26864000,-0.22002086,-0.037066273,-0.2695494
26868000,-0.2609005,-0.07440705,0.047730252
26872000,-0.66649914,-0.1511785,0.003664762
26876000,-0.901948,-0.008985369,-0.32655168
26884000,0.20881113,0.06833866,0.13885435
26888000,0.6531668,-0.27803743,0.14645797
26896000,0.36516437,0.29881087,-0.037041143
26900000,0.09896843,0.30803502,0.106482096
26904000,-0.5584065,0.039489448,0.31817728
26908000,-0.8204793,0.061675347,0.043314517
26912000,-0.4878146,-0.08186701,-0.39142302
26920000,0.039347254,-0.96372604,0.33737615
26924000,-0.20237356,-0.19486147,0.20995471
26928000,-0.30889606,0.4119,0.005714145
26932000,-0.21486002,0.6017767,0.08890813
26936000,-0.3041144,0.6193133,0.04950387
26940000,-0.070939,0.13309443,0.04610285
26944000,0.27089953,-0.5304106,0.26772332
26948000,-0.06443608,-0.62785226,0.42912892
26952000,-0.17521977,-0.18401566,0.3953463
26956000,-0.12356705,-0.007151432,0.4078129
26960000,-0.38510188,-0.038675636,0.37943405
26964000,-0.1538287,0.15267278,0.16898403
26972000,0.6795575,0.24435362,-0.09999105
26976000,0.28691965,0.054320995,-0.49210578
26980000,-0.16796955,-0.09556274,-0.86932075
26988000,-0.7405645,0.32255062,-0.9817003
26996000,-0.033359647,-0.5035035,0.15621854
27000000,-0.66534036,0.1682254,0.73616326
27004000,-1.1196175,0.65673137,0.9855544
27008000,-0.9547268,0.24163556,0.8509166
27016000,-0.9811156,0.13448802,-0.2724051
27020000,-1.0529261,0.14644144,-0.51559526
27024000,-0.884648,-0.17282158,0.16091004
27028000,-0.64111114,-0.52834237,0.624546
27036000,-0.51156235,-0.2186514,-0.22399016
27044000,-1.8123653,0.16851273,-0.42418578
27048000,-2.184524,0.16900605,0.1836431
27056000,-1.60828,-0.01962629,0.2479597
27060000,-1.3266633,-0.25397524,0.024847222
27064000,-1.3059418,-0.016727418,-0.26518035
27072000,-1.9102433,0.21313538,-0.7946275
27076000,-1.6354532,-0.21683995,-0.68549883
27080000,-1.6866328,-0.3062808,-0.28070274
27084000,-1.795539,-0.3334022,0.03203708
27088000,-1.4826162,-0.52161664,0.17414841
27092000,-1.6511468,-0.60932785,0.003865974
27096000,-2.1576793,-0.26567382,-0.18430382
27100000,-2.1126947,0.22685608,0.29468155
27104000,-1.8049347,0.5162417,0.5458149
27108000,-1.7361803,0.47929096,0.23243207
27116000,-2.2263212,-0.12760831,-0.5810236
27120000,-2.0712001,0.1636838,-0.8582152
27124000,-1.8522861,0.29077357,-0.37309757
27128000,-1.9093151,0.22537097,0.08920694
27132000,-1.8381137,0.07354011,0.4745207
27136000,-1.6884553,-0.17215368,0.56652194
27140000,-2.0690358,-0.29471055,-0.20011464
27144000,-2.2396195,-0.16697684,-0.8913916
27148000,-1.9138554,0.032166883,-0.8615076
27152000,-2.3046675,-0.089059964,-0.71472967
27156000,-2.5640702,-0.37141073,-0.4424053
27164000,-1.4139966,0.023078606,0.25335002
27168000,-2.0917156,0.439694,0.09683071
27172000,-2.8230724,0.5475472,-0.18223484
27176000,-2.4165068,0.033238888,-0.14832075
27180000,-1.5247145,-0.3677169,0.13535985
27184000,-1.3515975,-0.36103505,0.258034
27192000,-1.7666065,0.047191978,0.37062246
27196000,-1.148468,0.32347813,0.07867026
27200000,-0.65051836,0.16011429,-0.3478005
27204000,-0.64323807,-0.40911013,-0.529154
27208000,-0.8539292,-0.13356492,-0.3570795
27216000,-1.4979881,0.36115402,-0.6065558
27220000,-1.7131271,-0.04181771,-0.39907813
27224000,-1.2658031,-0.64170146,0.15859403
27232000,-1.0544215,-0.46636435,-0.3853834
27236000,-0.98261833,-0.23043571,-0.3308587
27240000,-0.90198433,-0.20099917,-0.50508696
27248000,-0.91541934,0.32828623,0.07733202
27256000,-0.26408657,-0.0456862,0.28212222
27260000,-0.42300165,-0.12780546,0.07854418
27264000,-0.94771945,-0.6716413,-0.010333497
27268000,-0.9681349,-0.7934431,-0.013435818
27272000,-1.1136547,-0.16475593,-0.29371467
27276000,-1.2550004,0.57967705,-0.6711643
27280000,-0.763697,0.6942414,-0.6808534
27288000,-0.18740243,-0.16468906,-0.43682408
27292000,-0.11675416,0.051780507,-0.5238665
27296000,-0.5339327,-0.08527408,-0.32451653
27300000,-1.1286268,-0.25807226,0.24190904
27304000,-0.98619914,-0.10924691,0.4884602
27308000,-0.69856006,-0.3131765,0.09358744
27312000,-0.4662024,-0.37710494,-0.28032982
27316000,0.08134982,-0.07812714,-0.27615124
27320000,0.16234574,0.08221068,-0.105507866
27324000,-0.27411175,0.35574973,0.079836726
27328000,-0.3372418,0.23859267,0.022360398
27332000,0.09111562,-0.01176811,-0.27586988
27336000,0.40296096,0.36854684,-0.43973175
27344000,-0.008287512,0.30356252,-0.24006867
27348000,-0.6317399,0.115297265,-0.5577039
27352000,-0.82406497,-0.7767983,-0.7108418
27356000,-0.5663865,-1.3704505,-0.35240203
27360000,-0.2637054,-0.5236042,0.09519784
27368000,-0.037357986,0.36258614,-0.024301678
27372000,-0.30950904,0.47894087,-0.43210053
27376000,-0.5798414,0.51562035,-0.34798837
27384000,-0.54147255,0.32023394,0.030295923
27388000,-0.5027391,-0.21639866,-0.07531378
27392000,-0.32175452,-0.48827654,-0.004404422
27396000,0.0722939,-0.5107639,-0.007520562
27400000,0.20157272,-0.42950818,-0.22125874
27404000,-0.03894203,-0.036199242,-0.023338884
27408000,-0.38177037,0.020623617,0.039916687
27416000,0.01302059,-0.6255294,-0.2878194
27424000,0.09342416,-0.03483358,0.002966635
27428000,-0.16854493,0.1929018,-0.20468053
27436000,0.06276193,0.06630217,-0.45636487
27440000,-0.03596887,-0.08560017,0.08254556
27444000,0.118411966,-0.1389017,0.4092061
27448000,0.3518746,0.47401407,0.006070525
27452000,0.34980807,0.9882174,-0.42198488
27456000,0.23772067,0.40698886,-0.56202775
27460000,-0.20894013,-0.52200973,-0.41919196
27464000,-0.33246118,-0.89479744,-0.059650514
27468000,0.00824213,-0.5569564,-0.062106997
27472000,-0.10431756,-0.19565848,-0.531553
27476000,-0.5741932,-0.17999564,-0.4725346
27480000,-0.656918,0.053943127,-0.007196426
27488000,0.14962506,0.39297152,0.42707533
27492000,0.16613007,-0.3277688,0.39513528
27496000,-0.15903132,-0.5845235,-0.20976667
27500000,-0.09222007,-0.023734853,-0.64738876
27504000,0.04541421,0.650607,-0.5143261
27508000,-0.04870393,0.538458,-0.1932814
27512000,0.16394216,-0.16170879,0.104250684
27516000,0.5340014,-0.2679652,0.21915263
27520000,0.12374298,0.03529445,-0.10368538
27528000,-0.5083331,0.29983926,0.0396341
27532000,-0.19610885,-0.1446096,-0.13129723
27536000,0.05738783,-0.21407194,-0.41147107
27540000,0.62667775,0.026570447,-0.6182126
27544000,0.8777925,-0.1268658,-0.70534897
27548000,0.5421456,-0.1823016,-0.44013092
27556000,0.027696997,0.09332224,0.28869405
27560000,-0.5030329,0.051326502,-0.59036267
27564000,-0.5780446,-0.207254,-1.2313002
27568000,-0.28628054,-0.33463842,-0.5392153
27572000,-0.43941203,-0.23248017,0.64756465
27576000,-0.38573667,-0.3129295,1.0990659
27584000,0.6189504,-0.16992207,-0.16165504
27588000,-0.051529467,0.55115473,-0.1855323
27592000,-0.59598255,0.44874817,-0.1138785
27596000,-0.49796158,-0.18325293,-0.76675713
27600000,-0.08625591,-0.051997326,-1.2130185
27604000,0.16447192,0.59190106,-0.8652856
27608000,0.16149703,0.4284234,-0.1755617
27612000,-0.008523732,-0.2509788,0.1245722
27620000,0.002659097,-0.28119525,-0.006380908
27624000,0.3239023,0.003601313,0.043980673
27628000,-0.001848891,0.37455764,0.21237111
27636000,-0.25682646,0.590077,0.04168585
27640000,0.032002226,-0.001737922,-0.33668298
27644000,-0.32976633,-0.33337617,-0.21941657
27648000,-0.57911944,-0.12546413,-0.034154568
27652000,-0.10923472,0.092864,-0.21355587
27656000,-0.17645803,0.23553166,-0.22320797
27660000,-0.45752633,0.12870628,-0.49873206
27664000,-0.07282786,-0.3431378,-1.0654472
27668000,0.4334648,-0.43366724,-0.79745495
27672000,0.33497757,-0.11587427,0.12567912
27676000,0.19412778,0.1008127,0.5354787
27684000,0.8121723,0.4680033,-0.41776186
27692000,-0.3131985,0.18876249,-0.47762418
27700000,-0.412615,-0.16973647,-0.28396463
27704000,-0.14615247,-0.3343326,0.33912417
27708000,0.29090518,-0.46545982,0.62604064
27716000,0.5438941,0.21665105,-0.65132445
27720000,0.18579386,0.2599407,-0.6974217
27728000,-0.3167556,0.38258108,-0.36625218
27732000,-0.35013747,0.61641204,-0.31755346
27736000,-0.022589445,0.75191945,-0.23879325
27744000,-0.05537282,-0.44050536,0.5220753
27748000,-0.16744608,-0.41984516,0.35113177
27752000,-0.34256837,-0.26605335,-0.055166304
27760000,-0.3750885,0.027522266,-0.98268205
27764000,-0.028715156,0.056208827,-1.0582211
27768000,0.08009969,0.009881897,-1.2851663
27772000,0.051595338,0.3086851,-0.8481693
27776000,0.35696322,0.69089955,0.5733162
27780000,0.5297066,0.4797039,1.3386506
27788000,0.14337283,-0.36156318,-0.011879355
27792000,0.20730862,-0.22157219,-0.36621684
27800000,0.2898311,0.1319561,-0.64260715
27804000,0.2402361,0.1278981,-0.48912615
27812000,0.5203922,0.054246902,-0.04205665
27816000,0.003874302,0.3958912,-0.7008234
27820000,-0.5803047,0.3363852,-0.8977525
27824000,-0.59287596,0.18337035,-0.43237814
27828000,-0.07206415,0.28403878,0.06667113
27832000,0.25816396,-0.23033287,0.021758623
27836000,0.21131869,-0.8001347,-0.09379004
27844000,-0.25953564,-0.33182955,-0.5943211
27848000,-0.047481544,0.3706623,-0.5514157
27856000,-0.21988836,0.667027,-0.014697522
27860000,0.28701195,0.15434165,0.21192577
27864000,0.94168395,-0.3533172,-0.10600911
27868000,0.9030404,-0.3969805,-0.29727775
27876000,0.23222718,-0.093230665,0.26877338
27880000,0.17169473,0.08637146,0.41583666
27888000,-0.30481666,0.5930562,-0.6862149
27892000,0.2490277,0.42340636,-1.0901381
27896000,0.5526576,0.39209765,-0.86959386
27900000,0.38236365,0.4263767,-0.5975256
27904000,0.35212082,0.27597052,-0.27679536
27912000,0.4120379,-0.194713,-0.09744254
27916000,0.25796658,-0.45079267,-0.24717715
27924000,-0.51076436,0.3225336,0.36211443
27928000,-0.16073546,0.8224431,0.6125829
27932000,0.6517527,0.56471455,0.1838737
27936000,0.6001154,0.0696881,-0.25714305
27940000,-0.1051805,-0.18201458,-0.32396847
27944000,-0.6335356,-0.08591343,-0.6420205
27948000,-0.38951075,-0.018441617,-1.0082312
27952000,0.23822442,-0.351753,-0.83344185
27956000,0.42326945,-0.4757411,-0.46358553
27960000,0.12066372,-0.008095145,-0.1634973
27964000,-0.169134,0.38342562,-0.026367906
27968000,-0.18113504,0.2317209,0.000697872
27972000,-0.018686399,-0.004382074,0.064721085
27976000,0.45560953,0.20024373,-0.008832708
27980000,0.78281367,0.5439866,-0.44166327
27988000,0.11304939,-0.11298598,-0.00724569
27992000,0.16669843,-0.23031089,0.52484274
27996000,0.35782248,-0.15311952,0.46146622
28000000,0.052476287,0.000672128,0.002587743
28004000,-0.26312068,0.10446701,-0.7664099
28008000,-0.09226224,0.03419471,-1.1510744
28012000,0.25161976,-0.12754907,-0.8495227
28016000,0.5317092,-0.09077679,-0.5472858
28020000,0.51154804,0.13914524,-0.15105641
28028000,-0.013618201,0.1183542,0.2528184
28036000,0.28115255,0.27992865,-0.32445884
28040000,0.16786337,0.5369308,0.19765562
28044000,-0.27103722,0.09378035,0.1781292
28048000,-0.18132353,-0.47953874,-0.19609073
28056000,0.39208752,0.16347289,0.10214189
28060000,0.7305035,0.25164467,0.14980876
28068000,-0.4894651,0.20428434,-0.88924956
28072000,0.09610042,0.26412153,-0.7051651
28076000,0.38412037,0.5435384,-0.4368016
28080000,0.1354304,0.74901754,-0.31266436
28084000,0.48240992,0.37048417,-0.4977589
28088000,0.56349885,-0.1879719,-0.65620095
28092000,-0.3234918,-0.4002619,-0.111797065
28100000,-0.36836234,0.12370151,0.3211928
28104000,0.18863502,0.5157545,-0.009701878
28108000,0.23158939,0.23482269,-0.1958991
28116000,0.43772548,0.31005144,0.34449306
28124000,0.632799,0.41794515,0.36439484
28128000,0.67724454,-0.16748026,-0.22908098
28136000,-0.15133917,-0.17412369,-0.19612354
28144000,0.17118335,0.591226,-0.37894404
28152000,-0.26179016,0.09350346,-0.32859585
28156000,0.010090143,-0.30588648,-0.27600908
28160000,0.0862767,-0.035878763,-0.24746324
28164000,0.09953174,0.20404066,-0.43049583
28172000,-0.11563128,-0.155328,-0.6424371
28176000,-0.24837545,-0.1494134,-0.68383586
28180000,-0.19071934,-0.10277574,-0.38503617
28188000,0.15990378,0.73475933,0.272997
28192000,0.62053716,0.8092731,0.29517305
28196000,0.9330282,0.3173751,0.28090468
28200000,0.7321929,-0.15090214,0.0671214
28204000,0.3016415,-0.11058136,-0.14992186
28208000,-0.030836098,0.21742734,-0.24597335
28212000,-0.101207666,0.20384288,-0.6406597
28216000,0.12673843,-0.057852335,-0.9897881
28220000,0.15844925,-0.18816614,-0.5002645
28224000,-0.07632438,-0.028365843,0.24977648
28228000,-0.32790548,0.18999526,0.5913896
28232000,-0.4013448,0.12650411,0.76230955
28236000,0.03470117,0.1289486,0.4445474
28240000,0.21714151,0.557726,0.014787361
28244000,-0.20819026,0.9299769,0.17440318
28248000,-0.23293024,0.66035604,-0.048720464
28252000,0.2230765,-0.060598783,-0.67383635
28260000,0.60021883,-0.606614,-0.42037526
28268000,0.3031299,0.5629127,-0.34297284
28272000,0.613631,0.088531196,-0.1524803
28276000,0.54510194,0.13551207,0.11506691
28280000,0.15489423,0.51851624,-0.0453823
28284000,-0.114256196,0.6948512,-0.542501
28292000,-0.34677708,0.21961707,-0.3451923
28296000,0.03160046,0.007328628,0.6578681
28304000,1.1971755,-0.42082098,0.5397717
28308000,1.1028109,-0.29234558,0.3103068
28312000,0.61857957,-0.080092914,-0.3099532
28316000,0.016930833,0.05127917,-0.96103764
28320000,-0.24728982,0.20880793,-0.7161145
28324000,-0.21721146,0.18096307,0.05114594
28328000,-0.19372587,-0.16036426,0.47528866
28332000,-0.037636686,0.00150859,0.14966485
28340000,0.26868722,0.4614128,-0.5972444
28344000,0.14089672,0.3032763,-0.5573534
28348000,0.26638466,0.37606472,-0.4961022
28352000,0.8282016,0.25329328,-0.5116864
28356000,0.56174076,-0.20454097,-0.56193024
28364000,0.49889743,0.026265688,0.81649214
28372000,0.21937808,0.16918719,0.068950266
28376000,-0.27974597,-0.3031215,0.022935621
28380000,-0.18142605,-0.021063328,-0.37115416
28388000,0.303249,0.62950253,-0.4296437
28392000,0.33879772,0.6479522,-0.15134767
28396000,0.53810126,0.35085535,-0.36417216
28404000,0.30148926,-0.4302178,-0.5164966
28408000,-0.037530225,-0.6036435,-0.22889966
28412000,-0.028804464,-0.24390805,0.19574438
28416000,0.060814664,0.3558385,0.07304889
28420000,-0.06059862,0.43019223,-0.25244674
28424000,-0.06877492,0.11385444,-0.38822934
28428000,0.31017682,0.026886936,-0.1519055
28436000,0.5722645,0.29666418,0.16617906
28440000,0.1928688,0.080815226,0.065951936
28448000,0.10714919,0.9780357,-0.32586023
28452000,0.39206302,1.1776078,-0.48673376
28456000,0.3766325,0.85381544,-0.30396742
28460000,0.30272064,0.12492183,0.20243566
28464000,0.124925226,-0.26218873,0.37725842
28472000,0.26137325,-0.01627028,-0.5376433
28476000,0.09565875,-0.14986737,-0.5782185
28480000,-0.030562496,-0.45822525,-0.28576243
28484000,0.13675219,-0.54619795,-0.17570464
28488000,0.23911971,-0.15962099,-0.23460081
28492000,0.4327753,0.12513264,-0.22460458
28500000,1.1985929,0.33831072,-0.3177514
28504000,0.82234067,0.8270958,-0.20120454
28508000,0.0982033,0.8093294,-0.12460333
28512000,-0.39883807,0.5023758,0.087179065
28516000,-0.49309418,0.28245178,0.13573326
28520000,-0.41060382,0.16297661,-0.10805384
28524000,-0.075324625,-0.032002904,-0.23974302
28528000,0.34974095,-0.2535517,-0.015686035
28532000,0.5043177,-0.5696769,0.0818259
28536000,0.3630485,-0.5150767,0.35009956
28544000,0.14335573,0.74169797,-0.2446537
28548000,0.21054387,0.49213472,-0.7494571
28552000,0.3651354,0.27691293,-0.5044716
28556000,0.45864412,0.071598165,-0.24404605
28560000,0.3890752,-0.23794326,0.09311648
28564000,0.42137912,0.033758506,0.07847504
28568000,0.44356424,0.6475935,-0.19294265
28572000,0.2460413,0.7556303,-0.2820027
28576000,0.045588892,0.6189965,-0.24709538
28584000,0.23007843,0.3267699,-0.41550457
28592000,-0.121950276,-0.16005516,-0.34234953
28596000,0.10555388,-0.21906613,0.2298289
28600000,0.35057628,-0.3192594,0.7227762
28604000,0.6626202,-0.1759981,0.02111867
28608000,0.6915671,-0.023080103,-0.60593784
28612000,0.34236014,-0.022318631,-0.47846013
28616000,-0.04966554,0.37099802,-0.37878475
28620000,-0.12071113,0.7293238,-0.1410373
28624000,0.25827003,0.4181319,-0.04210655
28628000,0.47026992,0.1383384,-0.18130703
28632000,0.5094804,0.25387168,-0.34099168
28636000,0.47312585,0.26199803,-0.54695547
28640000,0.08336195,-0.29192296,-0.29499024
28644000,-0.06353596,-0.47166672,0.06281689
28648000,0.3425479,0.34767017,-0.17784697
28652000,0.8389442,0.8592974,-0.36314708
28656000,0.84585136,0.6155394,-0.21035607
28660000,0.29443094,0.13664615,-0.19540618
28664000,-0.021937802,-0.3512213,-0.2606731
28668000,-0.13806589,-0.4232965,-0.19589964
28672000,-0.3806268,0.059247494,0.052119732
28680000,-9.42E-05,0.28132004,0.24494323
28684000,-0.21337555,-0.054869324,0.23656444
28688000,-0.44284225,0.134191,0.49219933
28692000,0.054187983,0.60532117,0.406973
28696000,0.7357862,0.83935165,-0.098964214
28700000,0.8903853,0.6676099,-0.4099376
28707999,0.23372851,-0.0719592,-0.49809042
28712000,0.24512416,0.06815808,-0.58458924
28716000,0.21624717,0.04945126,-0.42608804
28724000,-0.03514605,0.021918148,-0.12415599
28728000,0.2742347,-0.007857859,-0.367713
28732000,0.66809464,-0.1544829,-0.70072156
28735999,0.4514488,-0.07255453,-0.42400753
28744000,0.1365758,0.62131816,0.36218244
28747999,0.17996916,0.4563448,0.066951975
28752000,-0.15887737,0.46543548,-0.10191333
28756000,-0.35010886,0.66779476,0.084339544
28764000,0.93374616,-0.14519548,-0.002643734
28771999,0.88511515,0.42630923,-0.74403
28776000,0.097691566,0.15259328,-0.23542096
28780000,-0.38591748,0.15601635,0.3599049
28784000,-0.53320116,0.19854409,0.18798691
28788000,-0.17501353,0.14091992,-0.5989032
28792000,0.34388685,0.33800423,-0.94348145
28796000,0.48709768,0.37725762,-0.36718377
28804000,0.50370735,0.2057495,0.08323694
28808000,0.5013052,-0.11287217,0.75575185
28811999,0.4340946,-0.3636976,1.0182087
28820000,0.7214701,0.33547524,-0.33273068
28823999,0.527585,0.5882308,-0.49704456
28828000,0.78766876,0.37929207,-0.52315533
28832000,0.533617,0.21686034,-0.5763142
28835999,-0.14426038,0.15897349,-0.74662733
28844000,-0.764985,-0.110836685,0.365098
28848000,-0.19218163,-0.14046225,0.44200107
28852000,0.14258361,-0.24732658,0.09443266
28856000,0.32799914,-0.34165922,-0.089707404
28860000,0.36216635,0.032890588,-0.03460034
28863999,0.06346725,0.54457724,-0.26427674
28872000,0.49292192,0.014883623,-0.4535709
28875999,0.41396883,-0.41858742,-0.5129346
28880000,0.3847995,-0.1926439,-0.21820241
28884000,0.7155001,0.04616034,0.19397768
28887999,0.931952,0.05500917,0.5103099
28892000,0.9243399,0.09110808,0.5212351
28896000,0.6338856,0.36610007,0.273694
28904000,0.109898895,0.7524391,-0.3031111
28908000,0.24207607,0.28702617,-0.31089175
28912000,0.6053178,0.1373952,-0.038983643
28916000,0.6838646,0.38202256,-0.028115712
28920000,0.00966534,0.4288719,-0.119297355
28927999,0.27912307,0.7511425,-0.5109475
28932000,0.44974074,0.4933167,-0.5156188
28936000,0.05711793,0.038601864,0.113954395
28944000,-0.36345792,-0.2141147,0.030918598
28948000,0.23926948,-0.3909679,-0.010494836
28951999,0.33922964,-0.16677773,-0.013782464
28956000,-0.031065106,0.408842,-0.21028881
28960000,0.099389255,0.19968794,-0.21695718
28963999,0.6638784,0.051958572,0.093169555
28968000,1.151502,0.39788467,-0.07204831
28972000,1.2402897,0.44680762,-0.54981667
28976000,0.60349333,0.53512776,-0.8325686
28980000,0.020511948,0.78953,-0.78920054
28984000,-0.13289338,0.67412853,-0.45803022
28988000,-0.09511197,0.007577017,-0.002767414
28996000,0.8009732,-0.67948955,0.21301864
29000000,0.4168598,-0.48622113,0.12388003
29003999,0.3724305,0.0479493,0.25591704
29012000,0.08157847,0.504547,0.094620034
29015999,0.33900142,0.5984554,-0.3130393
29020000,0.8356968,0.7232771,-0.16434774
29024000,0.778231,0.3877722,0.053285424
29027999,0.08066413,-0.005745869,0.11208867
29032000,-0.35752535,-0.23262171,0.55558074
29036000,-0.07120393,-0.29455155,0.6924883
29040000,0.31572852,-0.111482315,-0.19032651
29044000,0.6802416,0.003630634,-0.777954
29048000,1.0276799,0.030143641,-0.49075273
29052000,1.0546108,0.15402508,-0.16904172
29055999,0.6570265,0.17259516,-0.26710653
29060000,0.088241085,0.50416535,-0.451961
29064000,-0.15914369,0.9739775,-0.218404
29067999,-0.005432071,0.6483563,0.1385982
29072000,0.094523355,-0.03795916,0.058644995
29076000,-0.044916697,-0.26936764,-0.12670125
29079999,-0.02650389,0.010866866,-0.082670145
29084000,0.24718104,0.26937446,0.037465714
29088000,0.5345642,0.24826497,0.1479851
29096000,0.5930221,-0.049100053,-0.4691777
29100000,0.6174249,-0.058880776,-0.06697738
29104000,0.66143155,-0.28880718,0.41447657
29108000,0.532676,-0.28033796,0.17015472
29112000,0.29667288,-0.02075135,-0.31546152
29116000,0.15568627,0.35904312,-0.6051057
29119999,0.48496014,0.582814,-0.37778008
29124000,0.6672826,0.38057366,0.17845511
29128000,0.27253014,0.515974,0.5689238
29136000,0.19864796,-0.3055244,-0.6382701
29140000,0.049672842,-0.23336613,-0.9529487
29143999,-0.28391767,0.10305977,0.2576414
29148000,-0.11836547,-0.13529286,0.73415697
29152000,0.2958508,-0.1537826,-0.07107523
29156000,0.49864882,0.5159373,-0.5126178
29160000,0.70623434,0.8337488,-0.55162174
29164000,0.629899,0.3133875,-0.58105755
29168000,0.5419756,-0.14797127,-0.34154755
29172000,0.54960275,-0.12824905,-0.06955689
29176000,0.7705608,0.064359434,0.075609975
29180000,1.574742,0.050159674,0.26027304
29183999,2.0480008,0.051725797,0.15569851
29188000,1.8875333,0.30206367,-0.006615959
29192000,1.5508685,0.33469784,-0.10994931
29195999,1.4882157,0.34636953,-0.5445455
29200000,1.7779953,0.45663053,-0.46663558
29207999,2.2325206,0.5269967,0.5318405
29212000,2.5099046,-0.10072678,0.899466
29216000,2.3341482,-0.4579144,0.43591827
29220000,2.1232533,0.042950466,-0.15459473
29224000,2.2392855,0.56961197,-0.24001178
29228000,2.3235343,0.62977785,-0.12139675
29235999,2.5536535,-0.2563631,-0.417442
29240000,2.6404636,0.18761641,-0.32835627
29244000,2.181823,0.4813398,0.10650769
29247999,1.5733378,0.31257078,0.08179754
29252000,1.6423726,0.2520084,0.004107898
29259999,2.3981466,-0.3205095,0.17277306
29264000,2.4362059,-0.43818042,-0.24506983
29268000,2.679959,-0.29972115,-0.29968086
29271999,2.6655483,-0.008340177,0.115252584
29276000,2.0156152,0.34565198,0.2715126
29280000,1.6727309,0.2320052,0.08551045
29288000,2.3605275,-0.28006694,-0.008535214
29292000,2.1380465,-0.27451104,0.31862774
29296000,1.9444797,-0.021589488,0.35660735
29304000,2.4287338,-0.40090856,0.104184985
29308000,2.668278,-0.321485,0.08504249
29311999,2.5748513,-0.34357008,-0.33056647
29320000,2.055373,-1.0662282,0.44345874
29323999,1.5731947,-0.6211111,0.55745494
29332000,2.3366418,0.04153949,-0.029264394
29335999,2.5972815,-0.5726462,0.08498453
29340000,2.1956897,-0.6537466,0.23818876
29344000,2.0826912,-0.58021986,0.13161951
29348000,2.2502842,-0.8506498,-0.25178915
29352000,2.2550273,-0.6270927,-0.47385138
29356000,1.9906466,0.026539564,-0.17453597
29360000,1.5163443,0.014514774,0.29971665
29363999,1.295068,-0.54196966,0.47248736
29372000,2.185761,-1.07046,0.012194142
29375999,2.6065843,-0.6185459,0.038706202
29380000,2.268294,0.15299453,0.6059269
29384000,1.5108927,0.26233995,0.69651896
29387999,1.160591,-0.40308326,0.2891766
29392000,1.6587291,-0.6960968,0.29622158
29396000,2.2017994,-0.356146,0.45820624
29399999,2.2066412,-0.29163924,0.3440914
29408000,2.1309521,-0.97730637,0.30568594
29412000,1.9926326,-0.3963723,0.3528603
29416000,1.5340064,-0.18102475,0.495566
29424000,1.4260615,-0.5029724,-0.3068177
29427999,1.1621603,-0.76375914,-0.09925754
29432000,1.3383152,-1.0755472,0.27088082
29436000,2.1246169,-0.98123753,0.17605127
29439999,2.3840888,-0.5953033,0.031142734
29444000,1.9368508,-0.34237754,0.18024392
29448000,1.511354,-0.43394604,0.51463056
29456000,1.9321373,-0.672149,0.017401602
29460000,1.9762361,-0.16764906,-0.34492105
29468000,1.2902284,0.021218032,0.40612078
29472000,1.5760157,-0.048487946,0.40447554
29476000,1.9476415,-0.44416797,0.3598004
29480000,2.0617595,-1.0721306,0.42173642
29488000,2.0620556,-0.78223777,0.4705277
29491999,1.6678536,-0.19380617,0.08523329
29496000,1.7034194,0.50092065,-0.29839116
29500000,1.7958646,0.30445516,-0.18178934
29508000,0.9990456,-0.9122813,0.86327296
29512000,1.1288148,-1.0515752,0.6501223
29515999,1.7043113,-0.6845082,0.39723238
29520000,1.6307485,0.003251597,0.40576681
29524000,1.4570904,0.43694127,0.01662898
29527999,1.6397029,0.41444045,-0.21337825
29532000,1.4932551,-0.29404393,0.15490843
29536000,1.1169834,-0.83898085,0.55606735
29544000,1.621897,-0.35346413,-0.4164462
29548000,2.4403398,-0.3845592,-0.34528083
29552000,2.2113678,-0.49791315,0.39257914
29555999,1.247483,-0.28261518,0.71724635
29560000,1.0389084,0.166682,0.44954053
29564000,1.7532716,-0.0718755,0.046025015
29572000,0.82485473,-0.628314,-0.2446764
29576000,0.7695594,-0.42296585,0.28356004
29579999,1.3224666,0.04076159,0.4437511
29584000,1.752747,0.3523035,0.69297045
29588000,1.7343724,0.16307253,1.086366
29591999,1.3088195,-0.58031,0.8371339
29596000,1.1481032,-0.58620024,0.22711144
29600000,1.3017613,0.010441989,-0.047113128
29608000,1.5573031,-0.2388944,0.3692974
29612000,1.5385681,-0.11786488,0.19269565
29616000,1.1253511,0.049923543,-0.04433525
29624000,1.4058621,-0.29497182,-0.22047468
29631999,1.2879186,-0.53148085,1.0105929
29636000,0.90565085,-0.5324534,0.92214507
29640000,1.1286613,-0.13960691,0.471405
29643999,1.3874481,0.06485524,-0.1998487
29652000,1.0956306,-0.25264394,0.39728114
29660000,1.6757622,0.077845134,0.5842429
29668000,1.3421237,0.46651843,0.37762725
29672000,1.4327862,-0.120821565,0.4965677
29676000,1.41026,-0.5529391,0.10642496
29680000,1.2403462,-0.084481746,-0.5087065
29688000,1.5610482,0.21535014,-0.3506245
29692000,1.2475747,0.41996515,0.3072651
29695999,0.9448985,0.13315016,0.74008054
29704000,0.74406743,-0.09344613,0.6343318
29707999,1.065799,-0.022708118,0.4033907
29712000,1.4272869,-0.114858404,0.44644156
29716000,1.8540354,-0.16602716,0.52452224
29720000,2.1315653,-0.031826258,0.5031382
29724000,1.9133605,0.65996027,0.2913926
29728000,1.2882662,1.1576748,-0.07725489
29732000,0.82423526,0.6212162,-0.22194427
29735999,0.59904456,-0.0672065,-0.30651352
29740000,0.9349214,-0.0399637,-0.017805561
29747999,1.5602462,0.43250358,0.5848008
29752000,1.2515398,0.05751829,0.7854266
29759999,1.5746013,0.10337137,0.09563376
29764000,1.4339584,0.59256643,-0.059609108
29768000,1.3796138,0.49460912,0.27059484
29771999,0.8937732,0.10511932,0.4152425
29776000,0.6789675,0.34857473,0.3059133
29780000,1.2175506,0.84283495,0.28751945
29784000,1.4244257,0.9354465,0.58031595
29788000,1.0773406,0.5619377,0.8793067
29792000,1.009388,0.2597869,0.65361255
29799999,1.7088598,0.35192078,0.3765818
29808000,1.4298728,-0.27339512,0.24178872
29811999,1.2584243,-0.16680357,0.08554545
29820000,0.72086245,0.85734355,-0.55901736
29828000,1.9303051,0.19229439,0.53432107
29835999,1.8119658,0.48450744,0.88868487
29844000,0.64017224,-0.27736568,0.9571902
29848000,1.2723017,-0.035206527,0.21752705
29856000,2.1518102,0.66995203,0.30767155
29860000,1.4246624,0.69202334,0.2992748
29863999,0.73781633,0.40191787,-0.10644107
29868000,0.6130294,0.052092522,-0.17178231
29872000,0.67154706,-0.2304548,0.38189006
29875999,0.98882604,-0.221916,0.5327841
29884000,0.44663903,-0.08890131,-0.19623162
29892000,1.1447293,0.6696862,0.9800538
29899999,1.8962744,0.076345354,1.4623656
29904000,1.6389544,-0.2916915,0.8563349
29908000,1.2512476,-0.33130825,-0.21646154
29912000,0.7346194,-0.36387348,-0.30538857
29920000,1.2370021,0.12854458,0.6029485
29924000,1.4635496,0.24981235,0.34071815
29927999,0.8664437,0.21018311,0.48922023
29932000,0.3445472,-0.059491917,0.62387186
29936000,0.23883237,-0.838292,0.37303644
29944000,0.8314858,-0.63259387,0.11210047
29948000,0.73867,-0.07462166,0.43713185
29951999,0.34074396,0.058960136,0.64233404
29960000,1.2069602,-0.7478841,0.3042384
29968000,0.43582648,-0.15417586,0.7679126
29972000,0.3072051,0.06734374,1.0620297
29976000,0.65782505,-0.032986283,0.8789907
29980000,0.7885876,-0.25427294,0.47842467
29984000,0.6530126,-0.8867799,-0.004542828
29988000,0.6423748,-1.3669003,-0.07652785
29991999,0.6966865,-1.1131698,0.53424287
29996000,0.8202425,-0.49665862,0.98166907
30003999,0.81961197,-0.5963734,0.30199626
30008000,0.79252124,-0.742765,0.28300774
30012000,0.89919317,-0.31158176,0.4030849
30015999,0.978758,-0.25292575,0.38948458
30020000,0.872738,-0.5960604,0.5636692
30027999,1.0251749,-0.7010468,0.40168166
30036000,-0.031001806,-0.27887005,0.71717775
30040000,-0.3524832,0.16327147,0.6900424
30044000,-0.12455423,-0.10558534,0.66585356
30048000,0.7179435,-0.88829696,0.57168126
30052000,1.3309994,-1.0907537,0.42644298
30060000,0.70810354,0.37192172,0.79107594
30064000,0.17704841,0.3905063,0.8593368
30067999,-0.08950375,-0.1925535,0.8514576
30072000,0.24647169,-0.74355835,0.63469756
30076000,1.0314662,-0.86782414,0.6597947
30079999,1.2117215,-0.7028053,0.8668181
30084000,0.81685126,-0.56359553,0.86499834
30088000,0.36351824,-0.42552507,0.8268153
30096000,-0.09049016,-0.24066895,0.78108954
30100000,0.29580534,0.006720081,0.5451037
30104000,0.7836518,-0.39465618,0.6566711
30112000,0.8135303,-0.56151605,0.5278192
30119999,0.1763006,-0.5991143,0.5414641
30124000,0.18290973,-0.47667313,0.83183956
30128000,0.19917281,-0.22652438,1.005667
30131999,0.2620563,0.24843773,0.95386046
30136000,0.42499965,0.7388786,0.787894
30140000,0.5583321,0.72931236,0.9329812
30143999,0.63001245,-0.04610023,0.77988994
30152000,0.15943797,-0.5339924,0.41357383
30156000,0.28460243,0.28100237,0.9560708
30160000,0.51081955,0.3752575,1.0104058
30164000,0.6244971,-0.30735722,0.8162312
30172000,0.8611003,-0.16798627,0.39476556
30176000,0.8340173,0.16419597,0.41038853
30180000,0.42653495,-0.27143818,0.4432537
30183999,0.2235561,-0.14553629,0.7311773
30192000,0.452382,0.49517035,1.1713896
30195999,0.8803747,0.08626493,0.97130436
30200000,1.1996827,-0.25720686,0.8714094
30204000,0.81720555,-0.4100473,0.6205355
30207999,0.025670394,-0.2557852,0.31383437
30212000,-0.494178,0.22168514,0.18249942
30216000,-0.6462311,0.5194651,0.51382166
30224000,-0.12863553,0.0935403,1.2133057
30228000,0.6164987,0.2802699,0.7534137
30232000,0.45948443,0.50160885,0.6811703
30235999,-0.110422954,0.5032046,0.76930946
30244000,-0.21062922,0.38308132,0.62438726
30252000,-0.88631135,-0.54602677,0.6146092
30256000,-1.0554382,0.18026741,0.7433382
30260000,-0.8462603,0.36813426,1.2049234
30264000,-0.7103697,0.013131827,1.5814958
30268000,-0.44773433,0.007384487,1.0084189
30276000,-0.7037489,0.64732444,-0.18964039
30280000,-0.66892475,0.47167528,0.38291728
30284000,-0.65509343,0.101161644,1.4092178
30288000,-1.0116394,0.008994461,1.8480923
30292000,-1.4691544,0.20484342,1.2901704
30296000,-1.9844946,0.5743604,0.49456054
30300000,-1.8243504,0.86694556,0.20755282
30304000,-1.002562,0.70482254,0.35284474
30308000,-0.54982454,0.52420175,0.32076567
30312000,-0.6861104,0.55676854,0.14445186
30316000,-1.0933855,0.38282952,0.33941525
30320000,-1.334993,0.19733731,0.7968779
30324000,-1.2439303,0.49297613,1.0221343
30328000,-1.5957253,0.8918452,1.2164234
30332000,-2.199402,0.72817534,1.3287985
30340000,-1.6860223,-0.14798544,0.15566409
30344000,-1.823209,-0.010799607,-0.063432395
30348000,-2.1021955,0.6767287,-0.0754508
30352000,-1.8109391,0.9812778,0.18436383
30356000,-1.2815053,0.43775374,0.72665566
30360000,-1.0618851,-0.015377417,1.1680782
30368000,-1.4845295,1.0815066,0.7520375
30376000,-1.7250867,0.39618522,0.37099943
30380000,-1.8464727,0.22897899,1.0858335
30388000,-1.0962893,0.38830605,0.7410885
30392000,-1.2406267,0.45188284,0.4750428
30396000,-1.6283478,0.45973495,0.08264516
30400000,-2.1455498,0.3803652,-0.1859764
30404000,-2.3145895,0.2977451,0.011582285
30408000,-2.106836,0.1906761,0.022028267
30412000,-2.2138066,0.55691785,0.45337242
30416000,-2.1643715,1.277847,0.9201788
30424000,-1.5203927,0.9792943,0.76707745
30428000,-1.3341427,0.62951255,0.3730481
30436000,-1.7183241,0.005285472,0.67429715
30444000,-2.10858,0.63286793,0.9396883
30448000,-2.093768,0.9914907,0.25162596
30452000,-1.9385855,1.117625,-0.17576541
30456000,-1.6920501,0.8398124,-0.022034474
30460000,-1.7845199,0.4616499,0.14746685
30464000,-2.002139,0.27816975,0.10919845
30472000,-1.9655292,0.49363044,0.017831564
30476000,-1.9697245,0.72148913,0.16951115
30480000,-1.5512309,0.996821,0.4606796
30484000,-1.0231717,0.89293253,0.51599336
30488000,-0.9656067,0.6014209,0.45588353
30492000,-1.2765626,0.62480855,0.6678005
30496000,-1.8415246,0.33614987,0.50389284
30504000,-1.5848241,0.5688253,-0.058810264
30508000,-1.2786778,0.91043663,0.5859814
30512000,-1.5020059,0.7799963,1.1648318
30516000,-1.5543177,0.6463811,1.1377952
30520000,-1.5561546,0.549633,0.48682886
30524000,-2.0299978,0.34951055,-0.024093412
30528000,-2.5707035,0.5323906,-0.15007299
30532000,-2.3198304,0.9428252,-0.2641067
30536000,-1.6913469,0.70386815,-0.13269229
30540000,-1.4415807,0.36246192,0.20249954
30544000,-1.4885343,0.6792835,0.54773337
30548000,-1.7919228,1.0062025,1.0335324
30552000,-1.8375521,0.79084456,0.9638421
30560000,-1.5474323,1.0690116,0.019301351
30564000,-1.6799123,0.9420633,0.2836585
30568000,-1.6119336,0.4093831,0.72543854
30572000,-1.5523565,0.3893393,0.52751297
30580000,-1.3522367,0.4260611,-0.07061441
30584000,-1.4581017,0.439246,0.12736928
30588000,-1.6608905,0.6347767,0.6205425
30592000,-1.5213014,0.36235172,0.59019786
30596000,-1.2700744,-0.26531595,0.18134785
30604000,-1.8046403,0.91754615,0.20398085
30608000,-1.4091161,1.3612108,0.10917698
30612000,-1.294797,1.3319676,0.4487551
30616000,-1.5962112,0.9113443,0.6266088
30620000,-1.6768234,0.39895266,0.3472976
30628000,-1.3143473,0.08920045,-0.43896854
30632000,-1.3537885,0.5964898,0.01385729
30636000,-1.6460168,0.88412344,0.58841765
30640000,-1.6207685,0.51154214,0.60164773
30644000,-1.286316,0.4304044,0.6169784
30648000,-1.1873224,0.750457,0.62258065
30652000,-1.2715743,0.9371642,0.4442036
30656000,-1.3182913,1.0215874,0.10800397
30664000,-1.4118402,0.7280017,-0.52225435
30668000,-1.3643031,0.55022115,-0.12144008
30672000,-1.1340507,-0.020132065,0.35948637
30676000,-1.1605582,0.009711422,0.5642814
30684000,-1.71549,1.2451249,0.9896842
30692000,-1.5922266,0.03342168,0.006560922
30696000,-1.4635804,-0.1731597,-0.3957256
30700000,-1.3120534,-0.21489015,-0.2025112
30704000,-1.5873762,0.032917216,0.43867892
30708000,-1.7142236,0.4193649,0.68263566
30716000,-1.415458,1.0258167,0.4371897
30720000,-1.224387,1.1246021,0.9430758
30724000,-0.9227005,0.6029792,0.5765861
30728000,-1.0409343,0.20016786,-0.22681251
30732000,-1.2786803,0.671649,-0.19339642
30736000,-1.1174242,1.2018267,0.19122183
30740000,-0.9788859,0.77257913,0.50227565
30744000,-1.1984223,0.093077675,0.46868178
30752000,-1.7054799,0.44399014,0.0387673
30756000,-1.7029209,0.89701796,0.018303733
30760000,-1.2985945,0.74371636,0.56036174
30764000,-0.72987056,0.1330735,1.0478967
30768000,-0.829213,0.102348104,0.72942466
30772000,-0.9434945,0.43502128,0.3062575
30776000,-0.9472739,0.630238,0.060597353
30784000,-0.8907151,0.18273573,-0.12320332
30788000,-1.0554447,0.08044279,0.20956466
30792000,-1.2027912,0.07115049,0.4091891
30796000,-1.3647931,0.46680605,0.17007186
30804000,-1.3458807,1.2730304,-0.0414479
30812000,-1.2769458,0.40179646,0.29197055
30820000,-0.8966687,-0.3676127,0.6142477
30824000,-1.2170557,-0.09813386,0.14006363
30828000,-1.4307704,0.40857494,-0.2778415
30832000,-1.0494289,0.94380987,-0.049255043
30836000,-1.0854607,0.96101487,0.5963252
30840000,-1.4915067,0.74504614,0.53561664
30844000,-1.5283158,0.96349883,0.45463556
30848000,-1.1212354,0.9374796,0.60938376
30852000,-0.7945107,0.54780245,-0.10272983
30856000,-0.9956012,0.41374487,-0.7774836
30860000,-1.3719103,0.29918605,-0.42421764
30868000,-0.75396764,0.3140967,0.852123
30872000,-0.4284634,0.31591344,0.9056932
30876000,-0.20053454,0.051749967,0.72301644
30880000,-0.36043006,-0.12177195,0.5184972
30888000,-1.4870759,0.04595214,0.08026215
30892000,-1.7242347,0.24798062,-0.22762811
30896000,-1.7969668,0.56612957,-0.11267783
30900000,-1.2797897,0.7966358,0.3296043
30904000,-0.6876207,0.90472585,0.71556276
30908000,-0.31919605,0.66532946,0.778478
30916000,-0.59709346,0.64558864,0.048063308
30920000,-1.3332675,0.50175756,-0.103828065
30924000,-1.7165794,-0.024470836,0.034174092
30928000,-1.5051043,-0.10076623,0.15431044
30932000,-1.3694749,0.41969654,0.15612638
30936000,-1.3108768,0.7305371,-0.1732175
30944000,-0.7834536,0.4192552,0.32905686
30952000,-0.78437287,0.6275385,0.48436862
30956000,-0.8728195,0.22299446,0.047112912
30960000,-1.0737005,0.34851035,0.17102504
30964000,-0.8870138,0.9085021,0.32294494
30972000,-0.7432744,0.94359905,0.30135983
30976000,-0.811708,0.25608578,-0.27437133
30980000,-0.69049895,0.015586123,-0.27604535
30984000,-0.74098575,0.3140814,-0.2922109
30988000,-1.1286423,0.15807672,-0.3262047
30996000,-1.0512606,-0.61430794,0.18527092
31000000,-0.7896231,-0.28246662,0.11851871
31004000,-0.69207686,0.08638497,-0.09293467
31008000,-0.69073474,0.24115306,0.014960578
31016000,-0.071648955,0.22959436,0.4174971
31020000,-0.96354234,0.20407936,0.32141215
31024000,-1.7529337,-0.21684967,0.4308543
31028000,-1.5199556,-0.4357641,0.35079485
31032000,-1.0406594,-0.3105353,0.33218136
31036000,-1.1518009,-0.2746002,0.3286509
31044000,-1.4826753,0.20149246,-0.34268385
31048000,-1.0788352,0.4094985,-0.12068337
31052000,-0.6232784,0.069815494,0.045198623
31056000,-0.61002636,-0.10491954,-0.13976204
31060000,-0.98816377,0.105153084,-0.10536335
31068000,-1.3728461,-0.8247311,0.6513865
31072000,-1.3770283,-0.54647213,0.077848196
31076000,-1.1300133,0.110011086,-0.63797325
31080000,-0.84335595,0.15440658,-0.4373253
31084000,-0.8438991,-0.13256253,0.058916137
31088000,-0.94167244,-0.18409029,0.1789958
31092000,-1.0107682,-0.077978626,0.4019267
31096000,-1.1342554,-0.15337992,0.54741
31104000,-1.1489879,-0.51277876,-0.29328337
31108000,-1.1232654,-0.8230287,-0.520072
31112000,-1.0638149,-0.8162584,-0.29339176
31120000,-1.1403133,-0.47415718,0.22230422
31124000,-1.3257792,-0.2596959,-0.034306467
31128000,-1.5023916,-0.15645282,-0.5739618
31132000,-1.5268652,-0.30744725,-0.6102027
31140000,-0.90273154,-0.9435754,-0.16453029
31144000,-0.84838676,-0.9319717,0.044212118
31148000,-0.7070768,-0.57743764,-0.12003207
31152000,-0.7278071,-0.717401,-0.13466485
31156000,-1.2194203,-0.90373564,0.12849426
31160000,-0.97675055,-0.8171711,0.3755516
31168000,-0.2859267,-0.2885972,0.3121476
31172000,-0.7782185,-0.20385508,0.19684362
31180000,-0.912163,-0.6541326,0.037753567
31184000,-1.1419852,-0.48715115,-0.277772
31188000,-1.4757549,-0.20376432,-0.34100035
31192000,-1.1105275,-0.16127533,-0.33877778
31200000,-0.66326934,-0.4162439,0.19415852
31204000,-1.5673099,-0.9167205,-0.0246505
31208000,-1.6505241,-1.2929244,-0.219611
31212000,-1.1724362,-1.0313632,-0.1591566
31216000,-0.86288124,-0.30625713,0.029777976
31224000,-0.483954,-0.14980668,-0.020484895
31228000,-0.38231257,-0.28968102,-0.287483
31236000,-1.1038558,0.48091102,-0.4026979
31240000,-1.3946211,-0.056327194,-0.80213004
31244000,-1.2507102,-0.68650043,-0.70405066
31248000,-0.7812721,-1.1280544,-0.22057429
31252000,-0.55201304,-0.959304,0.12407989
31256000,-0.42721403,-0.51135296,0.25786912
31260000,-0.2912994,-0.32322884,0.43701336
31264000,-0.47990227,-0.38727582,0.6653036
31268000,-0.66769475,-0.4679241,0.49845248
31272000,-0.63888896,-0.40468442,0.10903342
31280000,-0.91018444,-0.000393167,-0.24250533
31284000,-0.81464505,-0.22120476,-0.50536
31292000,0.16746286,-0.35769153,-0.65940416
31300000,-0.7068225,-0.4689783,0.23813128
31304000,-0.45240295,-0.5211258,0.2840111
31312000,-0.7350315,-0.44022566,-0.35589105
31316000,-0.6319984,-0.17784673,-0.45446527
31320000,-0.71754086,-0.13330284,0.06927407
31324000,-1.0650195,-0.24618989,0.6885482
31332000,-0.83400285,-0.057779778,0.71638197
31336000,-0.7070279,-0.07120906,0.03270948
31340000,-0.32751074,-0.083972014,-0.36119598
31348000,-0.16215351,-0.52667725,-0.3820244
31352000,-0.10099398,-1.3025631,-0.1428367
31356000,-0.14092036,-1.4087346,0.15178186
31364000,-1.2194277,0.54134566,-0.3157221
31368000,-0.8102311,0.75013185,-0.4620024
31372000,-0.2881853,0.1541862,0.25605088
31380000,-0.67967,-0.59200466,0.20818084
31384000,-0.4541324,-0.3056021,0.07026087
31392000,0.32621974,-0.24804114,0.2734881
31396000,-0.09617792,-0.19322298,0.3064817
31400000,-0.42298678,-0.30201593,0.036693998
31404000,-0.1273706,-0.09184846,-0.33675048
31408000,0.13621622,0.08974115,-0.20748311
31412000,-0.1832197,-0.29837838,0.34930545
31420000,-1.2046363,-0.5593447,0.04424657
31424000,-1.0559303,-0.14110269,-0.52752936
31428000,-0.44585043,-0.18639696,-0.19734184
31432000,-0.09365672,-0.083183065,0.49966174
31436000,-0.23890515,0.16233653,0.42822254
31440000,-0.1754995,-0.041470006,0.20818374
31444000,0.25587732,-0.5750754,0.22632189
31448000,0.29813665,-0.73406595,0.01949519
31452000,-0.13440306,-0.54464185,-0.29807404
31456000,-0.333144,-0.477405,-0.22598556
31460000,-0.43459654,-0.31811857,0.16002615
31464000,-0.4854942,-0.19939248,0.3170518
31468000,-0.1644086,-0.35037804,0.34251443
31472000,0.1767963,-0.29297248,0.40970272
31476000,-0.008195594,0.07952833,0.48764858
31480000,-0.34886003,0.320613,0.7864543
31484000,-0.18355423,0.086563356,0.850387
31488000,0.06623244,-0.3301199,0.33434027
31496000,-0.67950875,-1.6551926,-0.52848285
31500000,-0.30690888,-1.1432216,-0.8193369
31504000,0.24961197,0.3138566,-0.4223316
31508000,0.067789726,0.7029344,0.09345013
31512000,-0.24863899,0.19678237,0.35192776
31516000,-0.46559793,-0.23171486,0.4132306
31520000,-0.68253195,-0.7007565,0.15704575
31524000,-0.40660715,-1.017533,0.10319786
31532000,0.08982246,-0.24441922,0.29360548
31536000,-0.31096908,0.39856505,-0.068042025
31540000,-0.6947639,0.27046835,0.1626896
31544000,-0.22071972,-0.031782717,0.54880327
31548000,-0.039616924,-0.15938914,0.41892233
31552000,-0.61287224,-0.5106573,-0.03526695
31556000,-0.3726436,-0.7412771,-0.19106118
31560000,0.5961933,-0.52182025,-0.07592725
31568000,0.33507848,0.008245591,0.20170955
31572000,-0.015255608,-0.029425148,0.74297327
31576000,-0.010316475,0.02824727,0.87042415
31580000,-0.12563491,0.09083944,0.4222675
31584000,-0.10451579,-0.20929775,-0.14918955
31588000,0.29910156,-0.70469314,-0.47082454
31592000,0.050456434,-0.74993485,-0.48183453
31596000,-0.6601718,-0.6536745,-0.46516138
31600000,-0.63666636,-0.7072221,-0.22244972
31604000,-0.18740454,-0.5890936,0.4345933
31608000,0.15987554,-0.3811812,0.82374156
31612000,0.33436513,-0.0755949,0.54371524
31620000,-0.25876623,0.4620209,-0.46994105
31624000,-0.78346807,0.041105792,-0.21884236
31628000,-0.5935033,-0.34641898,0.584701
31636000,0.29780793,-0.82421964,0.94682217
31640000,0.3717114,-0.40594265,0.89339155
31644000,0.17403321,0.14634852,0.42694038
31648000,0.086347446,0.1616028,-0.1966664
31656000,0.19885905,0.24052174,-0.47975782
31660000,0.07276257,0.21530202,-0.1475222
31668000,-0.2348243,0.2684334,0.77299315
31672000,-0.38019323,0.04841253,0.5341689
31676000,-0.46355855,-0.11012664,0.11519062
31680000,-0.51572835,-0.5087165,-0.17904454
31684000,-0.05425422,-0.8305851,-0.42794782
31688000,0.49387687,-0.410716,-0.6055478
31692000,0.31563494,-0.062122844,-0.63668627
31696000,0.03248372,-0.1324722,-0.2899721
31700000,0.12912026,-0.22517946,0.3069846
31704000,0.031953186,-0.12319176,0.70906603
31712000,0.17137222,0.51890707,0.70672506
31716000,0.6339823,0.48125273,0.43472782
31724000,0.049123585,-0.27475977,0.15627366
31728000,-0.7424472,-0.18850698,-0.28807527
31732000,-0.49170282,-0.07936844,-0.5085143
31736000,0.25175226,0.007010738,-0.4266139
31740000,0.1292898,0.13585919,-0.2178763
31744000,-0.5960256,0.094196364,0.0431291
31748000,-0.25431025,-0.066549994,0.36644298
31752000,0.6084707,-0.080962025,0.41862243
31756000,0.41503334,-0.011041902,0.13874726
31764000,-0.9129586,0.45285022,0.386771
31768000,-0.3004613,0.73232716,0.0578008
31776000,0.7647232,0.21945807,-0.41304955
31780000,0.32182896,-0.18859947,-0.1909388
31788000,0.087733775,-0.3015214,0.4990144
31792000,-0.045532294,0.034310758,0.22646861
31796000,0.10674724,0.2707683,-0.08333321
31800000,0.37835374,0.113435626,-0.13952373
31804000,0.015076324,-0.16777743,-0.34927645
31808000,-0.67389554,-0.16903299,0.1761847
31812000,-0.6125762,-0.1304342,0.94902766
31816000,0.22904092,-0.4165358,0.4776991
31820000,0.64345545,-0.76339746,-0.2383326
31824000,0.5511308,-0.45187616,-0.30366093
31828000,0.2917037,0.22209893,-0.048021607
31832000,-0.03416712,0.43242323,0.5209746
31836000,-0.07428256,0.17761648,0.62460244
31840000,0.3870028,0.07880969,-0.10725856
31844000,0.6894903,0.22582161,-0.59544003
31848000,0.04127443,0.35073817,-0.46119654
31852000,-0.6928011,0.6174877,-0.029758714
31856000,-0.6676523,0.45209047,0.3015174
31860000,-0.39937645,-0.059023082,0.3548442
31864000,-0.19880691,0.01632893,0.2016609
31872000,0.30064124,0.521063,-0.38809898
31880000,0.4243715,0.47124946,-0.12729815
31888000,0.58299893,-0.1799227,0.10084298
31892000,0.40658438,-0.58319086,-0.0611503
31896000,-0.43915355,-0.89478564,0.05286026
31900000,-0.7203007,-0.5915556,0.29854548
31904000,-0.16749203,-0.4656898,0.18514237
31908000,0.119517,-0.43885309,-0.28830355
31912000,-0.06720351,0.061745226,-0.41458654
31916000,-0.13485113,0.42932025,-0.50416094
31924000,0.46228382,-0.41751286,0.18223852
31928000,0.32069185,-0.014683381,0.48739094
31932000,-0.19970855,0.46578264,0.40950054
31936000,-0.7060007,0.159598,0.41603616
31940000,-0.7459892,-0.16757646,0.15864587
31944000,-0.017997324,0.14116587,0.12311095
31948000,0.6240854,0.37179136,0.31268245
31956000,0.25010917,-0.14865273,-0.69205946
31960000,0.045203175,-0.40895662,-0.6433579
31964000,0.0993919,-0.3119151,0.12201312
31968000,0.37647298,0.16642603,0.78872126
31972000,0.093101084,0.5670492,0.9880364
31976000,-0.14529017,0.22014256,0.52072096
31980000,-0.1018773,-0.45425588,-0.16314954
31984000,-0.119429685,-0.50404954,-0.750807
31988000,0.06101939,0.084756866,-0.9007754
31992000,0.29049677,0.3619417,-0.3813515
32000000,0.4724325,-0.18478213,0.016427372
32004000,0.58830583,-0.020343456,-0.13867813
32008000,0.35364872,0.060633175,-0.12985897
32016000,-0.79168797,0.17548534,-0.15906382
32020000,-0.44828725,-0.26175052,0.4068548
32028000,-0.20936978,0.072438404,-0.12265028
32032000,-0.44713977,0.24206442,-0.4392933
32036000,-0.43307906,-0.007894948,-0.280459
32040000,0.14194703,-0.35544905,-0.002748489
32044000,0.60452944,-0.18132326,-0.07639046
32048000,0.6240909,0.14172536,-0.24249905
32052000,0.48464322,-0.04168284,-0.3231582
32056000,0.21199651,-0.16713424,-0.42018104
32060000,0.018414367,-0.21529274,0.016431838
32064000,-0.39991108,-0.2622988,0.36746815
32072000,-0.26728418,0.17634134,-0.03939161
32076000,-0.047114156,0.13263553,0.08240349
32080000,-0.044221036,0.4266206,0.23214187
32088000,0.5608601,-0.25441405,-0.07774328
32092000,0.44337565,-0.3023681,-0.6222695
32096000,-0.21260786,-0.25690028,-0.2671396
32100000,-0.3087588,-0.26810846,0.4396475
32104000,0.046631865,-0.23276933,0.3581788
32112000,-0.1263254,0.23023666,0.37406066
32120000,-0.18648198,-0.11671841,-0.56809735
32124000,-0.09029007,0.21295246,-0.87469566
32128000,-0.061029658,0.5516011,-0.71499753
32136000,0.4734167,0.42289913,0.15148506
32140000,0.5038862,-0.14189246,0.55865204
32144000,0.42547733,-0.3720861,0.7598541
32148000,0.059079275,-0.3400775,0.67042536
32152000,-0.05219279,-0.29259357,0.39508614
32156000,0.30647862,-0.3287512,0.16285953
32160000,0.40174285,-0.414798,-0.14790879
32168000,-0.57591814,-0.4232013,-0.50105596
32172000,-0.48596522,-0.26278353,-0.5109879
32180000,-0.12722419,0.3780861,0.31685895
32188000,0.18565156,0.21643114,-0.26256937
32192000,0.4932604,0.099791564,-0.15903954
32196000,0.46287596,0.07234578,0.55854887
32204000,-0.3240258,-0.082941994,0.3055551
32208000,-0.45051855,-0.207808,-0.11962411
32212000,0.0259981,-0.3353025,-0.1668303
32216000,0.33016676,-0.3383289,-0.17496014
32220000,0.5039506,-0.1524385,-0.1901846
32224000,0.6317766,-0.04134381,-0.2547533
32228000,0.3061744,0.067447305,-0.323337
32232000,-0.081107974,-0.024072979,-0.26796934
32236000,0.07390034,-0.31406614,0.02801612
32240000,0.16685908,-0.1065886,0.14317243
32244000,0.08799309,0.37735492,-0.016113658
32248000,0.16436908,0.41066808,-0.075239986
32256000,-0.049692944,0.35732695,0.72184014
32260000,-0.07643023,0.4610029,0.07337144
32268000,-0.32453576,-0.059042573,0.022958338
32272000,-0.18263614,-0.038788646,-0.45303506
32276000,-0.34845224,0.07545793,-0.84947526
32284000,0.398363,-0.11097854,0.31611764
32288000,0.80110323,-0.6699496,0.4277871
32292000,0.48922676,-0.68358326,0.27567452
32296000,-0.16382551,-0.11346564,0.21349144
32300000,-0.45488757,0.23993416,0.15648937
32308000,0.008475548,0.33924037,-0.62446684
32312000,-0.23091038,0.41362482,-0.25188762
32316000,-0.4775499,0.49600393,0.3876589
32320000,-0.2999053,0.2031065,0.40384853
32324000,0.19757794,-0.2704553,0.20737225
32328000,0.52344656,-0.17449436,0.043952025
32336000,0.66507286,-0.15378322,0.1503829
32340000,0.23471394,-0.3217824,-0.025504686
32348000,0.0665107,-0.11026351,0.15096323
32352000,0.21326873,-0.6125681,0.6312735
32356000,-0.016977994,-0.52078044,0.42585582
32360000,-0.48480365,0.19859779,0.31509078
32364000,-0.47826725,0.7487885,0.10504989
32368000,-0.029306427,0.57280123,-0.14946827
32372000,0.20804365,0.12227534,0.04121977
32376000,0.39045408,-0.23674789,0.07570178
32380000,0.81288356,-0.23194331,-0.29297015
32384000,0.68815327,0.103958115,-0.4715087
32388000,0.01567027,-0.14884669,-0.15163834
32392000,-0.27406752,-0.51276577,0.2706831
32396000,-0.48105213,-0.17981476,0.5051081
32400000,-0.42658848,0.3673085,0.3277933
32404000,-0.025910199,0.6371243,-0.09501124
32408000,0.3149324,0.49873358,-0.2339091
32416000,0.34118587,0.07952681,0.38976973
32420000,0.07503076,0.17891346,0.5461907
32424000,-0.12517306,0.026370473,0.21558648
32428000,-0.2855512,-0.14686854,-0.027348015
32432000,-0.09900237,0.097845875,0.26378515
32436000,0.1988161,0.103910185,0.6816954
32440000,0.3110747,-0.27134207,0.32569057
32444000,0.11515908,-0.11895313,-0.32390466
32448000,-0.17849776,0.23293759,-0.29212412
32452000,0.08694969,-0.086867005,0.20041604
32456000,0.3182193,-0.3515551,0.44524956
32460000,-0.013712302,0.094416335,0.30489418
32464000,0.11649203,0.35977095,0.12150956
32468000,0.41527742,0.10518867,0.045394555
32472000,-0.16650549,-0.044918396,-0.12857653
32480000,-0.28201702,-0.13579488,-0.12216588
32484000,0.33147413,-0.23310605,-0.01834573
32488000,0.6385793,-0.027727135,-0.25375435
32492000,0.4665595,0.14202583,-0.31897527
32496000,0.18699142,-0.01901824,0.15336454
32500000,0.07044086,-0.08951966,0.48811027
32508000,0.38418388,0.24337102,0.3002327
32512000,0.3321473,0.16343269,-0.06013856
32516000,0.24991488,0.24657981,-0.27790934
32520000,0.049793076,0.2133604,-0.33717906
32524000,-0.3446047,0.29524451,-0.15495561
32528000,-0.7055922,0.6298717,-0.07540086
32532000,-0.5662289,0.64447415,-0.24131697
32536000,0.14144501,0.1649536,-0.07429452
32540000,0.7420706,-0.33294404,0.1024811
32544000,0.70051026,-0.4833324,0.13342002
32548000,0.10880953,-0.39770907,0.2831143
32552000,-0.2440291,-0.17527992,0.32873887
32560000,-0.3754518,0.71766895,-0.13011228
32564000,-0.2000342,0.5188207,0.0653089
32568000,0.25938427,0.36230624,0.45595163
32572000,0.6648468,0.5927172,0.3522095
32576000,0.60057247,0.5652442,0.15411545
32580000,0.09844877,0.16756573,0.030913603
32584000,0.036560994,-0.39798972,-0.11532476
32592000,-0.42983085,-0.035885096,0.064029805
32600000,-0.3144769,0.28997135,0.1692099
32608000,0.19602552,0.12958318,-0.37120014
32612000,0.37094468,-0.047919028,-0.0293203
32616000,0.5886037,-0.07600188,-0.037301913
32620000,0.68054086,0.25734913,0.07695701
32624000,0.5032713,0.43156308,0.46421954
32628000,0.1190311,0.39473134,0.42298234
32632000,-0.20648265,0.18384615,0.066733465
32636000,-0.14186172,-0.14308278,-0.14329107
32640000,0.009315003,-0.016327694,-0.5275767
32644000,0.2201702,0.3518242,-0.6064532
32648000,0.28484,0.46635562,0.13690937
32652000,-0.12185635,0.17793524,0.67339337
32656000,-0.32905278,-0.07591531,0.4977991
32660000,-0.20833609,0.003402799,0.012943313
32664000,0.005293839,-0.0193348,-0.20495293
32668000,0.14020678,-0.08306776,0.22003123
32672000,0.26431298,0.10526202,0.53488106
32676000,0.3815812,0.51861715,0.060118884
32680000,-0.111766785,0.75322145,-0.20523255
32684000,-0.32762027,0.59600806,-0.120735206
32688000,0.20457107,0.20629655,-0.40555367
32692000,0.31058675,-0.32229945,-0.4131887
32700000,-0.23443323,0.65289694,0.2847997
32704000,-0.14327909,0.74987024,0.11042391
32712000,0.17290929,-0.36864308,-0.20060179
32720000,0.44536448,0.19770116,0.6751114
32724000,0.63221353,0.35376093,0.5777508
32732000,-0.1554456,0.2451208,-0.4247614
32736000,-0.5531683,0.07566792,-0.55559945
32740000,-0.35269392,0.08879177,-0.42544013
32744000,0.286849,0.3433319,-0.14483204
32748000,0.50493544,0.3201291,0.060603946
32752000,0.021072075,0.12720393,0.091247156
32756000,-0.17152636,-0.15637502,0.41788617
32764000,0.43766636,0.26986322,0.28336278
32768000,0.26834798,0.8538812,-0.48289412
32776000,-0.08193967,0.37460947,0.18887106
32780000,0.26556933,-0.15807824,0.182353
32784000,0.47076797,-0.6764078,0.13090716
32788000,0.0347317,-0.5727662,0.10580526
32792000,-0.3728303,-0.33765966,0.2054573
32796000,0.30060768,-0.25631133,0.3731131
32800000,0.9106359,-0.032262884,0.11834297
32808000,-0.33296987,0.7895593,-0.069363765
32812000,-0.3582177,0.81441677,-0.42261815
32816000,-0.5044317,0.118374586,-0.6323726
32820000,-0.5354546,-0.38529846,-0.25771612
32824000,0.02101934,-0.034619063,0.16675001
32828000,0.3902124,0.27943742,0.1984076
32832000,0.3752466,0.23654701,0.37132788
32836000,0.41690445,0.37224558,0.8352116
32844000,-0.03550446,0.61151785,0.31064177
32852000,0.011250772,0.2732993,-0.82110417
32856000,0.03489672,-0.3483553,-0.7469075
32860000,0.007297797,-0.514234,-0.67830634
32868000,0.28052387,0.44668463,0.9175733
32876000,0.20675446,0.01081726,-0.14971548
32880000,-0.03259954,-0.08643807,-0.2141296
32884000,-0.44764307,-0.017223705,0.01383747
32888000,-0.5941032,-0.1994102,0.12243043
32892000,-0.21571735,-0.16038036,0.28116322
32900000,0.61376685,0.5610748,0.2915309
32904000,0.24724503,0.57911885,0.03984926
32908000,-0.50496155,0.4627115,-0.06600275
32912000,-0.27742663,0.051688388,-0.079281464
32916000,0.249446,-0.24079372,0.0891909
32920000,0.13242559,-0.08435851,0.37743106
32924000,0.18171589,0.2311504,0.34106302
32928000,0.32121074,0.3500886,-0.08368045
32932000,-0.19103438,0.10497875,-0.44869366
32936000,-0.71787643,-0.30672616,-0.6098745
32944000,-0.1756104,0.5265304,-0.31274387
32948000,0.3842243,0.62568575,-0.21736327
32952000,0.7891605,0.15946423,0.29854304
32956000,0.6569778,-0.009381231,0.81083596
32960000,0.3802532,0.2343468,0.47133884
32964000,0.29262924,0.2710799,-0.014298186
32968000,-0.036736384,0.18934894,-0.12147716
32972000,-0.46789616,0.22387712,-0.15715599
32980000,-0.3107497,-0.29755452,0.15786937
32984000,-0.027644876,-0.41376212,0.28024605
32988000,-0.05080966,0.13737544,0.29183158
32992000,-0.05137433,0.55968106,0.11783598
32996000,0.29629266,0.647144,0.002375114
33000000,0.4361338,0.6567279,0.033575356
33004000,0.016908705,0.13865179,-0.15707204
33012000,0.42649245,-0.16826591,-0.90462035
33016000,0.6388195,-0.036321476,-0.5122206
33024000,-0.15194981,0.27211475,1.1862682
33028000,-0.35033718,0.36655858,0.8666005
33032000,0.0841905,0.3678078,0.19126213
33036000,0.5042098,0.083087154,-0.47337833
33044000,0.10181146,0.09416777,-0.07353026
33048000,-0.44544274,0.27772617,0.051448405
33056000,-0.049866185,0.110230945,-0.050228845
33060000,0.08700193,0.49166158,-0.06048951
33064000,-0.092813805,0.54272944,0.48111302
33072000,-0.48283422,0.04195121,0.14088094
33076000,-0.21843596,0.3738019,-0.36260402
33080000,0.15785763,0.56925035,-0.5264011
33084000,0.5078031,0.5342125,-0.29328668
33088000,0.38680083,0.5274854,0.1040433
33092000,0.3125543,0.10822013,0.42519456
33096000,0.17156675,-0.46039394,0.38947076
33100000,-0.4235316,-0.49661607,0.14683121
33104000,-0.43506664,-0.29857677,0.28194934
33108000,0.045005605,0.012264073,0.075199686
33112000,0.16247632,0.42671275,-0.46590966
33120000,0.5530347,0.61616737,-0.6467474
33124000,0.27268082,-0.23615381,-0.20645842
33128000,-0.07464259,-0.3384476,0.5453876
33132000,-0.24928483,0.23621635,0.48293865
33136000,-0.3373561,0.380167,0.32524884
33140000,-0.48057467,0.47918612,0.41703624
33144000,-0.39030522,0.7983356,0.28348693
33152000,0.61038756,0.47214323,0.28759372
33156000,0.25507832,0.20567136,-0.18910533
33160000,-0.13118629,0.08999849,-0.35396478
33164000,-0.40940163,0.20541114,-0.004052758
33168000,-0.5687148,0.53416103,0.05623946
33172000,-0.27295822,0.6055726,-0.4659001
33180000,0.3436422,-0.5867821,0.057588965
33184000,0.23720282,-0.43316,0.7709239
33188000,0.058363367,-0.10912642,0.8103255
33196000,0.07487279,0.3968736,-0.6545411
33200000,-0.012352562,0.81091374,-0.7741086
33204000,-0.19416177,0.78011966,-0.6029919
33208000,-0.30117887,0.38649988,0.060860872
33216000,0.35812855,-0.101132005,0.057880893
33224000,-0.2573709,-0.04034434,0.39386186
33228000,-0.23584637,0.21540189,0.74415684
33232000,-0.12551004,0.13100047,0.63703465
33236000,0.026808597,0.13998765,0.013786674
33240000,0.185515,0.4534219,-0.3118371
33244000,0.011192054,0.58288693,-0.09659837
33248000,-0.22299933,0.418075,-0.14351311
33256000,-0.14900705,-0.44260424,0.08868364
33260000,-0.42915818,-0.24794637,0.104430646
33264000,-0.338006,-0.036394984,-0.18222146
33268000,0.4864172,-0.013295526,0.121687874
33272000,0.5847689,0.17526191,0.5897415
33276000,-0.24162027,0.6307664,0.7121242
33284000,0.16036098,0.3134527,-0.34904465
33288000,0.19750401,0.017865472,-0.61209965
33292000,-0.036650993,0.0997621,-0.25917223
33296000,0.10521595,0.019721515,-0.06647927
33304000,0.2769654,0.419722,-0.33465973
33308000,0.27002722,0.392314,-0.21760927
33316000,-0.47833088,-0.014259283,0.77183867
33320000,-0.5612643,-0.16708532,0.6866614
33324000,-0.15974608,0.044353254,0.5788832
33328000,0.11078502,0.002739946,0.35159263
33336000,0.13080695,-0.16073963,-0.2483733
33340000,-0.046075016,0.22443691,-0.30339408
33344000,-0.37279123,0.1720089,-0.16989715
33348000,-0.57811767,0.21190806,-0.050956372
33352000,-0.08587077,0.22819126,-0.21325229
33356000,0.76281613,-0.1315619,-0.2708125
33364000,-0.22126858,-0.0397214,0.40805337
33368000,-0.31763798,-0.065876305,-0.09512976
33372000,0.022729509,-0.078414,-0.00993672
33376000,0.2199969,0.1073848,0.37144196
33384000,-0.45229825,0.5915211,-0.41306758
33392000,0.04863648,0.84836847,-0.93503374
33396000,0.32068115,0.5382663,-0.63048893
33400000,0.24844828,0.02331623,-0.07458812
33404000,0.008477509,-0.31041306,0.35874474
33408000,-0.08620787,-0.6344541,0.53352165
33412000,0.17956448,-0.91656244,0.43812484
33420000,-0.4507493,0.3404566,0.50928515
33424000,-0.736383,0.932804,0.6068633
33428000,-0.58783174,0.5242933,0.25769198
33432000,-0.0500751,0.24622372,-0.11389394
33440000,-0.001844743,0.56483483,-0.5135055
33444000,0.14825678,0.5454632,-0.72190344
33448000,0.31848925,0.3633886,-0.18092832
33456000,-0.18961553,-0.34189093,0.22815831
33460000,0.002013713,-0.3754978,0.25543964
33464000,0.52633923,0.022814915,0.19556001
33468000,0.44131714,0.30758336,-0.10699364
33472000,-0.004566714,0.26802856,-0.23437625
33476000,-0.18212703,0.3098757,-0.13012505
33480000,-0.48310238,0.045768306,-0.05017463
33488000,-0.3915065,-0.63425225,0.18964133
33492000,-0.42307007,-0.006909609,0.14537008
33496000,-0.53575563,0.35336053,-0.017958622
33504000,0.25377163,0.25165603,-0.10460299
33508000,0.15204623,0.19889948,-0.10345887
33512000,-0.11816582,0.4597994,-0.3101539
33516000,-0.1102467,0.21681115,-0.4189197
33520000,0.26321298,-0.14513871,0.07607797
33524000,0.3065945,-0.14043775,0.5620186
33528000,0.15843199,0.2095387,0.32366392
33532000,0.09077571,0.6477429,-0.13810694
33536000,-0.1056215,0.74985886,-0.40393505
33540000,-0.112546444,0.37748605,-0.20222442
33544000,-0.17800039,-0.14213918,0.09876992
33548000,-0.31692007,-0.49554002,0.04189443
33552000,-0.1497298,-0.5653985,0.05761873
33556000,0.09513986,-0.036473617,-0.01443468
33564000,-0.55036676,0.38543183,-0.61669374
33568000,-0.13014838,0.066188134,-0.2593258
33572000,0.29621685,-0.14260304,0.29564863
33576000,-0.1001088,0.026184753,0.5053203
33584000,-0.1475454,-0.3282617,-0.061938778
33592000,-0.7834499,0.2515511,-0.7365826
33596000,-0.53042096,0.16626553,-0.42978358
33600000,-0.023317508,0.21109377,0.07959017
33604000,0.56051564,0.46199125,0.31092018
33608000,0.84537005,0.48426557,0.51644415
33616000,-0.16361737,0.03397596,0.17702049
33620000,-0.23007007,-0.31564915,-0.79860485
33624000,-0.0827779,-0.27080816,-0.9710113
33628000,-0.34705096,-0.090399824,-0.3981769
33632000,-0.32998955,-0.1062883,0.01089251
33636000,-0.35388166,-0.05099229,-0.10774
33640000,-0.32816947,0.42432415,0.17438851
33644000,0.08549335,0.8242077,0.63252705
33652000,-0.49933264,-0.071909666,0.1897299
33656000,-0.46236783,-0.53848934,-0.046218988
33664000,0.23113012,0.09491816,-0.10809387
33668000,0.24883662,0.14104506,0.037485562
33672000,0.039073147,-0.09972821,0.03542865
33676000,-0.35602957,-0.13004692,-0.010880478
33684000,0.26670912,-0.029043648,-0.04089334
33688000,-0.005358309,-0.2051051,-0.18283637
33692000,-0.3586606,-0.12683928,-0.45378795
33696000,0.07401973,0.028276898,-0.7190217
33700000,0.3202547,-0.11551357,-0.4059682
33704000,0.086187296,-0.094266646,0.40221444
33712000,0.006443761,0.12725912,-0.03946732
33716000,-0.38606983,-0.32103324,-0.61182505
33720000,-0.4736743,0.07953954,-0.5659829
33724000,-0.1815961,0.23799244,0.15083328
33728000,-0.078874364,-0.10308771,0.36621642
33732000,-0.53723204,0.26920766,-0.096471235
33736000,-0.83006775,0.35643655,-0.33783025
33740000,-0.5328874,-0.17743035,-0.053915605
33744000,-0.1175158,-0.3898063,0.15617278
33748000,0.016278757,-0.3805533,-0.051334545
33756000,0.23543757,-0.29619196,-0.13198546
33760000,-0.49146682,0.114590585,-0.15067849
33768000,-0.58499205,0.10333532,-0.20328492
33772000,-0.065063626,-0.2830043,0.028609648
33780000,0.39260536,-0.14750054,0.24618757
33784000,0.76477057,0.33452296,0.17740864
33788000,0.61071044,0.80242175,-0.015609331
33792000,0.0934737,0.49578583,-0.4324905
33796000,-0.3586316,-0.56697655,-0.82480085
33800000,-0.81612104,-1.0362129,-0.91175425
33804000,-1.0839458,-0.560851,-0.7069764
33808000,-0.5697714,-0.107421815,-0.08604857
33812000,0.38164532,0.14938863,0.7216737
33816000,0.6946655,0.5894107,1.0965602
33820000,0.20702721,0.84610736,0.5770318
33824000,-0.18601494,0.46109867,-0.44811952
33832000,-0.562861,-0.56879187,-0.12308724
33836000,-0.65756994,-0.80585414,-0.34068954
33840000,-0.6073165,-0.20046698,-0.75755346
33844000,-0.5201193,0.27336353,-0.1789087
33852000,0.08323491,-0.31239873,0.13272962
33856000,0.13082229,-0.3015582,-0.019523084
33864000,-0.41986966,-0.2713945,0.28866863
33872000,-0.050386548,0.7363636,-0.16453461
33880000,-0.42889494,0.06338838,-0.41753158
33884000,-0.659559,-0.2573676,-0.46159807
33888000,-0.23858584,-0.47636613,-0.26966065
33892000,0.34244415,-0.6557458,0.13057986
33896000,0.16347426,-0.37904787,0.17591731
33904000,-0.52597076,0.14879128,-0.5236879
33908000,-0.44093904,0.075479224,-0.6294975
33916000,0.19796243,0.12716651,0.018286467
33920000,0.13954087,0.72809875,-0.00413385
33924000,0.105727725,0.25846854,-0.07224882
33928000,0.2984849,-0.6296198,-0.019546378
33932000,0.26175475,-1.1751214,0.009519063
33936000,-0.039474733,-1.1799978,-0.09492185
33940000,-0.52286416,-0.61522734,-0.17350666
33948000,-0.32443136,0.13510862,0.35789895
33952000,0.026299402,0.14153428,0.30935684
33956000,-0.20864695,-0.017079616,-0.21084231
33960000,-0.61034685,-0.2973105,0.028963
33964000,-0.7179943,-0.46198398,0.43126333
33968000,-0.33846998,0.15751868,-0.079633266
33972000,-0.19321099,0.6000899,-0.55599374
33980000,-0.16568725,0.14949387,-0.25074524
33984000,-0.12650311,-0.31798655,-0.27280182
33988000,-0.53210825,-0.75506973,-0.29154122
33992000,-0.6891192,-0.698326,-0.2325781
33996000,-0.35118443,-0.36241144,-0.15660477
34000000,0.26343524,0.028748438,-0.2567707
34004000,0.36293638,0.2557561,-0.25456172
34008000,-0.051375553,0.21986176,-0.23358886
34016000,-0.21284871,-0.51630557,-0.10790071
34020000,0.07797501,-0.41734576,-0.16886997
34024000,0.2642991,-0.15272444,-0.3501398
34032000,-0.55339724,0.14959347,-0.04539157
34036000,-0.38600004,0.061226472,-0.042511076
34044000,0.025262825,-0.39914605,0.21591093
34048000,0.31014568,-0.49279067,-0.002408847
34056000,-0.17611419,-0.004543923,-0.20174208
34060000,-0.70210665,-0.05786781,-0.22234946
34064000,-0.6724085,-0.10051992,-0.061048657
34072000,-0.32480076,0.23773834,0.21878798
34076000,-0.41740373,0.06356649,0.092679635
34080000,-1.1646911,-0.42726964,-0.15256357
34084000,-1.2678285,-0.5265119,0.081422836
34088000,-0.6302839,-0.21749865,0.034869216
34096000,0.58402705,0.07268704,-0.56126714
34104000,0.1713885,-0.3802811,-0.7996901
34108000,0.122817054,-0.19850974,-0.6799923
34116000,-1.1795187,0.07819845,0.1915311
34120000,-1.4052191,-0.5555437,0.28395993
34124000,-0.6394189,-0.98658746,0.48712322
34132000,0.017737545,0.036872983,-0.7202119
34136000,-0.3412839,0.3571813,-0.75513506
34144000,-0.07081679,0.45562425,-0.22786741
34148000,0.17935619,0.24201314,-0.047371835
34156000,0.42504582,-0.5587663,0.5228823
34160000,0.1871363,-0.34728152,0.6481904
34164000,-0.17075165,-0.20160022,0.03122273
34168000,-0.7167306,-0.38800025,-0.4478311
34176000,-0.80314475,-0.20692766,-0.08174585
34180000,-0.094175756,0.020341843,-0.22621013
34184000,0.41847694,0.061984733,-0.19555436
34188000,0.24528168,-0.052937686,0.15867952
34192000,-0.07919427,-0.14970975,0.31379896
34196000,0.07961279,-0.19362743,-0.2717665
34200000,0.06089691,-0.3349845,-0.5803684
34204000,-0.2110548,-0.45249406,-0.2306838
34208000,-0.20651108,-0.31299096,-0.11360122
34212000,-0.34955093,-0.24351694,-0.21454555
34216000,-0.64336216,-0.5176941,-0.3387959
34220000,-0.7006232,-0.4496357,-0.32181412
34228000,0.013723165,-0.1841801,-0.14992158
34232000,-0.26708266,-0.26463747,-0.0971047
34236000,-0.62245333,-0.055373233,-0.25868648
34240000,-0.23513195,0.09680753,-0.40135682
34244000,0.37701467,-0.17018609,0.05913666
34248000,0.2764244,-0.35002315,0.47611117
34252000,-0.34325445,-0.21206897,0.2292942
34256000,-0.6977391,-0.03064119,-0.46700594
34260000,-0.7729442,-0.103891075,-0.84237194
34264000,-0.38637924,-0.43643573,-0.5170568
34272000,-0.19935392,-0.4683077,0.06102729
34276000,-1.1703031,-0.09393139,-0.12046747
34284000,-0.13739571,0.14105597,-0.23492014
34288000,0.347175,-0.3384357,0.2487838
34292000,0.24559854,-0.66651016,0.035356194
34296000,0.21089813,-0.3672005,-0.80840695
34300000,-0.17587003,0.16442537,-0.7783189
34304000,-0.6889186,0.16271845,-0.16900845
34308000,-0.6724006,-0.3643399,-0.010517946
34316000,0.4827766,-0.13742709,-0.07504925
34320000,0.48100132,0.2752396,0.1476383
34324000,-0.13733244,0.17868026,0.37501228
34332000,-0.9061266,-0.34686112,-0.14369407
34336000,-0.70987105,-0.44344768,-0.48782545
34344000,0.25408557,-0.55718184,-0.51966643
34348000,0.7033957,-0.20818514,-0.0673838
34352000,0.5815417,-0.040113404,-0.02885937
34356000,-0.1823811,-0.23056681,-0.21612126
34360000,-0.64446455,-0.4523525,-0.38774443
34364000,-0.87911505,-0.41752738,-0.47052217
34368000,-1.1368401,-0.6735786,-0.3268784
34372000,-0.8420886,-0.88719606,0.008170351
34376000,-0.18932939,-0.40518436,0.44825682
34380000,-0.06243091,0.17526138,0.66602004
34384000,-0.47685036,0.3959347,0.5633087
34388000,-0.5706409,0.37217525,0.2119427
34392000,-0.23621836,0.16809133,-0.45377988
34396000,0.057487436,-0.41510892,-0.9507966
34400000,0.003253331,-0.8160219,-0.93015325
34404000,-0.34330478,-0.62326896,-0.7289772
34408000,-0.6115184,-0.33204168,-0.42039144
34412000,-0.6268575,0.13939373,-0.091782495
34416000,-0.5020001,0.39060786,-0.10662093
34420000,-0.32885787,-0.21204123,-0.07087872
34424000,-0.052718647,-0.9020717,0.32870412
34432000,-0.41591606,-0.3677122,0.092797935
34436000,-0.5509579,-0.14354903,-0.49461463
34440000,-0.3645576,-0.038299024,-0.37515807
34444000,-0.023032993,-0.10289648,-0.33262807
34448000,0.1605472,-0.16883649,-0.7352834
34452000,0.30579442,-0.009668559,-0.46002012
34456000,0.3921652,-0.11107509,0.13040161
34464000,-0.80135083,0.2539463,-0.5225502
34472000,-0.38332283,0.0996333,0.2581334
34476000,0.15278214,-0.6401956,0.25897306
34480000,0.03495855,-0.88225824,0.3205106
34484000,-0.27605575,-0.66842365,0.14619464
34488000,-0.43089074,-0.74482757,-0.5468279
34492000,-0.67688936,-0.51171064,-0.8171011
34500000,-0.9500265,-0.29912293,-0.2798559
34508000,0.34253275,-0.37737507,-0.15019985
34512000,0.49358052,-0.0656938,-0.10521674
34520000,-0.15960696,0.37257788,-0.004156999
34524000,0.2019409,0.109148785,0.096476175
34532000,-0.4445759,-0.669629,-0.057678077
34536000,-0.2875477,-0.63293135,-0.43545845
34540000,0.22107953,-0.36830872,-0.445256
34544000,-0.14289215,-0.30136567,0.2485411
34552000,-0.82152563,-0.5408633,-0.2723175
34556000,-0.8708996,-0.36476508,-0.6749029
34560000,-0.5410222,0.18344338,-0.48069495
34564000,-0.005187526,0.41827083,-0.23102151
34568000,0.26957083,0.081646904,0.090358004
34572000,0.12413509,-0.33783975,0.09482971
34576000,-0.25297472,-0.4727354,-0.2801666
34580000,-0.6469365,-0.3511544,-0.6276145
34584000,-0.7225056,-0.1616481,-0.6230926
34588000,-0.37247103,-0.029486645,-0.12820187
34592000,-0.020674653,-0.09610004,0.023139164
34600000,-0.32553512,0.08566792,-0.07926749
34604000,-0.5773329,0.007664785,-0.25843155
34608000,-0.70442283,-0.60573757,-0.22479734
34612000,-0.70284724,-0.40373117,-0.12366371
34616000,-0.6591808,0.15142372,-0.091546595
34620000,-0.30288813,0.029531963,0.08565977
34624000,0.42919135,-0.5624815,0.15280616
34628000,0.6453837,-0.9076535,-0.08256106
34636000,-0.43080142,-0.75010455,-0.79825926
34640000,-0.3126107,-0.46979618,-0.2898155
34648000,-0.4286458,-0.3207644,-0.23121473
34652000,-0.20480093,0.04809624,-0.363331
34656000,-0.4086085,0.063530736,-0.38625664
34660000,-0.7907202,-0.06789577,-0.14486015
34664000,-0.59000933,0.1184705,0.20480683
34668000,-0.042632982,0.15366748,0.2669442
34672000,-0.10247349,-0.019579727,-0.2215755
34676000,-0.5223537,-0.024876142,-0.32763457
34680000,-0.20661768,0.16836257,0.006210133
34684000,0.19543897,-0.001919262,-0.1600263
34692000,-0.596476,-0.1834358,-0.58961284
34700000,-0.38626212,-0.2745109,-0.93354994
34704000,-0.15462144,-0.6857816,-0.40088943
34708000,-0.45482776,-0.6972291,0.42463246
34712000,-0.38516253,-0.39967382,0.5872702
34716000,-0.08804712,-0.42082646,0.3673244
34720000,-0.5472637,-0.34854868,0.045663938
34724000,-0.7921121,-0.1498205,-0.4149558
34728000,-0.2219252,-0.23752639,-0.6335742
34736000,-0.37185237,-0.15972807,0.22208406
34740000,-0.47139227,-0.16259523,0.42933655
34744000,0.003504932,-0.13728318,0.1655304
34752000,0.39473826,0.043981828,-0.30721864
34756000,-0.07233357,-0.2434543,-0.33963433
34760000,-0.421794,-0.71848786,-0.29392776
34764000,-0.16628684,-1.1128076,-0.26672888
34768000,0.06814402,-0.8474823,-0.23676638
34772000,-0.16357806,0.007144719,-0.24531011
34776000,-0.49144784,0.7283454,-0.1950201
34784000,-0.4146781,-0.03414029,-0.056760527
34788000,-0.31178135,-0.98618877,-0.4191602
34796000,0.07403935,-0.19184911,-0.15078408
34800000,-0.1683654,0.072933145,-0.43662417
34808000,-0.4736403,-0.17183517,-0.23193023
34812000,-0.47443262,0.1010206,0.2345377
34820000,0.16138926,0.1732443,-0.21634598
34828000,-0.5677525,-0.56857586,-0.104041874
34836000,-0.28449842,0.022218928,-0.20143217
34840000,-0.12462134,-0.37651712,-0.6150371
34844000,-0.3218311,-0.5417971,-0.5846281
34848000,-0.38548285,-0.012287304,-0.116332844
34856000,-0.8877123,-0.07378353,0.062671416
34860000,-0.7484612,-0.63613313,-0.2237923
34864000,0.056364417,-0.43421274,-0.42059577
34868000,0.8906892,-0.24484399,-0.5173271
34872000,0.9951326,-0.38345933,-0.59087944
34876000,0.31797087,-0.22975874,-0.20387647
34884000,-1.2169509,0.19394165,0.35345262
34892000,-0.9012492,-0.43830582,-0.27362016
34896000,-0.5822002,-0.6257094,-0.5166097
34904000,0.6000381,-0.15392722,-0.38239664
34908000,0.8123493,-0.51973397,-0.36198756
34912000,0.32207587,-0.38252726,-0.44482085
34916000,-0.12722732,-0.10053119,-0.47291267
34920000,-0.15809403,-0.13361642,-0.283309
34924000,-0.029375464,-0.1960661,-0.030032866
34932000,-0.56894606,0.4780029,-0.08694756
34936000,-0.3925267,0.2385319,-0.14056206
34940000,-0.05571425,-0.05231836,-0.20322825
34948000,-0.62274194,-0.2823293,0.075050615
34952000,-0.7962466,-0.77490264,0.03891107
34956000,-0.25510246,-0.99268055,-0.1020082
34960000,0.11829787,-0.8537117,-0.1016442
34964000,0.17301953,-0.2012651,-0.16045097
34968000,0.002135012,0.43622863,-0.20622851
34972000,-0.17244461,0.50638723,-0.21280864
34976000,-0.080630474,0.15484658,-0.39607477
34984000,-0.22799352,-0.7559458,-0.15129186
34988000,-0.8576165,-0.7632493,-0.023540145
34992000,-0.7367828,-0.00866577,0.25519782
34996000,0.2433006,0.43274498,-0.18959354
35000000,0.8994393,-0.001432836,-1.0075525
35004000,0.6374531,-0.5956069,-1.0826398
35012000,-0.57951784,-0.022348717,-0.13129294
35016000,-0.44441015,0.042163476,-0.08905041
35020000,0.15236373,0.119102776,-0.45196533
35024000,0.36391896,0.015541025,-0.37023178
35028000,0.11733146,-0.11548751,0.008170791
35036000,-0.57833886,0.18819955,-0.29829982
35040000,-0.390324,-0.32985115,-0.25102127
35044000,0.043893293,-0.8356844,0.15223482
35048000,-0.033042923,-0.6179876,0.16112131
35052000,-0.17354412,-0.1983582,-0.22412446
35056000,0.014858976,-0.097550735,-0.6041886
35060000,0.003476471,0.17020866,-0.49958557
35064000,-0.24430865,0.6444366,-0.31353784
35068000,-0.49471352,0.3933651,-0.51678824
35072000,-0.75891155,-0.4134047,-0.282889
35076000,-0.6964748,-0.5094736,0.67568666
35080000,-0.18143499,-0.045135498,0.9946619
35084000,0.35940906,-0.054007567,0.04222089
35088000,0.62278485,-0.4073473,-0.701037
35092000,0.13491315,-0.5865389,-0.40056902
35100000,-0.56670284,-0.20773733,-0.3899705
35104000,0.037713192,-0.2509272,-0.54840827
35112000,0.3033269,0.30534697,-0.48818043
35116000,0.20572144,0.4147063,-0.2693243
35124000,-0.73325026,-0.65862197,0.018852279
35132000,-0.52969766,-0.510665,-0.1659572
35136000,-0.2136723,-0.20843935,0.023484014
35140000,0.1551903,-0.32731673,-0.06814537
35148000,0.07710068,0.3051752,-0.15145788
35152000,-0.13437578,0.6159059,-0.115565404
35156000,-0.44904757,0.4293233,-0.285357
35160000,-0.5049287,-0.11533786,-0.27717504
35164000,-0.091603205,-0.28333342,0.08701363
35168000,0.12715806,-0.29037338,0.36224553
35172000,-0.22666168,-0.5752386,0.13604529
35176000,-0.7460405,-0.43791714,-0.29938826
35180000,-0.7829647,-0.37805888,-0.737524
35184000,-0.48086166,-0.80514455,-0.86770713
35188000,-0.083629996,-0.6627753,-0.4435831
35192000,0.3958583,0.22416279,-0.10637848
35196000,0.6388067,0.80672807,-0.17588118
35200000,0.6888813,0.41879475,-0.5611524
35204000,0.54570276,-0.4149779,-1.0109562
35212000,-0.14442246,-0.51329577,-0.47728702
35216000,-0.61902684,-0.45531583,0.26720724
35220000,-0.9083842,-0.40568662,0.6359278
35224000,-0.7993518,-0.06333744,0.40015516
35228000,-0.69116104,0.28222448,0.07881069
35232000,-0.38885826,0.23041356,-0.027001966
35236000,-0.0141951,-0.062077846,-0.3102393
35240000,0.17925854,-0.29226124,-0.398545
35244000,0.19821243,-0.13151976,-0.04505591
35248000,0.039659858,0.19297233,0.1583445
35256000,0.18519704,-0.13329223,-0.6627544
35264000,0.5220381,-0.49892333,-0.5725862
35268000,0.03144142,-0.09698166,-0.26563388
35272000,-0.33236572,0.30421525,-0.035622895
35276000,-0.07640323,0.154185,-0.2498765
35280000,0.14161134,-0.33548158,-0.22562402
35284000,0.103230596,-0.46063974,0.00288564
35288000,-0.19123706,-0.5085059,-0.26204902
35292000,-0.48566726,-0.3174491,-0.57401276
35296000,-0.2466499,0.07406742,-0.50928295
35300000,0.10149935,0.05926396,-0.23153359
35304000,0.3913259,-0.27408078,0.07741491
35312000,-0.044066936,0.6125901,-0.2018269
35316000,-0.20888218,0.6385485,-0.45451435
35320000,-0.02817978,-0.022069126,-0.21380985
35328000,-0.4711578,-0.83944666,-0.35030618
35332000,-0.24022155,-0.5258925,0.112405226
35340000,-0.56889975,0.09312033,0.33312532
35344000,-0.53076375,-0.288731,-0.21529034
35352000,-0.08792956,-0.23238261,-1.5277346
35356000,-0.015776131,0.13963324,-1.1500225
35364000,0.13310626,-0.05708976,0.06381163
35368000,0.14354455,-0.12997624,0.23212162
35372000,0.10693103,0.17137365,0.20104076
35376000,0.04635614,0.20021987,0.14169589
35380000,0.048970275,-0.0825111,-0.040349707
35384000,-0.22802424,-0.43677714,-0.10216663
35388000,-0.3244205,-0.71231776,-0.34751534
35392000,0.21354401,-0.15546612,-0.64887106
35396000,0.54745317,0.5685826,-0.20830989
35400000,0.2652092,0.39057288,0.53124607
35408000,0.06563619,-0.40514177,0.12402919
35412000,0.15962368,-0.4377957,-0.65920824
35416000,0.390716,0.021184802,-0.9094326
35420000,0.4598881,0.4274114,-0.8128168
35424000,-0.24515146,0.28588247,-0.41253006
35432000,-0.2498774,-0.3483028,-0.116471276
35440000,-0.02061551,-0.6239871,0.17704213
35444000,-0.30557212,0.14743793,-0.41738832
35448000,-0.58283067,0.34246022,-0.9633122
35452000,-0.32479748,-0.089601085,-0.63926226
35456000,0.20518146,-0.08404082,0.009675249
35460000,0.1910634,0.11938162,0.083973095
35464000,-0.077371635,-0.019682754,0.013895272
35468000,0.03753762,-0.2133126,0.08344466
35472000,0.16564186,-0.045354635,-0.052087054
35476000,-0.11921192,-0.31202313,-0.5723922
35484000,-0.24318166,-0.8750155,-0.9345969
35488000,0.4739958,-0.53996253,-0.27166405
35496000,0.041198276,0.0803708,0.16008303
35500000,0.113101795,0.5656604,-0.37597945
35504000,0.4450389,0.17707695,-0.34479946
35512000,0.09152913,-0.7755772,-0.103122436
35516000,-0.08089181,-0.24121659,0.018555157
35520000,-0.18180965,0.4438483,-0.00093868
35524000,-0.25638252,0.57674176,-0.15557596
35528000,-0.1840738,0.02734527,-0.17271705
35532000,0.034164067,-0.20458958,-0.13175017
35536000,0.31306303,-0.07819052,-0.22599158
35540000,0.24229637,0.07228768,-0.29716086
35544000,-0.23464696,0.048104674,-0.4879717
35548000,-0.373949,-0.3382256,-0.729133
35552000,-0.22701499,-0.2332614,-0.31539848
35556000,-0.2655856,0.25004488,0.30677047
35564000,-0.43970618,-0.4286838,-0.3834602
35568000,0.029068619,-0.26032543,-0.5839584
35572000,0.91876096,-0.27696538,-0.22761035
35576000,1.1505823,-0.4926454,-0.06696535
35580000,0.1906192,-0.14510995,-0.15996327
35584000,-0.42709154,0.5879339,-0.105308294
35588000,-0.1443586,0.5507768,-0.15044813
35592000,0.091878586,0.06896396,-0.24588454
35596000,0.08335226,0.017655335,-0.19376875
35600000,0.12000576,-0.27797908,-0.34298375
35604000,0.33878678,-0.7879202,-0.512235
35608000,0.41743892,-0.5438902,-0.19449311
35612000,0.22565413,0.106664136,-0.049811717
35620000,-0.02275278,0.60616344,-0.112137616
35624000,0.11013384,0.35231817,0.21738794
35628000,0.15501839,0.046256058,0.25589705
35632000,-1.57E-05,0.02528824,-0.057809632
35640000,0.040558964,-0.09850082,-0.54591477
35644000,0.1713479,-0.012159534,-0.104598954
35648000,-0.25771302,-0.2640624,0.018106844
35652000,-0.29004043,-0.6509053,-0.09665009
35656000,0.24551313,-0.5446808,-0.34664917
35660000,0.23251614,-0.36204812,-0.37549123
35664000,0.15091254,-0.24542774,-0.43949845
35668000,0.63676894,0.036266707,-0.7284401
35676000,-0.22782373,0.980729,-0.43570757
35680000,-0.5191887,0.51765084,0.088813424
35688000,-0.20142195,-0.054353997,-0.36326832
35692000,0.039201815,-0.2236599,-0.7339862
35696000,0.2911718,-0.110056624,0.08278179
35700000,0.27234623,0.06984479,0.73629045
35704000,0.173129,-0.14081755,0.3879464
35712000,0.007455107,0.26906958,-0.29071188
35716000,0.19791497,0.4999109,-0.25831872
35720000,0.50590706,0.26197594,-0.66565216
35724000,0.071436435,-0.095117375,-0.9656681
35728000,-0.34433314,-0.11796582,-0.6972507
35732000,-0.13328621,-0.29393885,-0.17037112
35736000,0.22372402,-0.6138335,0.29029596
35740000,0.51893085,-0.61050755,0.3590654
35744000,0.4239948,-0.5709311,0.05982551
35748000,0.26695606,-0.4026411,-0.19781743
35752000,0.24226458,0.17071387,-0.4410307
35756000,0.0214087,0.33548695,-0.5272829
35760000,-0.005926604,-0.32148308,-0.14123333
35764000,0.33081844,-0.75879645,0.15166761
35772000,0.28462434,0.51401436,-0.41100976
35776000,-0.09240073,0.6640731,-0.7068807
35784000,-0.36631787,0.6082134,-0.3360622
35788000,-0.26724643,0.13457997,-0.07257493
35792000,-0.20024607,0.03267736,-0.20633622
35796000,0.21485749,0.06554294,-0.261803
35804000,0.60962903,-0.19447479,0.16055039
35808000,0.46808174,-0.4764674,-0.010581899
35812000,-0.06864065,-0.4822639,-0.31906533
35816000,-0.23836973,-0.11290858,-0.40117925
35820000,0.2124496,0.0629409,-0.5776159
35828000,0.37780988,-0.010296792,0.3403691
35832000,0.3116947,0.15831873,0.6112223
35836000,0.34033033,0.26384377,-0.27158052
35840000,0.01289846,0.0701539,-1.0926468
35844000,-0.19407044,-0.28088182,-0.38226247
35848000,0.01924859,-0.36866546,0.5412438
35856000,0.26009774,-0.14594996,-0.37249023
35860000,0.38951522,-0.31890467,-0.15755898
35864000,0.46005607,-0.30946553,0.16726585
35868000,0.43832868,-0.21461003,-0.20274891
35872000,0.12629351,0.011585677,-0.6785331
35880000,-0.014283717,0.35758522,-0.4713835
35884000,-0.09138655,0.23481204,-0.361987
35892000,-0.19624633,0.041126747,-0.14518608
35896000,-0.11952996,-0.04282049,-0.3432846
35900000,0.12141704,-0.28741744,-0.579238
35904000,0.22350489,-0.65427256,-0.48761588
35908000,0.27352664,-0.644587,0.001310289
35916000,0.46722135,0.35424438,0.34118474
35920000,0.2193195,0.23819165,-0.03917367
35928000,-0.48556352,0.24408285,-0.46579993
35932000,-0.4670085,0.08389491,-0.024141327
35936000,0.26176512,-0.13011312,0.09241371
35940000,1.2360017,-0.44535157,-0.11736302
35944000,1.2049838,-0.6073813,-0.14484881
35952000,-0.26004046,0.16035792,-0.4094603
35956000,-0.17016739,0.055588268,-0.6214697
35960000,0.11954429,-0.06433064,-0.6625516
35968000,0.41330948,0.08256595,-0.3635235
35976000,0.40090647,-0.44881618,0.32513857
35980000,0.45850843,-0.55089897,-0.042481232
35984000,0.124008924,-0.26706398,-0.4241921
35988000,-0.057722185,-0.1733321,-0.45118618
35996000,0.20595899,0.38093132,0.18635996
36000000,0.53899103,0.13780165,0.3028879
36004000,0.58625025,-0.518652,-0.10459055
36012000,-0.16939332,-0.3757292,-0.43359464
36020000,0.24993692,0.1805204,-0.6905497
36024000,0.59808695,0.21047904,-0.3479168
36028000,0.60082924,-0.07466132,-0.1550664
36032000,0.42858976,-0.5225037,0.10758978
36040000,-0.44624165,-0.7030239,-0.21341561
36044000,-0.5550929,-0.12095404,-0.003625333
36048000,0.085534796,0.43312734,0.04500702
36052000,0.6968374,0.82379013,-0.53878
36056000,0.63398623,0.54259455,-0.6171465
36060000,0.37556493,-0.023345314,0.067084044
36064000,0.041072108,-0.3348687,0.7204571
36068000,-0.31126073,-0.39097542,0.68655574
36072000,-0.2774609,-0.26042306,-0.057455704
36076000,0.10522305,-0.27855712,-1.1395428
36080000,0.40214863,-0.008831903,-1.6405818
36084000,0.34720308,0.7733122,-0.9124954
36088000,0.33762917,0.8320651,0.055116534
36096000,0.19595027,-0.37360168,0.42886704
36100000,0.44631428,-0.066760175,0.5984684
36104000,0.3846028,0.5587813,0.31255955
36108000,-0.061811835,0.17490478,-0.5248429
36112000,-0.07217799,-0.95262355,-0.70866543
36116000,0.08734758,-1.1689155,-0.27303094
36120000,0.24587561,-0.1573771,-0.117981024
36124000,0.7046479,0.7179655,-0.039358146
36132000,0.31385297,-0.046738677,-0.68090105
36136000,-0.13870978,-0.08724978,-0.70667434
36140000,-0.2355636,-0.57512474,-0.041968927
36144000,-0.036860913,-0.7843653,0.02568645
36152000,0.5775953,0.011560757,-0.57529616
36156000,0.18256918,0.19478354,0.2394422
36160000,-0.22801708,0.21440116,0.50298876
36164000,-0.12428361,0.28152317,0.052062795
36168000,0.21120135,-0.08277549,-0.13189617
36172000,0.31293967,-0.61299497,-0.19260046
36176000,0.3296675,-0.5235181,-0.67283654
36180000,0.2776182,-0.595323,-0.79763687
36184000,0.4112851,-0.68009174,-0.3661997
36188000,0.70556885,-0.12028359,-0.28378564
36192000,0.57415044,0.17034122,-0.30570698
36196000,0.02535306,-0.059058502,0.16469067
36200000,-0.55183095,-0.09012637,0.47664797
36204000,-0.7188757,0.12887917,-0.012134433
36208000,-0.19167401,0.23573743,-0.348033
36212000,0.5380709,0.21257314,-0.07839918
36216000,0.8524715,0.3463291,0.12441543
36220000,0.68805397,0.31945732,-0.061472047
36224000,0.12730196,-0.21502706,-0.6650524
36228000,-0.21688178,-0.5245974,-1.0705789
36232000,0.13353883,-0.076742455,-0.8267574
36240000,0.22477573,0.06965247,0.13615194
36244000,0.14919126,0.23978978,0.4730267
36248000,0.2215988,0.25863796,0.20697051
36256000,0.177297,-0.9440785,0.22175738
36260000,0.40373266,-0.6689719,0.24957854
36268000,0.5188584,0.70239675,-0.37970027
36272000,0.19167909,0.29707992,-0.44887897
36280000,-0.014648128,0.23369238,-0.5414832
36288000,0.39812726,-0.5584403,-0.15716597
36292000,0.13148813,-0.517177,0.348791
36300000,0.17614771,0.19438548,0.04279095
36304000,-0.051484093,0.055304118,-0.39165932
36308000,0.48058164,-0.18796313,-0.28201687
36312000,0.8420483,-0.35254928,0.010181278
36316000,0.09779607,-0.64802116,-0.11090159
36320000,-0.43257648,-0.6655228,-0.4058018
36324000,0.10491148,-0.26073998,-0.5190601
36332000,0.45453727,0.7086283,-0.030261882
36336000,0.40321374,0.7179792,0.05230084
36340000,0.080173396,0.19069985,0.028165527
36348000,0.18836734,-0.63136226,-0.4586116
36352000,0.3000404,-0.37074086,0.029563725
36356000,-0.017109647,-0.13329649,0.32293195
36364000,0.33552244,0.22306749,-0.8763487
36368000,0.48785016,0.40235853,-0.4066788
36372000,0.41138333,0.54740447,0.1568878
36376000,0.4530649,0.40368485,0.48001957
36384000,0.16615598,-0.3673229,-0.63622844
36388000,-0.0835159,0.005577661,-0.9604149
36396000,0.39829502,0.5386921,0.5090383
36404000,0.61027443,-1.0430763,0.21451224
36408000,0.13820136,-0.92408866,0.13452953
36412000,0.076798126,-0.35954922,-0.16628557
36416000,0.029656477,0.045160033,-0.22994895
36420000,-0.27757868,0.31132442,-0.556322
36424000,-0.048987158,0.3001853,-0.9400868
36428000,0.7535933,0.29313058,-0.6429025
36432000,1.2812555,0.27036956,0.04883203
36436000,0.8015576,0.043687403,0.42023307
36444000,-0.205005,0.23296311,0.31852007
36452000,-0.53940064,-0.2988728,-0.8850088
36456000,-0.018593296,-0.5836499,-0.75091326
36464000,0.8830292,-0.089448005,0.21268995
36468000,0.6857503,-0.081568524,0.29035535
36472000,0.1976808,0.1991503,-0.3021552
36476000,-0.36574525,0.482917,-0.78129923
36480000,-0.12280047,0.24104357,-0.72952354
36484000,0.4651727,-0.18937585,-0.35959598
36488000,0.5697765,-0.13476995,0.2457466
36492000,0.29212618,0.14006725,0.34273183
36496000,0.17599416,0.0973317,-0.2083984
36504000,-0.10779737,-0.13634717,0.22106281
36508000,-0.10162297,-0.18402144,0.47301304
36512000,0.145602,0.13632488,0.18733531
36516000,0.22072142,0.2646583,-0.27451217
36520000,0.21924669,0.15025204,-0.4050232
36528000,0.87558997,0.51577324,-0.022060603
36532000,0.4860764,0.37086505,0.501799
36536000,0.01673706,-0.169088,0.42102215
36540000,-0.42533332,-0.28227228,-0.17780325
36544000,-0.6216157,-0.007509954,-0.20254344
36548000,-0.2814088,-0.14527978,-0.18538576
36552000,0.4573329,-0.65915704,-0.49625102
36556000,1.0437056,-0.6234729,-0.40441683
36560000,0.9643302,-0.3318174,-0.048581768
36564000,0.69202965,-0.26456347,0.12777472
36572000,0.008371368,0.25535154,-0.15085275
36576000,-0.000843689,0.25026435,0.011606157
36580000,0.063190736,0.3052726,0.28868243
36584000,0.11908445,0.6410512,0.013066739
36592000,0.18035057,-0.022956714,-0.15884992
36596000,0.024459288,-0.0383289,-0.1955789
36600000,-0.10083928,0.16855313,-0.6392626
36604000,0.3592466,0.21758911,-0.64704955
36612000,0.63119674,-0.65418273,0.1388569
36616000,0.28325182,-0.4489208,0.11970657
36620000,0.21927032,0.077148214,-0.029931001
36624000,0.13876966,0.05149536,0.1080844
36628000,0.21604261,-0.3510214,0.000447094
36636000,0.3394652,-0.12526053,-0.1259026
36644000,-0.014622163,0.61823714,-0.0852005
36648000,-0.09469347,0.2589412,0.3010336
36652000,0.036650583,0.006737322,0.3327934
36656000,0.26651266,0.032752313,-0.27958
36660000,0.40599033,0.041245416,-0.6221925
36664000,0.3841669,0.026760109,-0.39275324
36668000,0.55293465,-0.059525505,-0.28379145
36672000,0.71021676,-0.30423895,-0.34219566
36676000,0.5024157,-0.31412643,-0.08432021
36680000,-0.020862117,-0.06197699,0.1354986
36684000,-0.2102486,0.018126445,0.17883798
36688000,0.28304592,0.03850451,0.15250777
36696000,-0.000966862,0.17400593,0.09766576
36700000,0.014764354,0.20472898,0.16303864
36704000,0.04244522,0.33194914,-0.45762196
36708000,0.32582834,0.59893996,-0.7638287
36716000,0.5627601,-0.6116349,-0.06758712
36720000,0.010836422,-0.75926197,-0.40010136
36724000,-0.00647334,-0.4648297,-0.57985336
36732000,-0.17177677,0.47318944,0.42889708
36736000,-0.4644165,0.66417736,0.5693538
36740000,0.13911213,0.5059658,0.38711387
36744000,1.0097579,0.26323837,0.041648656
36748000,1.1362779,-0.15217891,-0.34585756
36756000,0.18913357,-0.41699523,0.12102704
36760000,0.04828383,-0.049600534,0.12498289
36764000,0.14188941,0.3274563,-0.62595886
36768000,0.25963375,0.4109799,-0.6533022
36776000,0.5206212,-0.010034621,0.3171198
36780000,0.3910685,0.010429889,-0.44897586
36784000,-0.2267055,-0.027513891,-0.56487274
36788000,-0.33452708,-0.6547576,0.1305198
36796000,0.66474646,-0.8586251,0.19179872
36804000,0.37346536,0.6746005,0.24154818
36808000,-0.09642211,0.49329793,0.23145771
36812000,-0.32626417,-0.21047938,0.06076151
36816000,-0.31434304,-0.3870929,-0.12933695
36820000,-0.002835378,0.08612943,-0.6373446
36824000,0.29077125,0.17924565,-0.6278676
36828000,0.21547355,0.074244276,-0.22457092
36832000,0.43796206,0.20953093,-0.28407568
36836000,1.0599825,0.039436594,-0.5050837
36844000,0.11137092,0.2452975,0.10899072
36848000,0.065634914,-0.048892036,-0.09591505
36852000,0.5011263,-0.58513325,-0.51262677
36856000,0.66507983,-0.3663326,-0.3508293
36864000,-0.43670303,0.33182174,0.38164115
36868000,-0.45119148,0.41448164,0.14378741
36872000,0.07737368,0.5006956,-0.0684968
36876000,0.06282721,0.14636782,-0.2864172
36880000,0.106059,-0.2635178,-0.2825431
36884000,0.6389325,-0.2675196,0.11285035
36888000,0.79466796,-0.16613786,0.16580625
36892000,0.6461918,-0.024595687,-0.020159703
36896000,0.2925556,0.18642408,-0.05399303
36900000,-0.13674013,0.23670954,-0.37470677
36904000,-0.24393609,0.3135942,-0.5700778
36908000,-0.12659936,0.6215226,-0.14103456
36912000,0.1792984,0.8013685,-0.04148099
36916000,0.477895,0.6530578,0.015615702
36920000,0.6512167,0.008013189,0.45723957
36924000,0.53710604,-0.9572304,0.5792471
36928000,0.18393762,-1.3700366,0.14379373
36932000,-0.0765755,-1.0279026,-0.63022107
36936000,-0.032161478,-0.28480804,-0.53956723
36940000,0.25878948,0.42979753,0.17944504
36944000,0.3942622,0.5218862,0.14892894
36948000,0.55288714,0.404315,-0.29871842
36952000,0.6091617,0.3077743,-0.46168786
36956000,0.18430877,0.15871371,-0.24910584
36960000,-0.09457856,0.06592152,0.086949885
36964000,-0.20022817,-0.29710668,0.30883783
36968000,-0.5022071,-0.30364215,0.13108724
36972000,-0.4128322,-0.06284366,-0.3426227
36976000,-0.018928573,-0.135798,-0.54341584
36980000,0.08622907,0.040639155,-0.44082376
36984000,0.73096997,0.29508567,-0.19774653
36988000,1.5664018,0.28473288,0.09560661
36992000,1.0027051,0.17120908,0.26992875
37000000,-0.46575764,-0.26634625,0.3884299
37004000,-0.4599825,0.17836441,0.048559763
37012000,0.37807915,-0.0892853,-0.5022362
37016000,0.45805892,-0.29244265,-0.2470228
37020000,0.5242581,0.085919335,0.07216437
37028000,0.11917189,-0.1487996,0.24070264
37032000,0.40671492,-0.46252757,-0.057629377
37036000,0.22775546,-0.115956396,-0.21065567
37040000,0.112750664,0.48296258,-0.2539387
37048000,0.43891016,-0.3447752,-0.11396695
37052000,0.47597903,-0.35797945,-0.19238771
37056000,0.42241806,0.08575782,0.023121402
37064000,0.038989533,-0.07988818,-0.11824962
37068000,0.045320146,-0.031162914,-0.5104447
37072000,0.24681531,0.21708043,-0.45022005
37076000,0.40977043,0.01475735,0.13479272
37080000,0.04156307,-0.2536417,0.48158947
37088000,-0.31954533,0.1733781,0.16680874
37092000,-0.058700748,0.5894754,-0.35301647
37096000,0.13704942,0.8780019,-0.63489616
37100000,0.45964214,0.28728753,-0.41497636
37108000,0.32283646,-0.6522951,-0.20887178
37112000,0.51486033,-0.2926234,0.3351813
37116000,0.44389427,-0.17512618,0.45603147
37120000,0.390404,0.26170376,0.117510796
37124000,0.61359626,0.6073085,-0.19136529
37128000,0.7206501,0.20332007,-0.36164504
37132000,0.65402436,0.084170215,-0.34483635
37136000,0.37763196,0.087334424,-0.22712113
37140000,-0.15277685,-0.26083234,0.06878459
37144000,-0.6374032,-0.41828072,0.3195908
37148000,-0.48596174,-0.44635546,0.27896416
37152000,0.30085152,-0.47805884,0.21641716
37156000,0.5943302,-0.34081388,0.08919989
37160000,0.06783992,0.053226657,-0.11590641
37164000,-0.3801232,0.35885194,-0.2068401
37168000,-0.4272693,0.22980234,-0.17929284
37172000,-0.05775842,-0.05485955,-0.26821578
37176000,0.4595822,-0.11758785,-0.19270015
37180000,0.69067156,-0.1872007,0.38732323
37184000,0.65623635,-0.26309583,0.7541419
37188000,0.46253386,0.011736304,0.3968485
37196000,-0.08643266,0.23010707,-0.17480032
37200000,-0.61049604,0.012100443,-0.2618405
37204000,-0.41372818,-0.41091034,-0.42313552
37208000,0.28356075,-0.70827,-0.7903833
37212000,0.8282856,-0.7621443,-0.8443054
37216000,0.6222548,-0.18770072,-0.04454866
37220000,-0.12989584,0.61454886,0.59187835
37228000,0.43722492,0.3694167,0.21516672
37232000,0.51652473,-0.15126623,0.06702171
37236000,0.25199744,0.054592624,0.03465385
37240000,0.49874878,0.47119352,0.45593745
37244000,0.5542234,0.57636535,0.41260105
37248000,0.05657962,0.14984939,-0.048824996
37252000,-0.34571087,-0.6861199,0.09624261
37256000,-0.16230643,-0.642002,0.05329468
37264000,0.526674,-0.35080487,-0.86351144
37268000,0.42084813,-0.3291917,-0.7442323
37276000,0.23259446,0.47221133,-0.44782782
37280000,0.6152542,0.72503626,0.53623587
37284000,0.53498524,0.30902082,0.8187598
37288000,0.025493309,-0.013042749,0.29906046
37292000,-0.122415364,0.010352111,-0.24319571
37296000,0.2661968,-0.17529982,-0.38102666
37300000,0.30729657,-0.3168518,0.008438081
37304000,-0.06855111,-0.2768787,0.24089578
37308000,-0.011979707,-0.24915364,0.11976023
37312000,0.36479095,-0.11366798,0.11275429
37320000,0.1783272,0.44348896,-0.07475515
37324000,-0.1485121,0.2874941,0.11327457
37328000,-0.2583671,0.2832088,0.4201545
37336000,0.662964,0.034510374,0.3072638
37340000,0.4273606,-0.038268983,0.13477215
37348000,-0.24860853,-0.26022288,-0.69536036
37356000,-0.23430637,-0.7987199,-0.7932471
37364000,0.3991821,0.2340779,0.72930884
37368000,0.21025074,0.33531284,0.8004817
37372000,0.09310965,-0.2466216,0.42245537
37376000,0.17937106,-0.4516462,-0.004397217
37380000,0.13289742,-0.015841335,-0.2503748
37384000,0.13228185,0.27302974,-0.24342611
37388000,0.14594762,0.41053894,-0.1536901
37392000,0.008785974,0.6349664,-0.07277633
37400000,0.3409205,-0.0372445,-0.016980637
37404000,0.18692192,-0.49207866,-0.061916396
37412000,0.21625365,-0.18578735,-0.22945313
37420000,0.8147398,0.14528401,0.15077154
37424000,0.4645229,-0.031118155,0.41726598
37432000,0.5459788,0.09281653,0.009534091
37440000,-0.71515757,-0.38280573,-0.1999478
37444000,-0.90538776,-0.32000273,-0.49579763
37452000,0.22457933,0.15384983,-0.37093553
37456000,0.80927664,-0.03329309,0.49890393
37460000,0.6924722,-0.10008637,0.66518855
37468000,0.100344375,0.45660457,0.40974376
37472000,0.24361804,0.18851186,0.33609277
37480000,0.07109241,0.122094736,-0.1178116
37484000,-0.30434453,0.44956324,-0.068388276
37492000,0.017105445,-0.109376,-0.13846827
37500000,0.25038132,0.23745833,-0.26514146
37504000,0.23663442,-0.004759714,-0.13143957
37508000,0.42159262,-0.19637722,0.2593385
37512000,0.19435257,-0.17926273,-0.29067045
37516000,0.2665115,0.07416187,-0.8896913
37520000,0.49510005,0.45105085,-0.6054635
37524000,0.16197512,0.4357796,-0.2468979
37528000,0.10261274,0.24027914,0.15792973
37532000,0.16504565,0.000260223,0.5287773
37536000,0.12488787,-0.26640323,0.50206953
37540000,0.22510433,-0.49310783,0.31778938
37544000,0.23391512,-0.51585335,-0.013500445
37548000,0.067224756,0.027608842,-0.33883402
37556000,0.12197466,0.41089165,-0.7259513
37564000,-0.5145582,-0.61968374,0.3142499
37568000,-0.2890022,-0.23767036,0.57510686
37572000,0.18824963,0.26026586,0.764749
37576000,0.1829863,0.27148908,0.5926374
37580000,0.09568054,-0.27500498,-0.048334807
37588000,0.7415585,-0.0860215,-0.036248043
37596000,0.29683697,-0.31874138,0.20177591
37600000,-0.3545674,0.11715217,0.20302968
37608000,-0.1750536,0.5099054,0.34131697
37612000,0.33169106,0.18318918,0.45389545
37616000,0.76808524,-0.27808657,-0.0727032
37620000,0.45053315,-0.41496462,-0.41295078
37624000,0.10448752,-0.6098917,-0.1438867
37632000,0.53750205,0.3876359,-0.43811715
37636000,0.49822024,0.7393664,-0.6000613
37644000,-0.77403754,0.5955791,0.029500261
37648000,-0.3213774,0.41353583,0.45821944
37652000,0.7295627,-0.20191063,0.62813884
37660000,0.3468174,-0.46266323,-0.42977178
37664000,-0.350138,-0.14400887,-0.40272385
37668000,-0.58765286,-0.09651296,0.076054625
37672000,-0.06489797,-0.13860929,0.30807424
37676000,0.5570231,-0.19488879,0.10390459
37684000,0.99754673,-0.21578085,-0.000695668
37688000,0.5583772,0.5337144,0.019072792
37692000,-0.27553645,0.7558248,-0.26906404
37696000,-0.84659714,0.07511479,-0.64857554
37704000,-0.33463532,-0.005945161,0.5109139
37708000,0.26923254,0.2664152,0.84562606
37716000,0.32795107,0.06368706,0.23247594
37720000,0.23888156,0.041129187,-0.085558996
37724000,0.4482706,-0.16865647,-0.13948993
37732000,0.018100724,0.46167707,0.08756996
37736000,-0.06974657,-0.118658915,0.18881029
37744000,-0.24175023,-0.7046956,0.35960475
37748000,0.51472837,-0.42412037,0.2438057
37752000,0.54397815,0.01771371,-0.519045
37760000,-0.33628592,-0.018015616,-0.34703976
37764000,0.27705342,-0.10054676,0.086354814
37768000,0.467568,-0.16294025,0.13952631
37772000,0.008620992,-0.15394112,-0.034747966
37776000,-0.4063208,0.05105415,-0.4302584
37780000,-0.45811042,0.0735396,-0.32869023
37784000,0.10978578,-0.017868262,0.36272812
37788000,0.5096615,-0.19113883,0.6681569
37792000,0.10834934,-0.2767909,0.45625058
37800000,0.7764104,0.68747413,-0.031458355
37808000,0.17538509,-0.042335197,0.36194044
37816000,-0.25548792,-0.06586493,-0.32078233
37824000,0.27140713,0.072542086,-0.5908594
37828000,0.37368536,-0.47112653,-0.33689263
37832000,0.50257635,-0.45431292,-0.091129966
37840000,0.44787675,0.03103441,0.061918728
37844000,0.16933441,0.22078757,0.40083408
37852000,-0.5319366,-0.06500918,0.24370031
37856000,-0.3916111,-0.4165375,0.4246712
37860000,0.05321014,-0.15503824,0.6927569
37864000,0.12814415,0.5179943,0.25895083
37872000,0.17742214,0.08052991,-0.556914
37876000,0.36782953,-0.33828688,-0.7803473
37880000,0.6036427,-0.2942816,-0.9230121
37884000,0.5977524,-0.29979557,-0.5744452
37888000,0.22886693,-0.27367488,0.033969358
37892000,-0.04301499,0.079734355,0.2609586
37896000,-0.26770225,0.17114961,0.24587987
37904000,-0.18611634,-0.39715716,0.31053746
37908000,0.18378435,-0.4167109,0.23779574
37912000,0.02525127,0.23254588,0.047080196
37916000,0.009055369,0.8022727,0.07942204
37920000,0.3853897,0.6900393,0.26562482
37924000,0.5284842,0.057354614,0.10279726
37928000,0.33686244,-0.3708323,-0.282401
37932000,0.10893504,-0.32726043,-0.22890508
37936000,-0.34614187,-0.05985862,-0.02379264
37944000,-0.7218043,-0.028815266,0.37853155
37948000,0.2659294,-0.019880764,0.4722625
37956000,0.4672579,-0.046543233,-0.24676982
37964000,0.1900208,-0.4762546,-0.13256997
37968000,0.522871,-0.113719575,0.19478504
37972000,0.66523874,0.34556922,0.012646191
37980000,-0.1803411,0.35846806,0.0825731
37984000,-0.28529036,-0.28860644,0.18318577
37988000,-0.18822263,-0.5766338,0.18298694
37992000,0.21216017,-0.19944032,0.04086253
37996000,0.6313421,-0.20753796,-0.19942448
38000000,0.6990443,-0.3069239,-0.049398996
38004000,0.06900357,0.2095741,-0.09001076
38012000,-0.054369256,-0.041335583,-0.19663781
38020000,-0.09984928,-0.5723921,0.83206695
38024000,-0.35450673,-0.33027995,0.1666022
38028000,-0.15881944,0.24797031,0.07042496
38032000,0.26720616,0.3705583,0.2550347
38036000,0.54033643,-0.2226951,-0.0704754
38040000,0.48463815,-0.5477141,-0.54314965
38044000,0.35011894,-0.21054137,-0.5323759
38048000,0.3046198,0.30571184,-0.32763818
38052000,9.58E-05,0.3927583,-0.048427664
38056000,-0.847521,0.26063573,0.27944183
38064000,-0.41164362,-0.13726492,0.6773694
38068000,0.45873746,-0.18196921,0.8856954
38072000,0.9563274,0.37609625,0.39240646
38076000,0.8676746,0.6765336,-0.48198098
38080000,0.21523651,0.13053046,-0.8069215
38084000,-0.09281416,-0.3651094,-0.4386176
38088000,0.03521511,0.000257522,0.03233628
38092000,-0.37065595,0.2292971,0.5064434
38096000,-0.61954045,-0.18798894,0.6974064
38100000,0.044760257,-0.5873089,0.5058851
38104000,0.6448389,-0.41566715,0.1282626
38108000,0.58469063,0.17130667,-0.3221924
38112000,0.028555885,0.4398272,-0.32698676
38116000,-0.36504993,0.5590416,-0.30455127
38120000,-0.20617302,0.54981,-0.41182396
38128000,-0.16843067,0.19058874,0.07124204
38132000,0.115832485,-0.30012363,0.09251175
38136000,0.27532473,-0.6896006,-0.030362077
38140000,0.08565264,-0.54592603,0.023063488
38144000,-0.06950297,-0.14001368,0.07293267
38148000,0.036590066,0.2999131,0.062633365
38152000,0.15085784,0.29343063,0.10515207
38160000,0.56050533,-0.015088391,0.09361444
38164000,0.47468823,-0.10770783,-0.16101396
38168000,-0.11322279,-0.5648315,-0.44544697
38176000,-0.013739377,-0.4914205,-0.10113993
38180000,0.4516923,0.18727508,0.21474403
38184000,0.5556587,0.44353813,0.2326521
38188000,0.38315338,0.26318526,0.2797231
38192000,0.017061353,-0.003622651,0.2942171
38196000,-0.39184076,-0.25816962,0.10645298
38200000,-0.33527794,-0.28971928,-0.10813349
38204000,0.3078906,-0.05915211,-0.21494433
38212000,0.50951123,0.28128636,0.4147101
38216000,0.11370448,0.029283024,0.51046383
38220000,0.13494788,-0.18603301,0.27598765
38224000,0.06882304,-0.25578028,0.07214385
38232000,0.027702332,-0.30567175,0.3164209
38236000,-0.10108701,-0.13480665,0.13531333
38240000,-0.566884,0.016799606,-0.22984695
38244000,-0.4994424,-0.01004472,-0.70328456
38248000,0.16667418,-0.16602081,-0.31707436
38252000,0.54577374,0.049097583,0.27117375
38260000,0.12086523,-0.075988814,-0.25775346
38264000,-0.35070616,-0.14390683,0.042728063
38268000,-0.6362837,0.22770977,0.03568133
38276000,0.5204417,0.32568568,0.12367149
38280000,0.29816273,0.5444275,0.009053692
38284000,-0.026875578,0.4615249,-0.19514869
38288000,0.050143093,0.25244555,0.42538667
38292000,0.16939355,-0.027009338,0.7799584
38296000,0.12624489,-0.11856437,0.20971999
38300000,-0.12499075,-0.059773996,-0.032700505
38308000,0.13159919,-0.12987697,0.5006431
38312000,0.56612337,-0.047151193,0.2014403
38316000,0.3790508,0.045576997,-0.08843836
38320000,-0.001083687,-0.18185097,-0.15874223
38324000,-0.05680461,-0.46448702,0.071265474
38328000,0.12092282,-0.31294656,0.2858268
38332000,-0.07765638,0.33137763,0.19645318
38336000,-0.44065407,0.5564281,-0.10116543
38340000,-0.075534284,-0.16397026,-0.59304416
38344000,0.71782863,-0.6834814,-1.0204576
38348000,0.68967766,-0.3677253,-0.9131744
38356000,-0.4448056,0.18205012,0.15168887
38360000,-0.8972947,-0.17132522,0.5743844
38368000,0.42366624,0.03537955,0.5713906
38372000,0.9682605,-0.12160433,-0.18111941
38376000,0.45840922,-0.30334592,-0.529229
38380000,-0.21609625,-0.07833308,-0.42887694
38388000,-0.05602263,0.44458836,-0.24048784
38392000,0.2169801,0.013170019,0.36444402
38396000,0.4891639,-0.2081518,0.71906286
38400000,0.48931944,-0.23046273,0.672778
38404000,0.034680873,-0.1939554,0.43876565
38408000,-0.20650807,-0.22556525,-0.06925902
38416000,0.43653393,0.12337534,-0.28308368
38420000,0.85936713,0.40711516,-0.6836153
38424000,-0.015489817,0.57629615,-0.20592058
38428000,-0.9900545,0.4632355,0.7813233
38436000,0.057989404,-0.34461272,0.31751424
38440000,0.7385878,-0.3685589,-0.16194972
38444000,0.5674826,-0.5332215,-0.18103416
38448000,-0.03255634,-0.84690034,-0.15956396
38452000,-0.4132407,-0.6902057,-0.35501823
38460000,0.099224836,0.38913095,0.07865854
38464000,0.77721083,0.79961944,0.018905822
38472000,-0.072608605,0.1267983,0.54858845
38476000,-0.6323581,-0.1526656,0.42034224
38480000,-0.3986144,-0.26379412,-0.07183857
38484000,-0.041833103,-0.14939874,0.0279814
38492000,-0.34872872,0.4311887,0.35091656
38496000,-0.11640945,0.12016239,0.08466594
38500000,0.43301404,-0.37996268,-0.2409884
38504000,0.90039694,-0.40449703,-0.4483568
38508000,0.82585454,0.1522975,-0.22550227
38512000,-0.13168848,0.23387963,4.71E-05
38516000,-0.9339418,-0.47400793,-0.053131666
38524000,-0.20656505,0.055232868,-0.07124921
38528000,0.5945864,-0.039473444,0.28730136
38532000,0.89330393,-0.3277764,0.38702577
38536000,0.38906536,-0.002211444,0.39779657
38544000,-0.5049379,0.56315374,-0.06559114
38548000,-0.52360487,0.31984645,-0.12451476
38552000,-0.13903636,0.07436448,0.038416788
38556000,0.19924486,-0.3075554,0.078911066
38560000,-0.14810169,-0.5963998,0.058557186
38564000,-0.37995994,-0.57136583,-0.4441269
38568000,0.042200744,-0.30724788,-0.9221937
38572000,0.34847316,0.087296225,-0.4395671
38576000,0.19803542,0.5772861,0.34955907
38580000,-0.06450172,0.52132684,0.4553066
38588000,0.24618997,-0.33992952,0.123105094
38592000,0.2501476,0.03613831,-0.02891232
38596000,-0.12926136,0.2525737,-0.18939906
38600000,-0.13891551,-0.32298946,-0.43870398
38604000,0.11067756,-0.36854374,-0.23264173
38608000,0.22996235,0.25881314,0.56756
38616000,0.05351527,0.12457241,0.24205601
38620000,-0.39224923,-0.49228638,-0.08599559
38628000,0.43658292,-0.15156125,0.2141616
38632000,0.40114596,0.44239208,0.20699799
38636000,-0.03860393,0.57632643,0.041801482
38640000,-0.47809052,0.48043406,0.14659438
38648000,0.2412026,-0.12160218,-0.40214705
38656000,0.24855754,-0.53455144,0.3461941
38660000,0.1361068,-0.31185535,0.3358441
38664000,-0.39642435,0.2921806,0.18485552
38668000,-0.47842982,0.6702584,0.18408671
38672000,0.13879469,0.46104255,0.44479242
38676000,0.48391545,-0.053500324,0.23616418
38680000,0.5263672,-0.45562297,-0.38236183
38688000,-0.32755485,0.07632564,0.038612098
38692000,0.22040072,0.44794852,0.054005217
38696000,0.1840672,0.14218435,0.19687887
38700000,-0.07439698,-0.2727136,0.72412616
38704000,0.13251516,-0.5356677,0.65065855
38712000,-0.38852492,0.06362639,-0.5697791
38716000,-0.09037067,0.445144,-0.28310695
38720000,0.40466642,0.35810864,0.20729786
38724000,0.44060463,0.062135637,0.6492674
38728000,-0.110177636,-0.05482977,0.31472373
38736000,-0.15489353,-0.08360353,-0.36741942
38744000,0.04261893,-0.06907496,0.507245
38748000,0.17584519,-0.08825,0.061227515
38752000,0.39931968,-0.12354891,-0.49443603
38756000,0.2721059,-0.32130718,-0.00712809
38760000,0.12338428,-0.0523726,0.45337972
38764000,-0.3757196,0.61784273,-0.10913202
38768000,-0.6844854,0.4580066,-0.69330275
38772000,-0.14709598,0.18078762,-0.78041947
38776000,0.51559144,0.091942154,-0.2868687
38780000,0.69211507,-0.14440581,0.4333575
38784000,0.1990121,-0.25063887,0.42193246
38788000,-0.31740957,-0.1382043,0.035425063
38792000,-0.3233297,0.13799092,-0.2503494
38796000,-0.3199262,0.11800483,-0.37722507
38800000,-0.24544084,-0.11619879,0.059057534
38804000,0.38509047,-0.40392777,0.42078152
38808000,0.9204743,-0.5505469,0.25401714
38812000,0.5235674,-0.05974865,0.186981
38820000,-0.5265228,0.14914939,0.17312449
38824000,-0.13280514,-0.3291344,0.39874217
38832000,0.4717345,0.09214696,-0.26306194
38836000,0.117529064,0.12986983,0.4653265
38840000,-0.38070828,0.19742316,0.80740696
38844000,-0.43595383,0.65854317,0.5893957
38848000,-0.19236001,0.68415993,0.061774164
38852000,-0.007836811,0.53063214,-0.38467368
38856000,0.41160405,0.6298385,-0.39094195
38860000,0.5862474,0.014390558,-0.40518063
38864000,0.4001502,-0.69966,-0.4604764
38868000,0.46233863,-0.7419634,0.3558657
38872000,0.3549411,-0.65511155,1.0487317
38876000,-0.34458613,-0.5881441,0.35835677
38880000,-0.7496805,-0.41679707,-0.43259814
38884000,-0.40566948,0.017276466,-0.4742549
38892000,-0.059326366,0.20680963,-0.024522616
38900000,-0.07093915,0.027055709,0.30396017
38904000,-0.7151167,-0.046695597,-0.002755776
38912000,-0.23299786,0.48735753,0.45438397
38916000,0.1485456,0.38392508,0.45829803
38920000,0.2558229,0.002580747,0.20569274
38924000,-0.06475915,-0.3283482,-0.073953256
38928000,-0.3635416,-0.7154086,-0.2635076
38932000,0.057028905,-0.9295474,-0.31066644
38936000,0.413391,-0.38955155,-0.16307396
38940000,0.39306766,0.10624311,-0.11760591
38944000,0.17062259,0.18188769,-0.40880698
38952000,-0.33498096,0.20516786,-0.3084555
38956000,-0.006492414,0.2320726,0.000103055
38960000,0.23318309,0.08887252,0.2515936
38964000,0.25395972,-0.42939466,0.34822947
38968000,-0.01638075,-0.6471037,0.07413838
38972000,-0.45382217,-0.13167687,-0.1682609
38980000,-0.05247906,-0.078003764,0.49520686
38984000,0.013302922,-0.06521624,0.90259725
38988000,0.07167725,0.34056678,0.8773202
38992000,0.43044806,0.36648092,0.3182462
38996000,0.36703527,0.323443,-0.3172598
39004000,-0.39354792,0.0891698,-0.12775211
39008000,-0.15712845,-0.20997192,-0.29197443
39012000,0.103755996,-0.029042263,-0.14040887
39016000,0.099315435,0.20650221,-0.24592477
39020000,0.060842395,0.20921151,-0.3840487
39024000,0.23746467,0.09822568,-0.11561981
39028000,-0.09028557,-0.078412995,0.16310969
39036000,-0.6362084,-0.228931,0.30065995
39040000,-0.33187798,-0.14418122,-0.42651188
39044000,0.21941221,-0.029320996,-0.46581924
39048000,0.3099602,0.12883814,0.5008885
39052000,-0.100489885,0.18268798,0.8423342
39056000,0.15839578,-0.13014746,0.27360228
39060000,0.49711555,-0.4889892,-0.077759355
39064000,0.12734751,-0.5562593,-0.10621518
39068000,-0.07769011,-0.42801768,-0.11858027
39076000,-0.11317583,0.30587888,0.19024694
39084000,-0.13601156,0.11462912,0.2073411
39088000,0.2315869,0.5963038,-0.027341463
39092000,0.756642,0.36076212,-0.15713671
39100000,-0.009783059,-0.2783308,0.40766028
39104000,-0.14340946,-0.08370674,0.010779351
39108000,-0.5527968,-0.035994623,-0.25238544
39116000,-0.34302685,0.15454826,0.50985295
39120000,0.06742434,-0.10916185,-0.007419124
39124000,0.30696124,-0.56679326,-0.54181856
39128000,0.23041245,-0.71075994,-0.47078836
39132000,0.14102396,-0.20945881,-0.13037196
39136000,0.33576462,0.6933137,0.26725724
39140000,0.19385415,1.0926653,0.47847295
39148000,-0.22167115,-0.64671487,-0.1821625
39152000,0.0765329,-0.80325925,0.21316332
39156000,0.20047417,-0.77558917,0.41524726
39164000,-0.2460574,-0.13101903,-0.1893092
39172000,-0.5614779,0.9384559,-0.8137304
39180000,0.09189367,0.05169662,0.4502478
39188000,0.2189472,-0.51423734,0.30855593
39192000,0.23222911,-0.82836604,0.1171216
39196000,0.35735968,-0.57742876,0.06272456
39204000,-0.015515331,0.26633474,0.21159711
39208000,-0.5188772,0.43304408,0.046486497
39212000,-0.7222594,0.6434179,-0.21863218
39216000,0.083999306,0.6335716,-0.28906703
39224000,0.67517346,0.09458873,0.4569506
39228000,0.48001432,-0.31714988,0.43655744
39232000,-0.12595397,-0.4962889,0.10081515
39236000,-0.7968309,-0.52059776,-0.33823612
39240000,-0.66729546,-0.07818505,-0.5419601
39244000,-0.13958885,0.27807137,-0.57204634
39252000,0.26993385,-0.22003345,0.309089
39256000,0.56752104,-0.18882908,0.7470131
39260000,0.8062632,-0.04645108,0.748019
39268000,-0.20231657,0.665041,0.4952244
39276000,0.2633618,-0.56234777,-0.40126893
39280000,0.30848274,-0.45259953,-0.24648443
39284000,-0.19794334,0.020405382,-0.26468885
39292000,-0.6614476,-0.27971545,-0.41606516
39296000,-0.387439,-0.06261177,-0.22185086
39300000,-0.06824114,0.10661508,-0.04461208
39304000,0.15237963,0.1990821,0.16625941
39312000,0.41367534,0.45087117,0.12932849
39320000,0.1151181,0.11286497,0.47348872
39324000,-0.33040634,-0.266749,-0.17802857
39328000,-0.2785719,-0.14582144,-0.278547
39332000,0.000680979,-0.23720142,-0.15561286
39336000,-0.20418411,-0.3297365,-0.14153959
39340000,-0.83311796,0.0839283,-0.0784851
39344000,-0.6904906,0.22379965,-0.1636272
39348000,-0.20726332,-0.09987438,-0.1908647
39352000,0.028274637,-0.45947742,0.11420947
39356000,0.46244112,-0.62667483,0.47550252
39360000,0.8001388,-0.083753735,0.50126505
39364000,0.78612643,0.35891575,0.49357498
39368000,0.5408801,0.2735858,0.46671808
39376000,-0.04874049,0.12121628,-0.22292128
39380000,-0.21599275,-0.19171551,-0.32023764
39384000,-0.26811898,-0.040864907,-0.18136373
39388000,-0.45931715,-0.07373066,-0.017826825
39392000,-0.43090048,-0.1460059,-0.011656128
39396000,-0.010166228,0.028097734,0.12536779
39400000,0.07104844,-0.06042768,0.35378933
39404000,-0.1787967,-0.121049926,0.4379641
39408000,-0.040691406,-0.087776795,0.32635933
39412000,0.15944263,-0.35367447,0.0932969
39416000,0.20481831,-0.2912823,-0.10739975
39420000,0.31322607,0.1762749,-0.033805966
39428000,-0.16445512,-0.26598138,0.1036589
39432000,-0.41039827,-0.2772331,-0.20526278
39436000,-0.5222545,0.030809622,-0.29536697
39440000,-0.5134691,0.21014324,0.053286657
39448000,0.1474019,0.13865525,-0.10576072
39452000,0.52222234,-0.17623276,-0.6638159
39456000,0.8443692,-0.09522934,-0.68624943
39464000,-0.16338536,0.21335414,0.43444
39468000,-0.9022865,0.43514502,0.48239845
39472000,-0.7990985,0.45524555,0.25826716
39480000,0.12934485,-0.26697046,0.14059259
39484000,0.18396378,-0.47332394,0.09198473
39492000,0.47314155,-0.55517495,0.35324484
39496000,0.45365912,0.2682858,0.41265303
39500000,0.15374787,0.5459125,0.05773145
39504000,-0.34115544,0.39450425,-0.33419704
39508000,-0.24666554,0.08221587,-0.5247378
39512000,0.2606113,-0.22854544,-0.123356655
39516000,0.25449264,-0.06425375,0.38439968
39520000,-0.21379803,0.20167756,0.41370106
39528000,-0.16833755,-0.33574933,0.11340052
39532000,-0.2551914,-0.117462106,0.03259722
39540000,-0.22806405,0.26366523,0.25476885
39544000,0.0745651,0.6307802,0.066558346
39548000,0.31357315,0.81195396,-0.07994215
39552000,0.28298962,0.31978947,-0.24817233
39556000,0.17616795,-0.1875527,-0.3431949
39560000,0.14561743,-0.44350436,-0.13672672
39564000,-0.028397767,-0.47478718,0.19547072
39568000,-0.3663696,-0.2817722,0.21747483
39576000,0.03778003,-0.04971519,-0.3996882
39580000,0.15275781,-0.29684487,-0.55528283
39584000,0.11469118,-0.38417295,-0.096948
39592000,0.17886081,0.500702,0.87731516
39596000,0.26205915,0.06313087,0.7264012
39600000,-0.010918483,-0.1276221,0.26373836
39604000,-0.096098766,0.13793996,-0.15901335
39608000,0.10166229,0.34825394,-0.39138097
39612000,0.04844448,0.46326834,-0.3928453
39616000,-0.4292285,0.34983358,0.017041057
39620000,-1.0693822,0.12120041,0.22566819
39624000,-0.74964076,0.01443313,0.12709138
39628000,0.19764145,-0.07883468,0.33237416
39632000,0.39897978,-0.1505082,0.45752528
39636000,0.20765272,-0.5126655,0.01712358
39644000,-0.37546903,-1.3264875,-0.43017054
39648000,-0.5058509,-0.56232226,-0.497423
39652000,0.12697995,0.07840132,-0.35013172
39656000,0.7961768,0.41925627,-0.18049102
39660000,0.6891828,0.50379205,-0.13167834
39664000,0.018252552,0.44684595,0.56492084
39668000,-0.28820822,0.5318115,1.1576072
39676000,0.44421023,0.14189315,0.38226357
39680000,0.4296987,0.09520133,0.03250678
39688000,-0.57189673,0.048001498,-0.40206033
39692000,-0.3580706,-0.4884766,-0.41947943
39696000,-0.20876357,-0.49199337,-0.1773367
39700000,0.08767609,-0.023165643,-0.032659
39704000,0.59348226,-0.10008443,-0.09749549
39708000,0.708372,-0.26428133,0.12579268
39712000,0.007542148,0.061143473,0.47979137
39716000,-0.74129015,0.6259112,0.5958766
39720000,-0.48069382,0.89359033,0.4409997
39724000,-0.012833446,0.26357746,0.08139989
39728000,-0.22952248,-0.5107457,-0.4472875
39732000,-0.540021,-0.7008232,-0.46387196
39736000,-0.25400984,-0.6056265,0.36276716
39740000,0.19387662,-0.32224438,0.697028
39744000,0.30051684,0.025813833,-0.17418775
39748000,0.17090479,0.3166108,-0.9738023
39752000,-0.1274311,0.48913002,-0.7285615
39760000,0.17148997,-0.44296893,0.33486348
39764000,0.3303124,-0.56941324,0.32738456
39772000,-0.38472557,0.15515232,0.40554845
39776000,-0.4769776,-0.0871955,0.11972352
39784000,0.27450606,0.5110086,0.10266957
39788000,0.046452977,0.6176883,0.01900354
39792000,-0.031511955,0.2652628,-0.024767838
39796000,0.003660876,-0.07366584,0.09671916
39800000,0.012077995,-0.27805707,0.3331842
39808000,-0.18968654,-0.13150421,-0.27962473
39816000,0.11053695,-0.029327556,-1.0621266
39820000,0.1237691,-0.063057765,-0.11612445
39824000,-0.13620435,-0.22973904,0.13123675
39828000,-0.29977554,-0.31412685,0.16485082
39832000,-0.28498054,-0.13843693,0.51125544
39840000,-0.1400584,0.10663446,0.9093236
39844000,-0.22435477,-0.14576924,0.6983503
39852000,0.19178614,0.047288626,-0.030423218
39856000,0.5378082,0.32988656,0.012117425
39860000,0.23901762,0.38613445,-0.011932556
39864000,-0.22346404,0.15142423,-0.102148354
39868000,-0.08904957,-0.17615213,-0.2637422
39872000,0.010248452,-0.6569292,-0.18209924
39876000,-0.26623827,-0.3817132,-0.10070588
39880000,-0.12857692,0.08565049,-0.05800569
39884000,0.31914198,-0.34339958,0.09439722
39888000,0.118033335,-0.30435342,0.02506429
39892000,-0.31706727,0.39941078,-0.18233234
39896000,-0.33762518,0.3935541,-0.16585353
39900000,-0.36043262,-0.104788885,0.07770047
39904000,-0.5506333,-0.109163985,0.26226443
39908000,-0.32232356,0.30277553,0.09247981
39912000,0.3127023,0.40096724,-0.23800543
39920000,0.73807955,-0.5214021,-0.06749498
39924000,0.1747022,-0.19282778,0.03469953
39928000,-0.3914046,0.51835144,-0.052117668
39932000,-0.21448532,0.8935377,-0.24655154
39936000,0.4584056,0.4821819,-0.20430806
39944000,-0.37636092,-0.42203993,-0.061733644
39948000,-0.7086018,-0.2832694,0.15867832
39952000,-0.5901727,-0.06813291,0.2589158
39960000,-0.434054,-0.36003554,-0.13060813
39964000,0.3456485,-0.17037767,-0.062218595
39972000,0.36211213,0.4149297,0.61434716
39976000,-0.511409,0.2922932,0.48212796
39980000,-0.697554,0.007355571,0.2483548
39984000,-0.1699034,-0.049537957,0.3146403
39988000,0.40565506,-0.26797965,0.13180268
39992000,0.77306116,-0.2747349,-0.14854445
39996000,0.41697347,-0.14684647,-0.000372529
40004000,-0.544247,0.26356572,-0.063437544
40008000,-0.40861702,0.48292705,-0.04713801
40012000,-0.30352977,0.21714503,-0.12701117
40016000,0.10249683,-0.14623041,-0.45115274
40020000,0.32349792,-0.07067324,-0.562255
40024000,0.16842398,-0.118254334,-0.25634006
40028000,-0.085006356,-0.028291479,0.4289426
40032000,-0.21890236,0.34881407,1.0711162
40036000,-0.31201684,0.23844609,0.8116719
40044000,0.014384791,-0.42228055,-0.35603055
40052000,0.20227051,-0.1706921,-0.2390967
40056000,0.28073382,-0.24765396,0.35832012
40060000,0.3679775,0.06519729,0.4257065
40064000,0.3085689,0.6134942,0.13807149
40072000,-0.40895367,-0.112799816,-0.33300972
40076000,-0.08164087,-0.48558077,-0.19508512
40084000,0.55009735,0.1898347,0.27005306
40092000,-0.25740182,0.27066365,-0.30199492
40096000,-0.7806423,-0.34822756,-0.5554337
40100000,-0.63976395,-0.58338165,-0.37672275
40104000,-0.56589985,-0.1056242,-0.11600867
40108000,-0.39128268,0.57104677,0.3901282
40112000,0.055341706,0.5920069,0.6188761
40116000,0.14218178,0.26096013,0.16435665
40120000,-0.006365705,0.27809876,-0.19387777
40124000,-0.073757626,0.335861,-0.45230126
40132000,0.3690809,-0.25089422,0.072650224
40136000,0.06660974,-0.5630277,0.85286283
40140000,-0.210115,-0.56959695,1.2948859
40144000,-0.4030605,-0.24655426,1.0077586
40152000,-0.24149466,0.29638126,-0.8986032
40156000,0.19510132,0.00454627,-0.43512154
40160000,0.18539281,-0.39955816,0.2563773
40164000,0.043812912,-0.6741628,0.3355378
40168000,0.11635866,-0.5592984,0.000930578
40176000,0.36315867,1.0987966,-0.112006366
40180000,-0.058287494,0.8462783,-0.23578835
40188000,-1.0577681,-0.33950344,0.2775009
40192000,-0.3340137,-0.5830334,0.3320161
40200000,0.8411671,0.019288912,-0.72506213
40208000,0.41439056,1.0461633,0.4141176
40216000,-0.94562,-0.47089112,0.45234406
40220000,-0.7896518,-0.7623597,0.1466404
40228000,-0.25182283,0.23378491,-0.08969721
40236000,0.9232036,-0.028616972,-0.17767671
40240000,0.34741467,-0.23790377,0.2943303
40244000,-0.29129195,-0.18704247,0.00828138
40248000,-0.17349166,0.001427304,-0.43313313
40252000,-0.08783864,0.11494723,-0.25731006
40260000,-0.04902977,-0.25219783,0.12756544
40264000,0.26383302,-0.47064045,0.32552046
40268000,0.4572761,-0.20633699,0.46924984
40272000,0.04683961,0.27686602,0.46831784
40276000,-0.37689707,0.39502716,0.34438437
40280000,-0.3266974,0.14355521,0.03682378
40284000,-0.2353164,0.020508155,-0.1594197
40288000,-0.09995562,0.036657974,-0.1410726
40296000,0.12089005,-0.051076084,-0.22069423
40300000,-0.1680356,-0.24695,-0.01571118
40304000,-0.029304523,-0.2666491,0.06302938
40308000,0.51651776,-0.13766316,-0.2623312
40316000,-0.10324697,-0.22967885,0.22176857
40320000,-0.662307,-0.11768576,0.5703248
40328000,-0.40489596,0.053056315,0.012304053
40332000,-0.17392296,-0.3144599,-0.36769366
40336000,-0.16446786,0.10708605,-0.44382122
40344000,0.27350116,0.024262704,-0.02391338
40348000,0.39873755,-0.18401371,-0.40534863
40352000,0.01895547,-0.021094844,-0.21427606
40356000,-0.22460881,0.20409706,0.15280336
40360000,0.21604268,0.17028406,0.010918662
40364000,0.46718675,-0.000571668,-0.004139245
40368000,0.04761724,0.06762672,0.21482134
40372000,-0.38334996,0.16999353,0.09345946
40376000,-0.24788073,-0.033055022,-0.16043258
40384000,-0.1499021,-0.22798382,-0.52613497
40388000,-0.302643,0.04040046,0.20453654
40392000,-0.22923124,0.036551043,0.5228961
40400000,-0.4976265,-0.3445629,0.38877705
40404000,-0.30286467,-0.019035377,0.025525972
40408000,0.21759713,0.19727711,-0.29365838
40412000,0.45120203,0.26670724,0.026450664
40416000,0.37525102,0.1672143,0.3858162
40424000,-0.28489572,0.25223157,0.038084924
40428000,0.15420333,0.030116886,-0.011703908
40432000,0.53374934,-0.639234,0.17060643
40436000,0.1604922,-0.745056,0.042990506
40440000,-0.215434,0.17443663,-0.11896528
40448000,-0.5547363,0.24226105,0.025387622
40456000,0.4494397,-0.6529099,-0.30883965
40464000,0.51160526,0.16314432,0.14915681
40472000,-0.82451767,0.06179733,-0.08268158
40476000,-0.51317,-0.13832146,0.49139655
40480000,-0.2524554,-0.19513372,0.76810503
40484000,-0.0470144,-0.037058998,0.54124683
40488000,-0.18897364,0.17228866,0.044347674
40492000,-0.53132,0.1586531,-0.34663194
40496000,-0.17175362,0.18385002,-0.34634638
40500000,0.42169324,0.321911,-0.17888382
40504000,0.1352489,0.18700078,0.13310416
40508000,-0.14009593,-0.13900347,0.24919872
40512000,0.52028,-0.10231401,0.13364998
40516000,0.9196202,-0.077042215,0.13762349
40524000,-0.525578,0.040074036,-0.255154
40528000,-1.1881123,-0.014336191,-0.044953257
40536000,-0.21660443,0.14249173,-0.18246119
40540000,0.20233436,0.17213199,0.002228456
40544000,0.25588632,-0.14720394,0.23452514
40548000,-0.013496302,-0.51808447,0.13448122
40552000,-0.1983368,-0.20505355,-0.27403295
40556000,-0.31019723,0.36866373,-0.44091758
40560000,-0.30386844,0.1158104,-0.31024283
40568000,0.31919524,-0.07320236,0.35124323
40572000,0.4201554,-0.09489949,0.4368291
40576000,0.2317014,0.05671552,0.2839917
40580000,0.0201002,0.39585692,-0.12965518
40584000,0.2262145,0.40854007,-0.32535356
40588000,0.67262644,0.2863294,-0.22862172
40592000,0.5483118,0.14732145,-0.46894538
40596000,0.045418054,-0.30108717,-0.7457227
40600000,-0.19659814,-0.5947782,-0.2614212
40608000,-0.6757755,-0.49380958,0.31214985
40616000,-0.32199144,0.61810094,0.3104206
40624000,0.27034506,0.42436022,0.41526234
40632000,0.24754484,-0.45817953,-0.010256708
40636000,-0.6447598,-0.34104759,-0.22664689
40644000,-0.3637254,0.07730855,-0.05512303
40648000,0.340299,0.18768941,-0.3898217
40652000,0.5973895,0.20876777,0.072519794
40656000,0.30273634,0.11123642,0.8385643
40660000,-0.20831116,-0.23683956,0.6663654
40668000,-0.325216,-0.12070162,0.08686039
40672000,-0.004623126,-0.16984417,-0.14140515
40680000,-0.000170425,0.006075792,-0.34934813
40684000,-0.13467371,0.25964728,-0.38104445
40688000,0.09595223,0.5000286,-0.30272013
40692000,0.5782866,0.5171693,0.2172871
40700000,0.06833428,-0.53895307,0.71918726
40704000,-0.80636424,-0.4034198,0.19200377
40708000,-0.6430565,-0.2248356,-0.17070688
40712000,0.08301397,-0.14910543,-0.09806149
40716000,0.17503078,0.2779733,-0.408822
40720000,-0.47954702,0.5501855,-0.6950785
40728000,-0.31141365,0.47505873,0.5796573
40732000,0.2100564,0.35201985,0.5646668
40740000,0.40695417,-0.87414336,0.03952641
40744000,0.366849,-0.8825836,-0.6698467
40748000,0.09634921,-0.09356487,-0.8970885
40752000,-0.3713149,0.043056667,-0.08411476
40756000,-0.505896,0.10455196,0.5467948
40764000,-0.076835744,0.19820642,-0.21375093
40768000,-0.09123232,-0.2653619,-0.22336058
40772000,0.110710315,-0.2868701,0.009678908
40776000,0.11716218,-0.32376283,0.36033303
40780000,-0.34914201,0.006962627,0.50849426
40784000,-0.702746,0.32315075,0.51929784
40792000,-0.04577319,-0.25745255,-0.08528122
40796000,0.18100038,0.0638262,-0.6917252
40800000,0.17034662,0.5411759,-0.5770543
40808000,0.4319262,0.2389865,0.21550056
40812000,0.4772334,-0.3657786,-0.019818269
40816000,0.031647936,-0.50777817,-0.1995533
40820000,-0.20908636,-0.40227002,-0.060133286
40824000,-0.15644833,-0.3341618,0.45780104
40828000,-0.17931372,0.18206872,0.52828187
40836000,-0.05613596,0.12655312,-0.31067714
40840000,0.2270992,0.055488616,-0.2751722
40844000,0.3735132,0.21960142,-0.31493056
40848000,0.025159106,0.35697332,-0.2427219
40852000,-0.4616903,0.3577195,-0.002474919
40856000,-0.3903348,0.33746094,-0.20684808
40860000,-0.26739115,0.2272459,-0.75466114
40864000,-0.27566615,-0.20304674,-0.33892974
40868000,0.12755963,-0.30996913,0.6292066
40876000,0.7462084,-0.29134947,0.4737926
40884000,0.006543782,0.60309446,-0.011520326
40888000,-0.326404,0.67099637,-0.2540311
40892000,-0.34717166,-0.049703583,-0.08661207
40896000,-0.60950476,-0.6559753,0.424538
40900000,-0.6825089,-0.27830738,0.52015257
40904000,-0.08088684,0.27573586,0.23599039
40908000,0.45326144,-0.22079,-0.09718782
40912000,0.42914414,-0.67205083,-0.2565502
40916000,-0.13521959,-0.017145902,-0.14913352
40920000,-0.4824284,0.60068697,-0.22783509
40928000,0.18968639,0.37702966,-0.041188717
40936000,0.041117035,-0.29028144,-0.26198146
40944000,-0.2629335,-1.1370279,0.5354394
40948000,-0.050457,-0.8213604,0.19224861
40952000,0.11746791,-0.1273792,-0.15383509
40956000,0.3162292,0.33219153,-0.2038413
40960000,0.474405,0.68636423,-0.16145185
40964000,0.23235366,1.0118507,0.10420955
40968000,0.15459366,0.84423363,0.43686268
40972000,0.14274693,0.259484,0.31107885
40976000,-0.39638835,-0.1720874,-0.12299707
40980000,-0.89949536,-0.67173314,-0.42100376
40984000,-0.67624235,-0.9325191,-0.3296792
40988000,-0.13640165,-0.7259424,0.07282667
40992000,0.33297098,-0.30217135,0.42215243
40996000,0.40204573,-0.012253355,0.43170878
41004000,-0.48220718,0.34754744,-0.5192051
41008000,-0.3936468,0.21383268,-0.35299534
41012000,-0.28613546,0.22978921,0.0378099
41016000,-0.06887084,0.46325055,0.35125127
41024000,0.0624858,-0.17316411,0.3825737
41028000,0.52517164,-0.42828882,0.29413477
41032000,0.6702478,-0.34845784,-0.005399294
41036000,0.17144212,-0.08222309,0.032120474
41044000,-0.27371967,-0.051693123,-0.47488064
41048000,-0.35226426,-0.09137327,-1.1317496
41052000,-0.2174531,0.12423426,-0.71666026
41060000,-0.56936216,-0.5960184,0.6560606
41064000,-0.043412596,-0.60167325,0.4858318
41068000,0.2751659,-0.11857189,-0.08312009
41072000,0.16760941,0.20656073,-0.49429473
41076000,0.1367176,0.044081602,-0.1096355
41080000,0.08157649,0.034413718,0.3729729
41084000,0.13236624,0.30409598,0.41147414
41092000,0.2762983,0.26379025,-0.08021216
41096000,-0.13593274,0.30499768,-0.43640906
41100000,-0.32506338,0.15230657,-0.3984259
41108000,0.49055237,0.062741876,0.33403927
41116000,-0.42044953,-0.06990579,0.61728555
41120000,-0.8251343,-0.1544051,0.23803793
41124000,-0.7019625,-0.35918814,-0.5526816
41128000,-0.35721886,-0.39727944,-0.7078605
41132000,0.09470113,-0.002932794,-0.2515227
41136000,0.584144,0.4263522,-0.27958775
41144000,0.2968589,0.16192079,-0.11960064
41148000,-0.28147122,-0.099250235,0.25507492
41156000,-0.24630046,0.09260729,0.39015937
41164000,0.28409624,-0.33563283,0.5033492
41168000,-0.16931729,-0.058800876,-0.030613005
41172000,-0.5313579,0.22831379,-0.43155217
41176000,-0.3553578,0.011951275,-0.41726634
41180000,0.11107738,-0.11467768,-0.435226
41184000,0.23403212,-0.051691204,-0.1432277
41188000,-0.10682616,-0.09726835,0.07423757
41192000,-0.13438335,0.096905105,0.15536681
41196000,0.41310978,0.12679632,0.63023496
41200000,0.50271463,-0.11637821,1.0570092
41204000,-0.23104402,-0.08217807,0.5998699
41208000,-0.7063563,0.22427708,-0.24065122
41212000,-0.43185386,0.54972446,-0.7134269
41216000,0.051995307,0.2695166,-0.5757572
41220000,0.00369741,-0.30306703,-0.13427462
41224000,-0.26426405,-0.2143517,0.04041426
41228000,-0.08218132,0.024722353,-0.032065894
41232000,0.22338304,-0.18232045,-0.07556356
41236000,0.47097784,-0.25292394,0.18792088
41240000,0.6957633,0.010315966,0.19165787
41244000,0.33401787,0.4432768,-0.17925778
41248000,-0.13551238,0.6109844,-0.21624866
41256000,0.1919634,-0.7060388,-0.3991753
41260000,-0.29989395,-0.27115154,0.20006502
41264000,-0.6147645,0.32571912,0.36023456
41272000,0.1999943,-0.26368585,0.40829417
41276000,-0.17393616,-0.31634378,0.6051015
41280000,-0.14886005,-0.16228834,-0.064405516
41288000,0.17951226,-0.2064742,-1.0566876
41292000,-0.05432715,-0.13397339,-0.18866532
41296000,-0.10170062,0.19154596,0.7476769
41300000,-0.012055509,0.3512698,0.93854535
41304000,-0.40211514,0.18645525,0.31910002
41308000,-1.0548457,0.18781766,-0.5721268
41312000,-0.81785977,0.46125364,-0.8943506
41316000,0.05736661,0.41404378,-0.52085674
41324000,0.37359864,-0.61569864,0.19876312
41332000,0.5828955,-0.43538347,0.269191
41336000,0.67583764,0.051850796,-0.13799077
41344000,0.4268183,0.5340008,0.061929654
41348000,-0.052882053,0.19212253,0.46804398
41352000,-0.39505658,-0.12622683,0.66495216
41356000,-0.5470327,0.13253179,0.34592918
41364000,-0.98658144,0.30157694,-0.105337635
41368000,-0.11080861,0.20935911,-0.08082238
41372000,0.24599536,-0.29640827,-0.032723438
41376000,0.09523825,-0.7282922,0.27747598
41380000,0.29908493,-0.6711714,0.42772278
41388000,-0.011747841,0.2149517,-0.10472809
41392000,-0.30109107,0.4837465,0.06594138
41400000,0.13115077,-0.11712607,0.022460464
41404000,0.65507793,-0.3950057,0.029523388
41408000,0.8762999,-0.5410482,-0.5674489
41412000,0.48838148,-0.45661288,-0.6528764
41420000,-0.4076882,0.24661691,0.2765559
41424000,-0.38249248,0.22531022,-0.13809359
41428000,-0.5060017,0.618184,-0.30073833
41432000,-0.42281875,0.5535635,0.17029187
41436000,-0.12322293,0.10250357,0.6415529
41444000,-0.25685388,0.35287687,0.2988922
41448000,-0.2950526,0.2108908,-0.304418
41452000,-0.4574895,0.30443022,-0.8500552
41456000,-0.069255084,0.17967409,-0.77953994
41464000,0.70869327,-0.17197783,0.44144985
41468000,0.43713325,-0.08062039,0.10144444
41472000,-0.18724185,-0.07599929,-0.036040496
41476000,-0.73565465,-0.09302382,0.08723722
41480000,-0.543916,-0.20712873,-0.15295666
41484000,-0.15859696,-0.11187242,-0.26801366
41492000,0.37910187,-0.17839083,0.32279125
41500000,0.69884026,0.16655825,0.03994146
41504000,0.3915289,0.23078674,0.13945706
41508000,-0.4615345,0.18748145,0.20928743
41512000,-0.79734725,-0.23176785,0.20719117
41516000,-0.30103996,-0.38232106,-0.04714093
41524000,0.114199,-0.1298702,-0.45939326
41528000,-0.04198712,0.5394162,-0.53590643
41532000,-0.023282543,0.9724463,-0.45596486
41536000,0.10937298,0.53741074,0.000278488
41544000,0.15775289,-1.0196097,0.5996454
41548000,-0.2151098,-1.1350218,0.27281314
41552000,-0.31792462,-0.6886562,-0.14539492
41556000,-0.04478872,0.12507293,0.02704136
41564000,-0.057307303,0.7820188,-0.19967693
41572000,0.11942167,0.611344,-0.22946991
41580000,0.34435505,-0.30212778,0.42460942
41584000,0.28730065,-0.42551935,0.70830405
41588000,-0.052607134,-0.33614638,0.573787
41592000,-0.5938096,-0.2600363,0.33011872
41596000,-0.6702688,-0.23567939,-0.03708045
41600000,-0.15147454,-0.043777872,-0.4598182
41604000,0.18972003,0.36933562,-0.47061098
41608000,0.24382564,0.39694622,-0.22923465
41616000,-0.135091,-0.18259537,-0.2253181
41620000,-0.27053034,-0.41091767,-0.024959337
41624000,-0.010141052,-0.087047786,0.38913614
41628000,0.38380855,0.21267581,0.5079547
41632000,0.60252774,0.26970273,0.072271
41636000,0.13767517,-0.053967148,-0.29936278
41640000,-0.51178557,-0.5162732,-0.41591325
41644000,-0.23995061,-0.38174158,-0.57718456
41652000,0.7551305,0.032017186,0.08874157
41656000,-0.05912438,-0.076691,0.6302915
41660000,-0.551709,-0.2999411,0.6917429
41664000,-0.65836525,-0.31836703,0.34576613
41668000,-0.7612545,-0.08864015,-0.26186264
41672000,-0.7315903,0.018075187,-0.64506215
41676000,-0.3708337,0.23724356,-0.71621394
41684000,0.18023932,0.25669742,0.06335765
41688000,0.4724652,0.0589268,0.7335212
41692000,0.44825095,0.06429497,0.8682742
41696000,0.25306377,-0.25364596,0.30775797
41704000,0.31272689,-0.028912917,-0.5176197
41708000,-0.008694932,0.16228938,-0.37131172
41712000,-0.29158795,0.16421168,-0.09029276
41716000,-0.24769588,-0.07566598,0.050431684
41720000,0.072016895,-0.41466618,0.011893231
41724000,0.28889677,-0.39983624,0.16742407
41728000,0.10820081,-0.1228308,0.27330068
41732000,-0.1428964,-0.1537337,0.03047812
41740000,-0.105740726,0.046222113,0.20622888
41744000,-0.20007342,0.52874863,-0.4262666
41748000,-0.19900993,0.7743043,-0.82409286
41752000,-0.50111866,0.5579222,-0.20034485
41756000,-0.6675517,0.21484429,0.2991011
41760000,-0.37230712,-0.1842577,0.51319814
41764000,-0.15953478,-0.7156958,0.7301965
41768000,0.11462036,-0.7902484,0.046634823
41772000,0.18764463,-0.38276416,-0.5769271
41780000,-0.3310165,0.2953742,0.44090888
41788000,0.35514694,0.3574466,0.14743203
41792000,0.50923437,0.1658878,-0.2749487
41796000,0.4345768,-0.13787323,-0.39609164
41800000,0.2525049,-0.27268082,-0.14764532
41804000,-0.3292335,-0.07778861,-0.054848097
41808000,-0.84968317,0.19653341,-0.07797093
41816000,0.034150243,0.19106491,0.2704785
41820000,0.43705523,0.13550836,0.27425212
41824000,0.25302285,0.45725742,0.094600886
41828000,0.06423041,0.2931944,-0.35041228
41832000,0.3291389,-0.37868667,-0.40680173
41836000,0.6303151,-0.29729924,0.15079677
41840000,0.47692978,0.19253752,0.20093063
41844000,-0.14398813,-0.012694821,-0.25659323
41848000,-0.6868871,-0.7140937,-0.1917565
41852000,-0.5885481,-0.7642778,0.25950596
41856000,-0.2203472,-0.049878955,0.38516736
41860000,0.32097164,0.29240972,0.13962775
41868000,0.5811229,0.06176003,-0.07012919
41872000,0.18533045,-0.04388538,0.17025766
41876000,0.035099313,-0.16811043,0.24914357
41884000,-0.25674134,0.20157628,-0.7571668
41888000,-0.39188436,-0.08945906,-0.56557333
41892000,-0.2037375,0.030126616,0.13914667
41896000,0.03799845,0.22705032,0.5329833
41900000,-0.22945382,0.10992992,0.3214298
41908000,0.20891368,-0.12432204,0.2076869
41912000,0.628674,0.14327729,0.31417504
41916000,0.34377232,0.03197962,0.1094318
41920000,-0.14504723,-0.1178315,-0.18989928
41924000,-0.3273741,0.23466071,-0.47537586
41928000,0.014902085,0.5821211,-0.55048937
41932000,0.25177857,0.30049956,-0.16772242
41940000,-0.31634295,-0.18049935,0.09092316
41944000,-0.11432659,0.0428411,-0.027388193
41948000,-0.0761712,0.36794293,0.024864897
41952000,-0.19826369,0.23313907,0.18605098
41956000,-0.110917106,-0.26801425,0.2409331
41960000,-0.002589118,-0.6476043,0.32113713
41964000,0.14765191,-0.46665815,0.21438749
41972000,0.31815237,0.013821878,-0.14961097
41980000,-0.13799934,0.14050892,-0.5045817
41984000,-0.6184934,-0.28666094,-0.09631365
41988000,-0.7678475,-0.19183111,0.05045812
41996000,0.007516332,0.19599962,0.13308784
42000000,-0.001449056,0.1229943,0.14452833
42004000,-0.3388009,0.2179205,0.3064072
42012000,0.021946326,-0.36636764,0.18472442
42016000,0.2224794,-0.3354256,-0.1668497
42020000,0.27614072,-0.112114295,-0.2988578
42024000,0.48022866,-0.4604745,0.079537615
42028000,0.55843127,-0.41143185,0.17399117
42032000,0.090027496,0.14905402,-0.2511796
42036000,-0.049812518,0.55104285,-0.64484465
42040000,0.6211282,0.30943346,-0.4754914
42044000,0.99049014,-0.070237055,0.04139301
42052000,-0.24918467,0.68150413,0.025411565
42056000,-1.2961426,0.7311496,0.14651597
42060000,-1.4691269,0.28733355,0.39183572
42064000,-0.95580554,-0.29105192,0.37038335
42072000,0.067914054,-0.61598665,0.327191
42076000,0.28512526,-0.19125846,0.20114285
42080000,0.41217476,0.19405434,0.06584856
42084000,-0.05911076,0.21511541,-0.37986267
42088000,-0.46582544,0.16415441,-0.95237964
42096000,0.32797953,-0.08931327,0.09288788
42100000,0.53346264,0.22728992,0.7594739
42104000,0.7634916,0.1768617,0.83512545
42108000,0.22924311,0.04400196,0.42927176
42112000,-0.31242484,0.019704394,-0.34542656
42116000,-0.29029465,-0.1465624,-0.71653265
42120000,-0.18314528,0.011101939,-0.7137403
42124000,0.06926965,0.24483605,-0.3649215
42128000,0.47870263,-0.10769197,0.19486748
42132000,0.5846898,-0.43063897,0.141384
42136000,0.019670188,-0.36154038,0.07481002
42144000,-0.23726472,-0.15093872,0.6197242
42148000,-0.022087406,0.14514887,0.806907
42152000,0.14388892,0.5566547,0.31811982
42156000,0.34953427,0.7729395,-0.2595436
42160000,0.36771822,0.39729458,-0.18571325
42164000,0.03779223,-0.2983236,-0.26942253
42172000,0.10136304,-0.53253734,-0.2314342
42176000,0.05649208,-0.43043056,-0.25952223
42180000,-0.45672655,0.20176332,-0.2018494
42184000,-0.49853903,0.76465416,0.24168134
42188000,-0.24282092,0.3181575,0.22119695
42192000,-0.12572657,-0.3347689,-0.16943838
42196000,0.1141258,-0.3283459,-0.15855283
42200000,0.104408324,-0.2478045,-0.21846735
42208000,-0.35394707,-0.3757736,-0.16999522
42212000,0.39441907,0.03659968,0.14803506
42216000,0.6262057,0.46816742,0.053951934
42220000,0.13180535,0.5884364,0.20824903
42224000,-0.20785487,0.072886035,0.49950784
42228000,-0.17521444,-0.41316113,0.4672293
42232000,0.12871698,-0.20333995,0.051655054
42236000,0.27157092,0.24404955,-0.5869435
42240000,0.017896645,0.39457917,-0.63397646
42244000,-0.046941407,0.21104576,0.102548406
42248000,-0.13070758,-0.3035225,0.6947481
42252000,-0.2488362,-0.468835,0.5288767
42256000,0.1747598,-0.011728525,0.17734674
42260000,0.27318075,0.46119797,-0.04555802
42264000,-0.23991829,0.58115125,-0.1324066
42268000,-0.18826282,0.2804848,0.0701257
42272000,0.08771394,-0.25298274,0.17512001
42276000,-0.08424089,-0.70803845,0.003840755
42280000,-0.27720273,-0.6852,-0.5152958
42284000,-0.27183458,-0.013384253,-0.8986979
42288000,-0.000370927,0.46794787,-0.58790743
42292000,0.1434341,0.3324071,0.05045086
42296000,0.07586758,0.22733027,0.2762765
42300000,0.50307137,0.10017069,-0.17822616
42308000,-0.0670006,-0.096922204,0.5459846
42316000,-0.13062222,-0.43847144,0.46080002
42320000,-0.16342846,-0.87892425,-0.13849375
42324000,0.005110579,-0.3801589,-0.48740512
42332000,-0.35700235,0.9302371,0.013613686
42336000,-0.29347968,0.49457318,-0.041324332
42340000,0.07668291,-0.35471082,0.08696916
42344000,-0.017231613,-0.68030995,0.16996428
42348000,-0.19858637,-0.4406032,-0.1989092
42352000,-0.017940994,-0.11700478,-0.3668154
42356000,0.20424622,0.51168466,-0.025718495
42360000,0.15933543,0.81146693,0.37030935
42364000,0.5331875,-0.040240556,0.374305
42372000,0.21405843,-0.41563973,0.4553697
42376000,-0.3072373,0.12397581,0.05064194
42380000,-0.24183686,-0.0637275,-0.57998854
42384000,0.07046953,-0.3338434,-0.5171177
42392000,-0.44756415,0.77969277,0.020080939
42396000,-0.45306143,0.5961683,0.10919262
42404000,-0.21241803,-0.2108593,0.23551075
42408000,0.045253545,-0.27481294,-0.055238515
42416000,0.21289267,-0.21277982,0.010571916
42420000,0.15790689,-0.12772217,-0.015962185
42424000,-0.11590771,0.3768561,-0.13892014
42428000,0.036233786,0.52687883,-0.22545329
42432000,0.54163456,0.21964704,-0.15409152
42436000,0.5008147,-0.08273831,0.12125828
42440000,0.14643934,-0.057044446,0.32141122
42444000,-0.19154024,-0.12082732,-0.01483582
42448000,-0.42635983,-0.16933298,-0.61382484
42452000,-0.3846251,0.037948363,-0.9492227
42456000,-0.3972419,0.26164776,-0.81258893
42460000,-0.29999995,0.43457174,-0.24739744
42464000,0.17159042,0.33083516,0.35119718
42468000,0.2972355,-0.06178037,0.51831967
42472000,0.14958559,-0.3221729,0.37329856
42480000,-0.060234174,0.13843702,0.55872065
42484000,-0.07449121,0.29367837,0.6039015
42488000,-0.061678827,0.18761939,0.17423189
42492000,-0.10311244,0.11185923,-0.003125861
42496000,-0.058388308,0.07967021,-0.053339142
42500000,-0.2287589,-0.004610736,-0.30320612
42504000,-0.20414329,-0.28220916,-0.34299394
42508000,0.20948349,-0.39281005,-0.14262894
42512000,0.12587719,-0.29486752,0.26987794
42516000,-0.119725354,-0.2549744,0.24704988
42520000,0.14730716,0.10515544,-0.20595554
42524000,0.27533734,0.2759006,-0.1802456
42528000,0.016186778,-0.039290816,0.014727248
42532000,-0.15126538,0.004305057,-0.05277777
42540000,0.27783507,-2.98E-08,0.4060038
42544000,-0.17842187,0.053279787,0.32707435
42548000,-0.001299456,0.11480048,-0.036044262
42552000,0.36229157,0.055929087,-0.20155908
42556000,0.023224026,0.12430944,-0.36164328
42560000,-0.2371662,-0.06539226,-0.35019034
42568000,-0.2059181,-0.45989066,0.12790225
42576000,-0.49796847,0.030350193,0.4510609
42580000,-0.060063593,0.5610412,0.26253036
42584000,0.22201343,0.38937858,-0.038799323
42588000,0.46393386,-0.17024921,-0.60535604
42592000,0.2649083,-0.29894477,-0.7436557
42596000,0.05247446,-0.3003845,0.006813526
42600000,0.13870849,-0.34341675,0.72846043
42604000,0.4613789,0.009958848,0.52426744
42608000,0.5832843,0.2802925,-0.085842654
42612000,0.004212558,0.029729143,-0.35163227
42616000,-0.5208533,-0.013924621,-0.46615127
42624000,-0.5542406,-0.42388046,-0.28382546
42628000,-0.36079103,-0.2951077,-0.052962348
42632000,0.12392971,0.18422171,0.31297544
42640000,0.5847057,-0.56828845,-0.5760983
42648000,0.13007891,0.24596128,-0.13056251
42656000,0.05204338,0.22802007,0.6025277
42660000,-0.46603805,0.13604674,0.66596663
42664000,-0.50926316,0.35268328,0.46161678
42668000,-0.43060485,0.58061385,0.02344621
42672000,-0.3917746,0.28655592,-0.46381977
42676000,-0.07059795,-0.28728002,-0.509212
42680000,-0.06972758,-0.48761553,-0.16015777
42684000,-0.24698468,-0.32925266,-0.07014044
42688000,0.16302976,0.17646705,-0.13895196
42692000,0.67308336,0.4549439,0.15018585
42696000,0.4993915,-0.000881463,0.18682668
42700000,0.07234106,-0.6256501,-0.18327515
42704000,0.065335415,-0.79859453,-0.087356105
42708000,0.081424385,-0.518154,0.06172438
42712000,-0.051201925,0.056098156,-0.124511436
42716000,-0.08840528,0.6328616,0.062174454
42720000,-0.22407451,0.60492814,0.30633408
42724000,-0.098969586,0.281021,0.26462835
42728000,0.47197986,0.28897327,0.1974847
42732000,0.3635739,0.3331829,0.12003331
42740000,-0.26839584,-0.27825245,-0.121959865
42744000,-0.16674241,-0.002763405,-0.100055896
42748000,-0.16949043,0.391075,0.1923334
42752000,-0.20893705,0.29166758,0.06184064
42760000,0.4016498,-0.09868945,-0.037883572
42768000,0.28545904,-0.032572493,0.624066
42772000,-0.47970793,-0.06068836,0.42307162
42780000,-0.2750243,-0.20620601,-0.51792806
42784000,0.11754206,-0.26868585,-0.3246004
42788000,0.5402517,-0.06702289,-0.15884121
42796000,-0.17710479,0.5070625,-0.27559802
42800000,-0.1626981,0.1929405,-0.77047235
42804000,0.14815545,-0.23338154,-0.669146
42808000,0.1044788,-0.3807708,0.09995708
42812000,-0.32867065,-0.51878154,0.271221
42816000,-0.6709074,-0.42638263,0.102341205
42824000,-0.14587712,0.46934214,0.5574993
42832000,0.27698624,0.1690715,0.43252218
42836000,0.43549308,0.30269304,-0.2736658
42840000,0.273246,0.55956334,-0.44723183
42844000,0.10145401,0.20926607,-0.34360033
42852000,0.16805865,-0.7429896,-0.038491506
42856000,-0.348278,-0.5491258,0.16288063
42860000,-0.70806396,-0.22435632,0.5708823
42864000,-0.33418792,0.18662043,0.90814793
42868000,0.15288764,0.775816,0.47521764
42876000,0.28796026,0.31168678,-0.48671463
42880000,0.43095675,-0.08345604,-0.22080658
42884000,0.29181662,-0.14201224,-0.3994687
42888000,0.09090429,-0.12350127,-0.4411329
42892000,0.011688,-0.1956814,-0.3643091
42896000,0.31033385,-0.059920475,-0.26494265
42904000,-0.23746774,0.08208363,0.82744735
42912000,-0.45697105,-0.18050277,0.6018348
42916000,0.035329416,-0.37527356,-0.004628994
42920000,0.53380615,-0.39076442,-0.65251744
42924000,0.279349,-0.007483229,-0.32934636
42928000,-0.36868244,0.1327579,0.088709995
42932000,-0.6880644,-0.12791735,-0.5901209
42940000,-0.10512944,-0.26769558,-0.6275826
42944000,-0.20890497,-0.03250149,-0.19958656
42948000,-0.21303055,0.41829664,0.30384424
42956000,0.1387141,-0.22044067,0.87061465
42960000,0.39875835,-0.327612,0.44933861
42968000,0.44743943,0.36790243,-0.29559717
42972000,-0.00828661,0.20003021,-0.21609402
42976000,-0.12572083,0.15103926,-0.13185894
42980000,-0.088421986,0.13485827,-0.012769364
42984000,0.048528664,-0.2642316,0.13938972
42988000,0.24815974,-0.5249419,-0.21827541
42996000,-0.083823085,0.54284275,-0.24276455
43004000,-0.32097074,0.061957452,0.33993757
43008000,-0.51278275,-0.10478343,0.40016347
43012000,-0.29748347,-0.40722057,0.09465185
43016000,0.25288403,-0.48521575,-0.2867433
43020000,0.27003664,-0.22173652,-0.3209911
43024000,0.008008532,0.04123424,0.42627698
43028000,-0.48096573,0.27526036,0.9083852
43032000,-0.66293234,0.566063,0.45047235
43036000,-0.15501095,0.5208507,-0.28835464
43044000,0.4863828,-0.2464972,-0.68306744
43048000,0.33566624,-0.2478039,0.001937747
43052000,0.055661205,0.066023394,0.5194546
43056000,0.08206317,0.32612652,0.2504655
43064000,-0.17307049,-0.35765165,-0.3386401
43068000,-0.19478554,-0.200571,-0.15778586
43072000,0.034999117,-0.033220273,0.06837503
43076000,0.10918325,0.37780488,0.31602392
43080000,0.11718953,0.4073767,0.5632591
43084000,0.23453963,-0.18172808,0.5260855
43088000,0.45583612,-0.5497788,0.10621703
43092000,0.32895845,-0.63356656,-0.37192765
43096000,0.021483742,-0.45729035,-0.6783819
43100000,-0.09704009,0.16798982,-0.45083064
43108000,-0.15765665,0.22152512,0.08619347
43112000,0.09224726,-0.3915586,-0.09647658
43116000,0.10515183,0.029115528,-0.50188625
43120000,0.01108586,0.48783323,-0.6889624
43128000,-0.016736876,-0.3625322,0.5995917
43132000,0.15316156,-0.16217306,0.9453629
43140000,-0.22176,0.080027625,0.2152979
43144000,-0.022991166,-0.085168034,0.2783538
43148000,0.3423319,-0.23175828,-0.03735295
43152000,0.14762333,-0.043382466,-0.2704816
43160000,-0.056272913,0.5062056,-0.37183034
43164000,0.15315196,0.124703646,-0.38981503
43172000,0.038259856,-0.33699054,0.3427297
43176000,-0.17183775,-0.2494974,0.5505187
43184000,0.065197885,-0.32531643,0.032960817
43192000,0.20890957,-0.37826717,-0.43127853
43196000,0.10192216,-0.15882239,-0.36958
43200000,-0.26255822,0.062754564,-0.16324079
43204000,-0.65363,0.28383672,0.079603426
43208000,-0.6509183,0.66477984,0.104158476
43212000,-0.13529342,0.92167604,0.24143791
43216000,0.6329155,0.7791009,0.34068483
43220000,1.2658888,0.40259624,0.07072263
43224000,1.0077051,-0.05094321,0.16440883
43228000,0.35006216,-0.28443167,0.37026125
43232000,-0.06589003,-0.41568768,0.05234152
43240000,-0.27258584,-0.63170564,0.23718387
43244000,0.3217579,-0.319286,-0.02659966
43248000,0.7127478,-0.2023735,-0.349892
43252000,0.5224559,-0.21461415,-0.5542639
43256000,-0.025219977,0.00275432,-0.66389275
43260000,-0.17657372,0.30950522,-0.30108362
43264000,0.079600714,0.50868917,0.16031808
43272000,0.019721843,0.63947546,0.48822832
43276000,-0.37995657,0.30351475,0.50134903
43280000,-0.522788,-0.08964189,0.039475724
43288000,-0.08071575,-0.6448082,-0.32396153
43292000,0.2616185,-0.24216278,-0.6684011
43296000,0.25101754,-0.02318823,-0.3995191
43304000,0.21916771,0.39983305,0.39766204
43308000,0.61681426,0.5309085,0.9180774
43312000,0.7858025,0.17141816,0.7909472
43320000,0.12790379,-0.10535509,-0.2401465
43324000,-0.2807912,-0.31880713,-0.45578015
43328000,-0.48345405,-0.4835909,-0.48136106
43332000,-0.60648936,-0.4789872,-0.4464444
43336000,-0.2929638,-0.24027917,-0.21068743
43340000,0.31267673,0.19282682,0.25966442
43348000,0.05292218,0.6735549,0.38204402
43352000,-0.16020276,0.22330797,0.079620436
43356000,-0.053646486,-0.028283782,-0.1741504
43360000,0.010934739,-0.21482487,-0.17054766
43368000,-0.04855351,-0.15767674,-0.06267774
43372000,-0.27236575,-0.42426816,-0.3021405
43380000,0.04167193,0.010091841,-0.19696088
43384000,0.46670687,0.4893161,0.2800383
43388000,0.5983125,0.39499182,0.23411013
43392000,0.7087078,0.14619538,-0.14251158
43396000,0.09762992,0.16794434,-0.23427671
43400000,-0.6131403,0.20233458,-0.061010584
43404000,-0.5228778,0.30106458,-0.07469315
43408000,-0.43551725,0.295169,0.26395327
43412000,-0.5315407,0.065180406,0.6138794
43416000,-0.24901973,-0.26474798,0.2243898
43420000,0.038095597,-0.17990023,-0.030081423
43428000,0.55957186,0.2673653,0.54737586
43432000,0.51170325,-0.11990573,0.30279338
43436000,-0.044733226,-0.17775503,-0.30888855
43440000,-0.20201644,0.037649408,-0.6158466
43444000,0.18472463,0.36768067,-0.095105454
43448000,0.11688587,0.41186565,0.38106757
43452000,-0.49990934,0.04716207,0.36102852
43456000,-0.35885742,-0.17753218,-0.036982358
43464000,0.30298093,-0.5997496,-0.2805813
43472000,-0.2946138,0.11479433,-0.03521815
43476000,0.35543972,-0.34794623,-0.15515997
43480000,0.24091923,-0.62388635,-0.110256806
43484000,-0.15293294,-0.43550867,-0.10092319
43488000,-0.34907442,-0.09438267,-0.19278431
43492000,-0.41853258,-0.04706583,-0.18138346
43500000,0.11739978,0.55971134,0.52570856
43504000,0.3748298,0.55986553,0.35021555
43512000,0.03001649,-0.2822642,-0.30542937
43516000,-0.28060955,-0.32059103,-0.47345844
43520000,-0.30361462,-0.2721668,-0.19988288
43524000,-0.12456265,-0.20244637,0.35199463
43528000,0.27075908,-0.18194701,0.23846996
43536000,0.23472232,0.15395138,-0.007915944
43540000,0.06555341,0.41712344,0.38016787
43544000,-0.20330441,0.7903129,0.39058852
43548000,-0.4779514,0.29768246,0.097749814
43552000,-0.52532643,-0.33161917,-0.32889026
43560000,-0.07164467,-0.006879389,0.003754742
43564000,-0.08499792,-0.36978862,0.1550762
43572000,0.29420328,-0.49598834,-0.68152744
43576000,0.10326282,-0.0920772,-0.23412593
43580000,0.1856231,0.35311878,0.43439823
43584000,0.17085446,0.07365905,0.22612622
43592000,-0.14339349,0.23850638,0.04843812
43596000,0.087153256,0.8385058,-0.060454167
43600000,0.19477788,0.79052186,-0.015393123
43604000,-0.053445682,0.57026386,-0.041949652
43608000,-0.45059955,-0.019791171,0.05993535
43612000,-0.21070194,-0.85673994,0.36596334
43616000,0.31209618,-0.94501007,0.19363582
43620000,0.30618605,-0.48666576,0.002929356
43624000,-0.10007374,-0.20807636,0.16735697
43628000,-0.51466215,0.009514503,0.08880575
43636000,0.10913113,0.5073615,-0.26083982
43640000,0.50950485,0.27470905,-0.54048204
43644000,0.4343928,0.009470044,-0.11322935
43648000,0.14983842,-0.09282769,0.48122287
43656000,-0.40164936,0.19364373,0.20056987
43664000,-0.058800355,-0.23741835,-0.83304954
43668000,-0.366588,-0.35117573,-0.8962912
43672000,-0.35873765,0.031334974,-0.42193586
43676000,0.25951582,0.14954568,0.20375197
43680000,0.5889084,-0.180931,0.4243627
43684000,0.25991094,-0.1582492,0.68220085
43692000,0.007883497,-0.19476447,0.9818733
43696000,-0.05433789,-0.50124806,0.66322255
43700000,-0.05375106,-0.23227303,-0.059785366
43704000,-0.0702545,-0.07874963,-0.63159895
43708000,-0.46336386,-0.025056563,-0.7864094
43712000,-0.7122193,0.36384547,-0.6026879
43716000,-0.40505785,0.5947256,-0.52669334
43724000,0.26426747,0.47920692,-0.48958755
43732000,0.45899585,0.04989617,0.8319064
43736000,0.41267997,-0.51681185,0.5839232
43740000,0.4544771,-0.47037357,-0.19260083
43744000,0.14656371,0.11988661,-0.42500603
43748000,-0.25429484,0.3953006,0.11116992
43752000,-0.3380753,0.2764948,0.42426154
43756000,-0.06962755,-0.17031765,0.33265865
43760000,0.53499544,-0.54906064,0.29188836
43768000,-0.23259324,-0.2748232,0.15809658
43776000,-0.3455879,0.1441455,-0.049632184
43780000,-0.5827498,0.4688633,-0.26385108
43784000,-0.24696386,0.45878255,-0.4541088
43788000,0.25745565,0.40039796,-0.38207817
43796000,-0.22916575,0.154501,-0.2442986
43800000,-0.08008745,-0.22084823,-0.12443822
43804000,0.1521317,-0.21722487,0.081578024
43812000,-0.3936261,-0.05877436,0.46212438
43816000,-0.39953142,-0.28792486,0.3299486
43820000,-0.16743127,-0.5508741,-0.21029508
43824000,0.22878534,-0.18874599,-0.6571368
43828000,0.43359601,0.20748334,-0.45169815
43832000,0.20163012,0.1395165,0.20772515
43836000,-0.15007046,0.18322797,0.48479962
43840000,0.14587502,0.3163048,0.17980924
43848000,0.39667845,0.10798208,-0.020585671
43852000,-0.3794563,-0.026850566,0.5021116
43856000,-0.43827596,0.06612944,0.5389424
43864000,-0.12445798,-1.0332266,-0.33284843
43868000,0.16049612,-0.95771325,-0.5247595
43876000,-0.12586142,0.48452365,-0.73526406
43880000,-0.63113225,0.36932772,-0.5343678
43884000,-0.22989324,-0.011754707,0.03939776
43888000,0.5224223,-0.108411856,0.5006506
43892000,0.57580996,0.014014058,0.66534865
43896000,0.06726238,0.10876718,0.7390392
43900000,-0.29887396,0.4116608,0.682145
43908000,-0.26296225,-0.061392874,0.1840733
43912000,0.045738623,-0.45717698,-0.36649704
43916000,0.17169449,-0.30134612,-0.5025601
43920000,0.29333487,0.15241778,-0.528054
43928000,-0.109794766,0.026584037,-0.55583
43936000,-0.105076335,0.251742,0.15996468
43940000,-0.37368113,-0.11916533,0.052932337
43944000,-0.21376595,-0.2663271,0.21420489
43948000,0.29201242,0.0517198,0.5395473
43956000,0.12244019,-0.5040587,-0.044184774
43960000,-0.064950995,-0.3419826,-0.44301885
43964000,0.24336335,0.11850403,0.056338087
43972000,0.23829536,0.16453993,0.089282334
43976000,-0.5124525,0.20277688,-0.29380128
43980000,-0.8325113,0.4205786,-0.16220367
43988000,-0.4213313,0.6914337,0.006778445
43992000,-0.106438436,0.50822747,0.19687207
43996000,0.25749195,-0.39549303,0.16866261
44000000,-0.047819808,-0.88675076,-0.001810774
44004000,-0.26102972,-0.70823026,-0.023578241
44008000,0.16194624,-0.56588376,0.06011018
44012000,0.5277461,-0.49915394,0.06317148
44016000,0.40880215,0.006625429,-0.059164084
44020000,0.27405918,0.5520191,-0.15677422
44024000,0.31926495,0.4650839,0.10150695
44028000,0.16795802,0.1370968,0.6246466
44032000,-0.0700641,-0.0696388,0.6372582
44036000,-0.21602395,-0.24335982,-0.099192485
44040000,-0.25888517,-0.3624762,-0.7821176
44044000,-0.31696525,-0.19670062,-0.36931646
44048000,-0.23805413,-0.03783186,0.3763979
44052000,0.29329234,0.061220396,0.02739945
44056000,0.5268741,0.26843315,-0.41902992
44060000,-0.25912568,0.38904685,0.017814621
44064000,-0.8281312,0.46645242,0.23897892
44068000,-0.33833233,0.31153277,-0.063573316
44072000,0.02904031,0.18753439,-0.16334653
44076000,-0.1300427,0.11230255,-0.2343886
44080000,-0.2528103,-0.20798683,-0.20924512
44084000,-0.0499468,-0.39937449,0.15852006
44088000,0.064966254,-0.45467386,0.5318176
44092000,-0.10122633,-0.38147897,0.5467689
44096000,0.20071416,0.056111626,0.13142847
44104000,0.3431637,0.47509572,-0.22612898
44108000,-0.15736973,-0.32087255,-0.11275031
44116000,-0.30117542,-0.2683474,-0.06517514
44120000,-0.45163155,-0.003672514,0.0357017
44124000,-0.22046007,0.31790167,-0.069431596
44128000,0.34908044,0.457103,-0.059556525
44132000,0.30763817,0.23534837,0.19114086
44136000,0.12250086,0.3472435,0.23673213
44144000,0.14214702,0.3118484,-0.27404457
44148000,0.42799678,-0.20744282,-0.151461
44152000,0.79095757,-0.57223123,-0.18101375
44156000,0.6920025,-0.6848915,-0.7720193
44164000,-0.13052963,0.00126487,0.08526948
44168000,-0.4129516,0.016829707,0.6944062
44176000,-0.5707818,0.23282933,0.75204825
44180000,-0.33012265,0.006655693,0.10663825
44184000,-0.23385352,0.22897044,-0.17059241
44188000,-0.35153544,0.12989539,0.03687611
44192000,-0.32945734,-0.5512683,0.3723629
44196000,0.07537469,-0.8989844,0.2891558
44200000,0.5221254,-0.46062627,-0.50157106
44208000,0.43061334,0.35344943,-0.6353369
44212000,-0.34067732,0.045557603,-0.18706314
44216000,-0.5333493,0.004254434,0.64787596
44220000,-0.22827718,-0.07211751,0.8417672
44224000,-0.17910364,-0.44950265,0.16754504
44228000,-0.2722451,-0.44729936,-0.4315719
44236000,-0.06326533,0.37103993,-0.35468373
44240000,0.12777136,0.42614284,0.15025148
44244000,0.33672297,0.03621134,0.19122434
44248000,0.09723124,0.14723478,-0.22618648
44252000,-0.027564317,0.17588358,-0.19895433
44256000,0.09897551,-0.1808118,0.093721054
44260000,0.36272222,0.21397834,0.15754005
44264000,0.38754624,0.8023375,0.34189478
44268000,-0.083037525,0.7328327,0.4938172
44272000,-0.48465618,0.3045829,0.5313791
44276000,-0.6587304,-0.29822832,0.27314067
44280000,-0.70940095,-0.61121935,-0.3833053
44284000,-0.7015104,-0.48266655,-0.48157358
44288000,-0.4964275,-0.45182967,0.049352244
44292000,0.08177155,-0.49526274,0.36802483
44296000,0.471253,-0.16836703,0.21161509
44300000,0.5264953,0.059790537,0.13316709
44304000,0.57752,-0.15784617,-0.05775332
44308000,0.29762447,0.15175886,-0.41825
44312000,-0.05382605,0.5759424,-0.19585437
44316000,0.30617234,0.30913684,0.07529574
44324000,0.23090047,-0.47526455,-0.29606262
44328000,-0.3833024,-0.12164405,0.15091883
44332000,-0.83045155,0.5328794,0.27181888
44340000,-0.4260991,0.3651531,0.06672497
44348000,0.19984055,-0.32127726,-0.19662844
44352000,0.27870056,-0.34613958,-0.07016
44356000,0.2138133,-0.1502274,0.19299877
44360000,0.08301084,-0.006664548,0.24073502
44364000,-0.022099625,0.07012673,0.24980128
44368000,-0.027000677,-0.014456883,0.15987681
44372000,0.34381884,-0.22461538,-0.09581783
44376000,0.62056476,-0.6033652,-0.23766963
44380000,0.1761064,-0.7763556,-0.2714005
44388000,-0.012070537,0.6707745,-0.16270646
44392000,-0.49257657,0.51107705,-0.09117341
44396000,-0.6756992,-0.27025715,0.13952188
44400000,0.026254058,-0.3066202,0.15670846
44404000,0.44040808,0.36734945,-0.04432021
44408000,0.11938438,0.9673698,-0.12950343
44416000,-0.4467436,0.6855061,-0.20805141
44420000,-0.6712672,0.1834979,-0.41520593
44424000,-0.48851973,-0.41408044,-0.18240635
44428000,0.5113955,-0.62956387,0.3637534
44436000,0.5475471,-0.22008622,0.29208848
44440000,0.22419368,-0.3177119,0.36198685
44444000,0.096600026,-0.6225829,0.106783636
44448000,-0.027330354,-0.28877303,-0.002634482
44456000,-0.0313872,0.3814911,-0.3844449
44460000,-0.105012834,0.40916568,-0.35609066
44464000,0.09800245,0.2047527,-0.07240317
44468000,0.36178356,-0.092045635,0.094574586
44472000,0.34126747,-0.3820755,0.047777835
44476000,0.27284643,-0.38177648,-0.22854455
44484000,-0.97505236,0.6134189,0.082423076
44492000,0.02755186,0.2648177,0.004007086
44496000,0.449725,-0.39614207,-0.14378008
44504000,-0.6440474,-0.14080629,0.5850295
44508000,-0.7432882,0.009683589,0.08544737
44516000,0.12715825,-0.18167642,-0.5260124
44520000,0.48851168,-0.25442904,-0.309049
44524000,1.1021979,-0.17362165,-0.08734307
44532000,0.7270305,0.11700316,-0.022628566
44536000,-0.36187613,0.3135936,0.43399113
44540000,-1.2791547,-0.027213976,0.5178443
44544000,-0.9817196,-0.015264943,-0.059047908
44548000,-0.11544109,0.094868004,-0.31094995
44552000,0.41466615,-0.16875395,0.15532875
44556000,0.461839,-0.14593612,0.48272714
44560000,-0.10204427,0.11733643,0.52703077
44568000,-1.0639474,0.13067572,0.523106
44576000,-0.06016335,0.7681731,-0.12630524
44584000,0.5752402,-0.003740266,-0.9553025
44588000,0.7337761,-0.6862354,-0.7884164
44592000,0.59787905,-0.9543052,-0.001695901
44596000,0.3954677,-0.97416914,0.46056634
44600000,0.29865134,-0.5173992,0.37947553
44604000,0.3656267,0.7239624,-0.065781415
44608000,0.13809289,1.4348954,-0.25236577
44616000,-0.40218264,0.008714318,-0.04153114
44620000,-0.5719004,-0.6744846,-0.22831842
44624000,-0.5298086,-0.6697272,-0.31042093
44628000,-0.15759706,-0.14648773,-0.05346474
44632000,0.4076565,-0.011790806,0.12750939
44636000,0.46943793,-0.14424685,0.27653968
44640000,-0.13909633,-0.06560516,0.42629814
44644000,-0.42489296,0.004266951,0.16120234
44648000,-0.24518517,-0.22817048,-0.30520183
44652000,0.05711984,-0.48902372,-0.53071445
44656000,0.19606885,-0.23407425,-0.20983648
44660000,-0.03581719,0.35563916,0.27486065
44668000,0.3261088,0.22395764,-0.12584403
44672000,0.5280473,-0.3876015,0.016027272
44676000,0.40890375,-0.4819982,0.13408607
44680000,0.050308786,-0.16251703,-0.027252208
44684000,-0.32972616,-0.08896899,-0.054887824
44688000,-0.36336845,-0.015713662,-0.06506972
44692000,-0.2356028,0.19594243,-0.034507304
44700000,-0.13392153,0.24456623,0.13390335
44704000,0.26204163,0.18964258,-0.107355855
44708000,0.3647036,-0.04895065,0.26717508
44712000,0.04467275,-0.16169076,0.42493927
44716000,-0.05071976,0.064153366,0.011218876
44720000,0.34252766,0.09868687,-0.38762906
44724000,0.66130453,-0.023164444,-0.3035506
44728000,0.47403848,-0.011917517,-0.08951418
44732000,0.07881637,-0.21511707,-0.43401438
44736000,-0.20064238,0.013657332,-0.54500985
44744000,-0.060401656,0.047855765,-0.3299783
44748000,-0.20095545,-0.29115564,0.16724823
44752000,-0.47880763,-0.33854628,0.6239961
44756000,-0.7043023,-0.15494552,0.7111135
44760000,-0.5875308,-0.19810869,0.49259755
44764000,-0.025575161,-0.27163005,0.15182893
44768000,0.17287603,0.109136805,-0.047858372
44776000,0.06428407,0.037441574,-0.1758275
44780000,0.04690777,-0.47036934,0.053475298
44788000,0.32326275,0.4972031,-0.051714145
44796000,-0.4410726,-0.25623858,-0.36866018
44800000,-0.46388668,-0.25634107,-0.18161291
44804000,-0.1447258,0.27216148,0.069719054
44808000,-0.13358246,0.47128227,0.15069869
44812000,-0.54005355,0.175583,-0.17920735
44816000,-0.33227062,-0.048548747,-0.19579455
44820000,0.28169274,0.035619818,0.17687152
44824000,0.62088627,0.10299446,0.15067154
44832000,0.42737228,0.30400312,0.43078634
44836000,0.1983034,0.32770625,0.47820264
44840000,0.38687292,0.011833727,0.14401935
44848000,-0.011278417,-0.35418415,0.44725335
44856000,-0.23375379,-0.0824081,-0.72506666
44860000,-0.69067,-0.025324194,-0.27431986
44868000,-0.18024859,-0.10962534,-0.11158876
44872000,0.42410833,-0.3853332,-0.7639888
44876000,0.38439405,-0.4631276,-0.7091235
44880000,-0.19019736,0.11335909,-0.2997958
44888000,0.5586343,0.050817654,0.5421647
44892000,0.49069393,-0.29007322,0.5042518
44900000,-0.51584274,0.54575956,0.3352392
44904000,0.10983661,0.35032815,0.49824542
44912000,0.40291226,-0.5332159,-0.23295313
44916000,0.22228462,-0.2242175,-0.46427336
44920000,-0.27884042,-0.116387576,-0.37402177
44924000,-0.42284894,-0.13761556,-0.018719137
44928000,-0.20619632,0.11429318,0.11872321
44936000,0.010442004,0.369774,0.2534839
44940000,0.6488911,0.057024196,-0.08858033
44944000,0.40551084,-0.46060926,-0.17777807
44948000,-0.3942369,-0.713081,0.042277105
44952000,-0.56195164,-0.36851805,-0.22689945
44956000,-0.062017053,0.11692877,-0.70586747
44960000,0.2878862,0.24015091,-0.47794157
44964000,0.046303615,0.34359333,-0.043269143
44972000,-0.1928899,0.5191588,0.32584783
44976000,0.33689559,0.67731345,0.34364176
44980000,0.5458533,0.47814858,0.13862279
44984000,0.34536868,-0.15395705,0.07658418
44988000,0.023140542,-0.6025765,0.1063659
44992000,-0.21962813,-0.61722326,-0.023195952
45000000,-0.8576469,0.04239627,-0.33651876
45004000,-0.23079953,0.0990527,0.10100965
45012000,0.48595157,0.5933129,0.004987344
45016000,0.21223244,0.8175838,0.07490495
45020000,0.32546836,0.25777605,-0.030217886
45024000,0.33962122,-0.5460545,0.05999402
45028000,0.22235793,-0.5842006,0.5091549
45032000,0.41617996,-0.12484489,0.5577244
45036000,-0.038404584,0.07073282,-0.14703818
45040000,-0.66495043,0.17183742,-1.0550463
45044000,-0.64969593,0.2875754,-1.021
45048000,-0.43611342,0.27639833,0.2469647
45052000,-0.0893033,0.013728991,1.1664872
45056000,0.20652202,-0.57756805,0.8489267
45060000,0.13263464,-0.9442281,0.28138307
45064000,-0.09179737,-0.6813049,-0.39838392
45068000,-0.13767269,-0.051244378,-0.88380754
45076000,0.13056381,0.29226744,0.22105931
45080000,0.2083424,0.41304612,-0.014651299
45084000,0.009450294,0.6479876,-0.30456632
45088000,-0.07086059,0.39948085,0.079298735
45096000,0.35649326,0.33645958,0.5714358
45100000,0.7113267,-0.028930604,0.27015692
45104000,0.50740457,-0.45438024,0.050556984
45108000,-0.1175946,-0.42051998,-0.1611234
45112000,-0.41063756,-0.17074296,-0.35058624
45116000,-0.15593927,-0.006572213,-0.24507996
45124000,-0.18697098,-0.33809626,0.37377885
45128000,-0.37178248,-0.16199932,0.2563557
45132000,-0.4966439,0.33648115,0.12699556
45136000,-0.64357245,0.42286733,-0.105438665
45144000,0.75449264,0.01666128,-0.909248
45148000,0.8655857,-0.028549876,-0.20173389
45152000,0.40636426,0.07942884,0.77278125
45156000,0.15808704,0.33888087,0.61253166
45160000,-0.14099824,0.3632359,-0.11795391
45168000,-0.31886524,-0.3813459,-0.20250343
45172000,-0.4041399,-0.2547835,-0.18395871
45180000,-0.41258857,0.22415763,-0.24013329
45184000,0.16736987,0.21007557,0.24992707
45188000,0.40586776,0.0492044,0.54780984
45192000,0.4494769,-0.09244834,0.25611347
45196000,0.2638585,-0.3679145,-0.19507977
45204000,-0.21781738,-0.54266435,0.2388421
45208000,0.11574157,-0.60891056,0.085376814
45216000,-0.028094266,0.7225903,-0.24471085
45220000,0.3675502,0.67144597,-0.58715826
45224000,0.65675986,-0.18774575,-0.4816002
45228000,0.42960718,-0.8362497,0.02738069
45232000,-0.15752466,-0.6429271,0.25642443
45236000,-0.42449757,0.020824015,-0.04773307
45244000,0.04876421,0.36025158,-0.020538747
45248000,0.23664096,0.07918407,0.22331181
45256000,-0.22744723,0.25178504,0.1028827
45264000,-0.37085316,0.23268864,0.6611974
45268000,-0.04612331,-0.6625056,0.63214207
45276000,0.61906856,0.32056636,-0.08487852
45280000,0.31147075,0.19265805,-0.6489261
45284000,0.085978165,-0.29633346,-0.80096316
45288000,0.14960195,-0.18869755,-0.6516134
45292000,0.067786895,0.20438217,-0.37377852
45296000,-0.18945685,-0.010612205,-0.038441494
45304000,-0.35435748,0.06158469,0.12487926
45312000,0.14293267,-0.16753167,0.19295269
45316000,-0.002966816,-0.05893727,0.08189712
45320000,0.109329484,0.1776833,0.13600042
45324000,0.020821335,0.079199955,0.33370292
45328000,-0.22516847,-0.08138288,0.19218189
45332000,-0.059285432,0.24029158,-0.45451674
45336000,0.03092011,0.10825981,-0.78930604
45340000,-0.27343157,-0.2729343,-0.2691832
45344000,-0.586803,-0.09851559,0.22568074
45348000,-0.5589007,0.09232166,0.24765165
45352000,0.030414566,0.008273315,0.36753085
45356000,0.7433219,0.00734603,0.6085826
45360000,0.70200545,0.15494868,0.5316252
45364000,0.005234212,0.11948267,-0.048689395
45368000,-0.44648355,-0.028663144,-0.32793686
45372000,-0.4045372,-0.03313941,-0.20591292
45376000,-0.26442218,0.15833832,-0.44616485
45384000,0.18002981,-0.33024773,-0.5264706
45388000,0.16486564,-0.10948055,-0.07899637
45392000,0.006748743,0.25513968,0.1414862
45396000,0.31305867,-0.13740206,0.42365807
45400000,0.46995392,-0.49257886,0.51930165
45404000,0.076798946,-0.47257003,0.043896273
45412000,-0.48287582,0.16028854,0.042967286
45416000,-0.051595822,0.31228033,-0.092360824
45420000,0.6739491,0.08741154,-0.16452642
45424000,0.71076185,0.027042143,0.18103126
45428000,0.16069832,-0.047985453,0.4193437
45432000,-0.09075836,-0.064682364,0.50606465
45436000,-0.06336663,-0.021455575,0.304884
45440000,-0.22234234,-0.28430593,-0.16546804
45444000,-0.12680201,-0.5547578,-0.15359768
45448000,0.055924736,-0.34202552,-0.08616387
45452000,-0.26523405,0.24012467,-0.4027678
45460000,0.13087133,0.5192057,0.20660402
45464000,0.3118281,0.64250696,0.11191955
45468000,-0.041302167,0.3962827,0.014366522
45472000,-0.38004544,-0.37775522,0.30407017
45476000,-0.17507027,-0.57740694,0.20547897
45484000,0.06924035,-0.097187415,-0.3555301
45488000,-0.46032062,-0.06637584,-0.103721306
45492000,-0.30398923,0.04070126,0.23331839
45496000,0.54056895,0.05265957,0.3842126
45504000,0.4557984,-0.14741258,-0.10244102
45508000,0.2706248,0.5109321,0.041889086
45512000,-0.130475,0.7381547,0.04372429
45516000,-0.5272025,0.14162087,-0.21681061
45520000,-0.42562503,-0.41156495,-0.28886244
45524000,-0.1863876,-0.33100724,-0.06094155
45532000,0.16877216,0.025914364,0.114787616
45540000,-0.24328429,0.25633693,-0.3584074
45544000,-0.180246,0.012122162,-0.5286915
45548000,0.21803573,-0.1400215,-0.5683829
45552000,0.097855255,-0.1598124,-0.15794069
45556000,-0.035522,0.07990052,0.2352469
45560000,-0.30032143,-0.13776939,0.51395094
45564000,-0.37013543,-0.65841407,0.4317942
45568000,0.13604568,-0.46697667,-0.031328112
45572000,0.3928728,0.25308996,-0.14347108
45576000,0.45258802,0.69258934,0.16096944
45580000,0.2615859,0.5437503,0.27181053
45588000,-0.3462003,0.20235212,-0.36544022
45592000,-0.39512393,-0.19402054,-0.24115746
45596000,-0.32365614,-0.33069658,-0.016285531
45604000,0.59238124,0.009794697,0.030045267
45608000,0.43611133,-0.028670032,0.179009
45616000,-0.5111617,0.17347503,-0.35675845
45624000,-0.05029002,-0.21579586,0.3900769
45628000,-0.29488552,0.048311308,0.66603595
45636000,-0.0829229,0.090637855,-0.11897747
45640000,0.38148525,0.05873245,0.010585763
45648000,0.19456881,0.45553526,-0.34048694
45652000,0.14359131,0.19440609,-0.4517927
45656000,-0.08212481,-0.13018863,-0.27303794
45660000,0.06434143,-0.22333637,0.036919236
45664000,0.2109863,0.20788516,0.1498674
45672000,-0.15706575,-0.21514837,0.28182942
45676000,0.15245773,-0.02270554,-3.36E-05
45680000,0.11816497,0.14753655,-0.16040283
45684000,0.061710414,-0.20223445,-0.20286654
45688000,0.14808577,-0.5251627,-0.015021876
45692000,-0.16835555,-0.39741898,0.42392138
45696000,-0.59743005,-0.18770833,0.6982361
45700000,-0.6199652,-0.10725173,0.4596303
45708000,0.099116966,-0.017902296,-0.10741364
45716000,0.48403826,0.38680845,-0.4843767
45724000,0.26257646,-0.25082806,-0.30042636
45728000,-0.13148597,-0.2077303,-0.15825059
45732000,-0.45723864,-0.1822491,0.086703286
45736000,-0.21993953,-0.19237961,0.36959618
45740000,0.53765947,-0.052114397,0.51146364
45744000,0.65199757,0.01814964,0.15172055
45748000,0.1621177,0.009863464,-0.34633654
45752000,-0.025219223,0.1425207,-0.38249713
45756000,0.029799126,0.5066689,-0.19514218
45760000,-0.20381537,0.5781237,-0.23602086
45764000,-0.5785316,0.035290867,-0.29353204
45768000,-0.5460625,-0.3219066,-0.09779779
45772000,-0.5124635,-0.14690575,0.1126367
45776000,-0.6309402,0.024046658,0.23642114
45780000,-0.28651476,-0.04265832,0.058219314
45788000,0.20420617,-0.07933247,0.018660523
45792000,-0.49340805,-0.09417428,0.35056895
45800000,0.23274726,0.6968252,0.31648272
45804000,0.25746635,0.68454784,-0.15428668
45808000,-0.067609325,0.2379833,-0.19159311
45812000,0.05898501,-0.25142813,-0.3144529
45820000,0.22762173,-0.43591148,-0.23817371
45824000,0.25087553,-0.30734625,0.10053425
45828000,-0.021179065,0.014521852,0.11207582
45832000,-0.32229438,0.17131431,0.043818895
45836000,-0.19185564,-0.056932762,0.22793157
45840000,-0.16195065,-0.4266369,0.40342617
45844000,-0.11125095,-0.57782793,0.23734915
45852000,-0.51074994,0.29062998,-0.3559087
45856000,-1.0270127,0.56689805,-0.25300822
45860000,-0.74241734,0.4636219,-0.3717933
45864000,0.07972197,0.07709955,-0.18246001
45868000,0.8088052,-0.02664686,0.02886761
45872000,0.8216165,0.17845692,-0.16013794
45876000,-0.032541424,-0.048887044,-0.24101117
45880000,-0.5923836,-0.49628097,-0.06605611
45884000,-0.40078795,-0.47587764,0.42333454
45888000,-0.1471258,0.005738162,0.64644456
45892000,-0.17638601,0.49156696,0.01870659
45896000,0.05611679,0.30627352,-0.33796227
45904000,0.5058222,0.17641813,-0.07756595
45908000,0.21450055,0.171628,-0.08178045
45912000,-0.11892885,-0.41580224,0.2914149
45916000,-0.193443,-0.60026264,0.66851866
45920000,0.080553085,-0.13473165,0.23849274
45928000,0.004144795,0.56848943,-0.26504993
45932000,0.085884795,0.4174695,-0.03949469
45936000,0.00369728,-0.2160155,-0.2975524
45944000,-0.35528195,-0.15381584,0.19919036
45952000,-0.3579185,0.019245554,0.14655119
45956000,-0.09245933,0.13722336,-0.26877642
45960000,0.50982463,0.45880365,-0.13963534
45964000,0.7607167,0.29144502,0.13855422
45972000,-0.01364948,-0.49519932,0.024080284
45976000,-0.26781878,-0.3589427,0.1377213
45980000,-0.39162427,-0.039857514,-0.06187442
45984000,-0.07174516,0.17078198,-0.5543227
45988000,0.33171654,-0.004391864,-0.66987664
45992000,-0.052056566,-0.05030413,-0.29152012
45996000,-0.5785314,0.077024385,0.28800815
46000000,-0.2899357,0.020934105,0.43116578
46004000,-0.114549704,0.018770885,-0.22119027
46008000,-0.23066506,-0.003913378,-0.45901638
46016000,0.29322973,-0.31321695,0.6864667
46024000,0.018977124,-0.06045577,-0.21269526
46032000,0.39149553,-0.068150766,0.37542164
46036000,0.4990989,-0.20276052,0.3837069
46040000,0.41397083,-0.013789978,-0.17127356
46044000,-0.004254088,0.47690338,-0.63472307
46048000,-0.07578335,0.47146857,-0.42554116
46052000,-0.09049677,-0.02204515,0.08384191
46056000,-0.66565514,-0.4077577,0.45183405
46060000,-0.90001225,-0.5757538,0.15137486
46064000,-0.3896649,-0.35035902,-0.44719905
46072000,0.6812462,0.25481543,-0.042983867
46080000,-0.024408437,0.039112285,0.17753008
46084000,-0.054574803,-0.13024685,-0.101178914
46088000,-0.2133398,-0.09129174,-0.16757609
46092000,0.003912576,0.115794346,0.120192334
46100000,0.80786353,0.11013404,0.24233693
46104000,0.51501745,0.19556637,-0.043778654
46108000,-0.1787581,0.31559372,-0.004897003
46112000,-0.6313216,0.2886737,0.14347689
46116000,-0.5850426,0.34134686,-0.12424631
46120000,-0.64225495,0.13913253,-0.28254277
46124000,-0.5168332,-0.34693748,-0.1289217
46132000,0.2678755,-0.39882147,-0.011577815
46136000,0.3744043,-0.3420388,-0.04173906
46140000,0.6163482,-0.34492213,0.070913315
46144000,0.45779073,-0.03915903,0.28197163
46148000,0.28138173,-0.072614655,0.30029297
46152000,0.06955911,-0.08594367,0.15788051
46156000,-0.40711492,0.33426687,0.011799734
46160000,-0.46197045,0.46865487,0.112009466
46168000,-0.08956331,-0.3755091,-0.20379417
46172000,-0.21464333,-0.3751468,-0.3765774
46176000,-0.4749254,-0.119311206,-0.5789093
46180000,-0.000775218,0.3420667,-0.57907236
46188000,0.5230857,0.42159003,0.7316051
46192000,0.37166765,-0.14345206,0.5934658
46196000,0.13753241,-0.45075828,-0.1064782
46200000,-0.009321047,-0.3034408,-0.63143116
46204000,-0.033495616,-0.13788125,-0.34845382
46208000,-0.053923294,0.004036979,0.25200617
46212000,-0.09893325,0.28499344,0.15672694
46216000,-0.10800197,0.2831121,-0.1909326
46224000,-0.12117091,0.256371,-0.11736856
46228000,0.0316205,0.37142,-0.27616036
46232000,0.3143811,0.27088478,-0.12583184
46236000,0.19980255,-0.17346472,0.2311676
46244000,0.77369434,-0.92102873,0.71930057
46248000,0.43787864,-0.2201459,0.42760968
46252000,-0.15226042,0.4275476,-0.3498707
46260000,-0.66480136,0.6683373,-0.29018044
46264000,-0.41816992,0.8079224,-0.19824395
46268000,-0.06636488,0.35980627,0.010060668
46272000,-0.0681729,-0.04859774,-0.10472801
46276000,-0.31418294,-0.32118446,-0.4630729
46284000,0.24310787,-0.73206925,-0.21478027
46292000,-0.33770454,0.13957363,0.55709934
46296000,-0.38327414,0.09395416,0.81294966
46300000,0.1575372,0.23084886,0.9005245
46308000,0.4740876,0.8309564,-0.25720757
46312000,-0.14926346,0.1354663,-0.92258286
46316000,-0.37460977,-0.61126804,-1.0279564
46320000,-0.29606318,-0.56780475,-0.51555467
46324000,-0.31654257,-0.19321989,-0.001584716
46328000,-0.4057298,-0.23147348,0.31898963
46332000,0.007056251,-0.33382076,0.288737
46336000,0.78186697,-0.20130011,0.09241134
46344000,0.86353457,0.42965016,-0.37857038
46348000,0.19596018,0.19869395,-0.5546573
46352000,-0.4013882,-0.002761807,-0.07446776
46360000,-0.4643501,0.11791077,0.8414339
46368000,0.33740076,0.03429845,-0.21852961
46372000,0.06619282,0.46054575,-0.6400338
46376000,-0.25736764,0.2951209,-0.333067
46384000,-0.34830886,-0.74488115,0.5803936
46388000,-0.37907043,-0.58493,0.7149265
46392000,-0.00633131,-0.3093599,0.26631558
46396000,0.15582609,0.16790034,-0.2642682
46400000,0.15976493,0.78812426,-0.37373856
46408000,-0.015070569,0.22887294,-0.6447057
46412000,0.16222173,-0.38528755,-0.6632793
46416000,0.28891918,-0.3567551,-0.29979265
46420000,0.035283744,0.16938545,0.27511227
46428000,0.95213294,0.15376173,0.40057513
46432000,0.8742491,-0.21729401,0.0611831
46436000,0.026328057,-0.16138586,-0.09193966
46440000,-0.51782626,0.051372163,-0.24533144
46444000,-0.4022302,0.14331189,-0.07187345
46448000,-0.30990842,0.02744849,0.18797565
46452000,-0.58420646,-0.07250349,0.058641993
46456000,-0.8926027,-0.100804746,-0.04522797
46460000,-0.75599265,-0.26761386,0.14927667
46464000,-0.27204275,-0.45051116,0.48399717
46468000,0.2768538,-0.525694,0.50868934
46472000,0.93312955,-0.29125243,0.09104331
46476000,1.516605,0.33810166,-0.070463195
46480000,1.3834816,0.6325793,-0.14872414
46484000,0.76002264,0.04363656,-0.57631683
46492000,-0.8532369,-0.28104615,-0.07245175
46496000,-0.76836336,-0.021774765,0.038494576
46504000,0.12281674,0.26690218,-0.32573718
46508000,-0.085770145,0.70849186,-0.31313044
46512000,-0.05002152,0.47938877,0.12132245
46516000,-0.03265072,-0.18880145,0.10461421
46520000,0.06301075,-0.21585357,-0.20710146
46524000,0.1778848,0.17151728,-0.09250234
46528000,-0.1986526,0.11009598,0.3407511
46532000,-0.6775486,-0.22665985,0.49665588
46536000,-0.68104315,-0.6198354,0.36540198
46544000,-0.4892566,-0.3329088,-0.6410729
46548000,0.0454666,-0.43372464,-0.57181793
46552000,0.69629925,-0.3880589,0.12178281
46556000,0.8908707,0.1142883,0.4746076
46560000,0.50736123,0.39694583,0.46602744
46564000,0.14946675,0.5651951,0.21562257
46572000,0.16916016,0.20762828,0.034505665
46576000,0.16785483,0.20889297,0.19067524
46580000,-0.3481618,0.18224695,0.08612158
46584000,-0.6280976,0.16236034,0.018080331
46588000,-0.43811333,0.06122524,-0.23862103
46592000,-0.35995948,-0.23867258,-0.45894623
46596000,0.09243138,-0.51244336,-0.2500401
46600000,0.6026385,-0.46909657,0.15178798
46604000,0.38874778,0.011792988,0.27280328
46608000,0.17072727,0.2017,0.09265375
46612000,0.21066579,0.10135009,0.05939949
46616000,0.26577115,0.07564918,0.07521983
46620000,0.1517013,0.048936255,-0.11457439
46624000,-0.29097992,0.11544313,-0.17105636
46632000,-0.102638535,0.29828143,0.06311878
46636000,-0.17284551,0.059767917,0.28721145
46640000,-0.66096956,-0.05421976,0.05232147
46644000,-0.6565552,-0.28762358,-0.32799733
46648000,0.003662184,-0.35679922,-0.15786639
46656000,0.566082,0.11721641,0.36219707
46660000,0.50966483,0.24042249,0.38596383
46664000,0.49044397,0.23409736,0.10780796
46672000,0.12199724,-0.57878363,-0.13759694
46676000,-0.21276416,-0.28587565,-0.31358805
46680000,-0.30942664,0.10355411,-0.026520625
46684000,-0.16040477,0.22303188,-0.015920147
46688000,-0.18483445,0.26988947,-0.39341846
46692000,-0.35127056,0.265912,-0.6554879
46696000,-0.37159112,0.009470448,-0.33002412
46700000,0.1622275,-0.3667156,0.24192487
46708000,0.7730964,0.27722967,0.24118419
46712000,0.049633026,0.038189128,0.22587729
46720000,0.2221822,-0.17667282,0.1454535
46724000,0.28001755,-0.015425872,-0.3006913
46728000,0.1596166,0.049016863,-0.74679464
46732000,-0.07788971,-0.13203152,-0.47055846
46736000,-0.3041617,-0.3017467,-0.09523901
46740000,-0.44278133,0.03229654,0.25141
46744000,-0.41272706,0.33221066,0.50998414
46748000,-0.24062547,0.5298971,0.14485464
46752000,-0.08128157,0.67299557,-0.08354743
46760000,0.102136776,-0.12594715,-0.37042448
46764000,0.16077858,-0.23211336,-0.09947123
46768000,-0.22398241,-0.45086926,0.5534532
46776000,-0.2409985,-0.6569216,-0.39966467
46780000,0.2537085,-0.34512034,-0.19835663
46788000,0.23231277,0.5194243,0.4054261
46792000,-0.057783738,0.09483421,0.11907704
46796000,-0.12588698,-0.09220715,0.09206061
46800000,-0.019609863,-0.07567304,0.22118044
46804000,0.3818801,-0.008358036,0.113927014
46808000,0.6705709,0.14697778,-0.2923297
46812000,0.43283638,-0.011060171,-0.60855424
46820000,-0.13884749,-0.55378336,0.781243
46824000,-0.5260023,-0.1689002,0.9980846
46828000,-0.4535373,0.17472014,-0.064358056
46832000,-0.12912138,0.35886884,-0.80882823
46836000,0.10217908,0.33914024,-0.51995695
46840000,0.25160888,0.20643154,-0.08756234
46844000,0.31128114,0.13001174,0.15137403
46848000,0.25395703,-0.114819005,0.12838833
46852000,0.20640272,-0.13600454,0.13615036
46860000,-0.08578846,0.8252872,0.2312273
46864000,-0.14794454,0.4308698,0.30593994
46868000,-0.122502215,-0.28577438,0.2217091
46872000,-0.45690995,-0.44105336,-0.2053005
46880000,0.24170984,-0.1685835,-0.4674247
46884000,-0.001752943,-0.038149454,0.2527349
46888000,0.17847764,0.24001709,0.66368663
46892000,0.4904156,0.14840984,0.3213696
46896000,0.2233124,-0.24575731,-0.3121233
46900000,-0.25260186,-0.5008083,-0.6546865
46904000,-0.32400912,-0.19232558,-0.7879233
46912000,-0.30570218,-0.1816098,0.1457337
46916000,-0.26867348,-0.16701508,0.46027744
46924000,0.14602092,0.27914435,0.65167594
46928000,0.18056008,0.6156276,0.049215704
46932000,0.38755712,0.38818124,-0.41774613
46940000,-0.07413556,-0.13735773,-0.26094884
46944000,-0.093451224,-0.092001736,-0.13627544
46948000,0.0523799,-0.15387017,0.031599022
46952000,0.027510893,-0.24084795,0.30035883
46956000,0.053287197,-0.21459724,0.20141485
46964000,-0.7455669,0.4794508,0.083963044
46968000,-0.90263414,0.23464483,0.3912235
46972000,-0.43326658,-0.3704482,0.28810722
46976000,0.32536447,-0.7081914,-0.1544334
46980000,0.72183037,-0.71228,-0.39955434
46984000,0.56915545,-0.12536497,-0.28520614
46988000,0.24295568,0.356323,0.006810195
46996000,-0.24278504,0.41612148,-0.3346346
47000000,-0.33839095,0.34146178,-0.37065446
47008000,0.4550176,-0.28837925,0.29100215
47012000,0.54512143,-0.1779272,0.3334605
47016000,0.005948871,0.033629,-0.27197486
47020000,-0.58119833,0.3024158,-0.28779745
47024000,-0.38581103,-0.009231269,0.26223487
47028000,-0.031169415,-0.43526474,0.26404044
47032000,-0.018410306,-0.13792466,-0.10002543
47040000,0.19732828,0.29028988,-0.008816868
47044000,0.0940634,0.042350754,0.45202577
47052000,0.0880253,-0.056085773,0.3153276
47056000,0.11043805,0.58274025,-0.12806931
47064000,0.06741759,0.26547894,-0.037941486
47072000,0.024520218,0.54445285,0.28961742
47076000,0.1455618,0.49110204,-0.053424314
47080000,0.5796231,-0.11009911,-0.252399
47084000,0.442833,-0.70581996,-0.3518602
47088000,-0.14666528,-1.014472,-0.40351957
47092000,-0.30951828,-0.8097334,-0.21363783
47096000,-0.15460886,-0.44114423,0.11506334
47100000,-0.2169835,-0.3467769,0.4240389
47104000,-0.40129137,-0.21588512,0.3721246
47112000,-0.07197891,0.87308204,-0.10929904
47116000,0.27988082,0.8721391,-0.09151651
47120000,-0.18288393,0.44744992,-0.11142028
47124000,-0.56175274,-0.046176463,0.04482737
47128000,-0.38375098,-0.1396108,0.15173133
47132000,-0.029164888,-0.028053224,-0.25923628
47140000,0.73292017,-0.03565205,-0.18654788
47144000,0.40795538,-0.31365487,0.066998765
47148000,-0.054548725,-0.42508757,0.38686082
47152000,-0.117673114,-0.16599408,0.5228502
47156000,-0.039951753,0.39937812,0.17678519
47160000,0.037682097,0.73536545,-0.38912088
47164000,0.071093395,0.35485652,-0.59505785
47168000,-0.103479534,-0.25048572,-0.4665634
47172000,-0.11913122,-0.18922222,-0.30578902
47176000,0.039837994,0.068873286,-0.21321534
47184000,0.25269026,-0.5353671,0.66125894
47192000,0.18265724,-0.22310032,0.35874584
47196000,-0.05026354,0.6043314,-0.02582181
47200000,-0.42303854,1.1252276,-0.4057501
47204000,-0.4916695,0.67811227,-0.415729
47208000,-0.16249092,-0.061953142,0.025421277
47212000,0.011004128,-0.30868703,0.40810052
47216000,0.015355885,-0.40092865,0.27244496
47220000,-0.069499716,-0.3282165,0.028949805
47224000,0.040637616,0.010948733,0.004780836
47228000,0.4474434,0.06662945,-0.040447503
47232000,0.28332838,-0.2669869,-0.06116298
47236000,-0.24885044,-0.5600544,-0.35821778
47240000,-0.18934967,-0.3353616,-0.39066654
47244000,0.06999965,0.1549407,0.08025102
47248000,-0.0778709,0.4197903,-0.20558856
47252000,-0.03043032,0.4107797,-0.6767069
47256000,0.3057717,0.36151165,0.022791564
47260000,0.32911426,0.38147104,0.8421622
47268000,-0.32103664,-0.30721304,0.3895755
47272000,-0.42954123,-0.547385,4.99E-07
47276000,-0.06693447,-0.6268506,-0.11351289
47280000,0.49902558,-0.36358696,-0.044017687
47284000,0.74890214,-0.24271618,-0.18630779
47292000,-0.037935138,0.18904296,-0.47212932
47296000,-0.5135851,0.18170083,-0.26639545
47300000,-0.62258935,0.102656394,0.050422937
47308000,-0.17434935,-0.08520704,0.33540547
47312000,0.067301534,0.28892165,0.18899
47316000,0.2068092,0.17429936,-0.100234434
47320000,0.2124992,-0.25993025,-0.11864169
47328000,-0.008015836,0.34323025,0.090214916
47336000,-0.3882092,-0.030759197,-0.13081346
47344000,0.108222246,0.17470771,-0.06608653
47348000,0.6166036,0.18799333,0.015096456
47352000,0.20145419,0.1868287,0.31002188
47356000,-0.33630663,0.1767984,0.035471976
47360000,-0.4469517,-0.07887623,-0.1434004
47364000,0.08166582,-0.31526694,0.03529168
47368000,0.7547931,-0.3091721,0.2976
47372000,0.5962393,-0.70320266,0.21896723
47376000,0.24330154,-0.89957476,-0.297047
47380000,0.24419199,-0.21407463,-0.489484
47384000,-0.11896257,0.3619326,-0.07794997
47388000,-0.46011546,0.22208498,0.380033
47392000,-0.24511425,-0.026962984,0.37767115
47396000,-0.10955275,0.10645003,-0.09760372
47400000,0.09291603,0.08499858,-0.28322074
47404000,0.45605797,-0.1631266,0.22006987
47408000,0.349974,0.021458536,0.73120177
47416000,0.20161128,-0.16970435,-0.5058137
47420000,0.12885152,-0.2800781,-0.6803587
47424000,0.2157868,0.029318012,-0.25492197
47428000,0.25123233,0.69655305,-0.1626062
47432000,-0.1202025,0.98547184,-0.14251721
47436000,-0.6362394,0.30101806,0.1700018
47440000,-0.8488994,-0.31080353,0.15508956
47444000,-0.44028515,-0.43854558,-0.27769667
47452000,0.305005,-0.41803682,0.27352005
47456000,0.33305615,0.2085417,-0.018000782
47460000,-0.059335947,0.544924,0.000293493
47464000,-0.09487738,0.5495772,0.1969549
47472000,0.015475273,-0.07008907,0.33580148
47476000,-0.19281143,-0.61755276,0.13354096
47480000,0.07981342,-0.6622197,-0.12904474
47488000,-0.07305932,-0.37781382,-0.39177042
47492000,-0.30339974,0.22232012,-0.4913009
47496000,-0.020405844,0.6148251,-0.47015578
47504000,0.21066436,0.10902357,0.13900393
47508000,0.18262033,-0.1342876,0.09081877
47512000,-0.50997347,0.031306192,0.26584467
47516000,-0.4712357,0.10557639,0.028138831
47520000,0.16818422,-0.18883696,-0.15722516
47524000,0.46014574,-0.58751076,0.21266288
47528000,0.837088,-0.71286726,0.47906893
47532000,0.80835545,-0.5313041,0.56495476
47540000,0.4860382,0.40040582,-0.06665586
47544000,1.0356085,0.42885503,0.25223872
47552000,1.3991702,-1.0960847,-0.3431454
47556000,0.4135036,-0.75877655,-0.1882815
47560000,0.23664726,0.15034243,-0.03607512
47564000,0.7085518,0.16463494,0.09015206
47568000,0.8941175,-0.52339494,0.37654448
47572000,0.8469888,-0.69660497,0.07302734
47576000,0.88360906,-0.42355597,-0.44108525
47580000,1.0082829,-0.43189663,0.18791687
47584000,1.260901,-0.7192759,0.9961904
47588000,1.4892011,-0.6933598,0.74692464
47592000,1.5006905,-0.36452326,0.13038725
47596000,1.401999,-0.29973835,-0.39898786
47600000,1.2026833,-0.69075876,-0.6457088
47604000,1.189495,-0.88286656,-0.6376482
47608000,1.1509944,-0.80582434,-0.36059934
47612000,1.0212333,-0.9716196,0.2709348
47616000,1.527145,-0.8062924,0.5181511
47620000,2.093711,-0.32147548,0.09289329
47624000,2.0117326,-0.33593848,-0.3131202
47628000,1.7650962,-0.7262973,-0.21831492
47636000,2.135371,-0.6019994,0.731432
47640000,2.1674066,-0.2516622,0.90420884
47644000,1.4720193,-0.54746664,0.49775642
47648000,0.8434278,-1.4170263,-0.024124924
47652000,0.8096436,-1.8001273,-0.34695745
47660000,2.1542034,-0.6643959,0.25003558
47664000,2.346282,0.019634262,0.09879802
47668000,1.8373772,0.23851952,-0.12977469
47672000,1.6952248,-0.2613207,0.06004399
47680000,1.8880726,-0.5364795,0.33649832
47684000,2.1685233,-0.84663975,0.16661443
47688000,2.2948034,-1.1467365,-0.08370366
47692000,2.0976653,-1.280596,0.17319588
47696000,1.9561418,-1.1896775,1.0070162
47700000,1.756702,-0.89632773,0.9696104
47704000,1.3517683,-0.6925528,-0.036464572
47708000,1.4745004,-0.57542646,-0.1433952
47712000,1.9247152,-0.4012799,0.33296287
47716000,2.1452222,-0.15882224,0.06881299
47724000,2.0670002,-0.4009799,-0.5137049
47732000,1.7208366,-0.5613294,-0.27682972
47736000,2.1107962,-0.10346759,-0.15393543
47744000,2.1508312,0.16297923,0.55927956
47752000,2.1550493,0.19580495,0.3523248
47756000,2.7121809,0.07728207,-0.460012
47760000,2.7061121,0.2691292,-0.31303978
47764000,2.3898559,0.4456342,0.336246
47768000,2.6028361,0.18993512,0.6403059
47772000,2.8552816,0.08716244,0.63377035
47776000,2.8339539,0.4413308,0.51674914
47780000,2.7674143,0.98232245,0.329853
47788000,3.0867636,0.14447445,0.11950283
47792000,3.1153111,-0.054722667,0.19811057
47800000,2.4499235,0.82426983,-0.04741712
47804000,2.4467432,0.97880626,0.14292234
47808000,2.739853,1.4831891,0.40263397
47812000,2.9337068,1.792149,0.537763
47816000,3.1183066,0.9780035,0.8671626
47824000,2.703864,0.7841198,0.20748985
47832000,3.1002254,1.4197166,-0.06294418
47836000,3.1978884,1.2897404,0.015161456
47840000,2.9393215,1.3439182,0.20297387
47844000,2.304391,0.9820857,0.4963931
47848000,2.0483263,0.73515147,0.34434044
47852000,2.6437466,0.9479857,-0.26821786
47860000,2.885075,1.0374799,0.18596391
47864000,1.7767648,1.3080989,0.9924971
47868000,1.4763842,1.8533612,0.8846205
47872000,1.9193178,1.751517,0.31785494
47876000,2.3790107,0.9742634,0.25697663
47880000,2.623965,0.8544255,0.6860866
47884000,2.4697037,1.5076103,0.9795929
47888000,2.409956,1.5559781,0.8848847
47892000,2.3285744,1.2523427,0.7796949
47896000,1.8470391,1.4260092,0.5577286
47900000,1.5922312,1.5673624,-0.01271899
47908000,2.2033293,1.3837283,-0.56675863
47916000,1.4978163,1.9562336,0.874416
47920000,1.7356964,1.6255038,0.7619581
47928000,1.7203743,1.290538,0.27772087
47932000,1.9705689,1.9531487,0.73548937
47936000,1.6558113,2.098598,0.60340095
47940000,1.1528405,1.9116294,-0.04908827
47944000,1.145324,1.8599718,-0.21269043
47948000,1.5188463,1.8161504,0.024414405
47952000,1.7842009,1.3735623,0.030155808
47956000,2.027941,0.83206046,0.32942852
47960000,2.2291074,0.81593114,1.0695773
47968000,1.2544236,1.8435633,0.026992917
47972000,1.1919894,1.7472191,0.079998225
47976000,1.247738,1.6115866,0.68604165
47980000,1.5346303,1.4397843,0.7691355
47984000,1.9081231,1.3058243,0.3579422
47988000,1.7579067,1.3446114,0.06517011
47992000,1.3233505,0.9935835,-0.0993691
48000000,0.2872005,0.76417404,0.31189293
48008000,0.42423517,1.1380222,0.20989591
48012000,1.1672585,1.1465465,0.18869318
48020000,0.50077856,1.7305561,1.0149981
48024000,0.15707463,1.2698531,0.4609625
48028000,0.077102944,0.47662252,0.12190795
48036000,-0.28297687,0.053196087,0.12848525
48044000,-0.52189094,0.656748,-0.009500934
48052000,-0.27115414,0.18231821,0.4500819
48060000,-0.6572794,0.03154722,1.0083026
48064000,-0.5014001,0.58057034,1.3626924
48072000,-0.533821,0.788324,0.19302136
48080000,-1.0295933,0.41926363,-0.45093203
48084000,-1.2487302,0.0527466,0.1263547
48092000,-0.40564945,-0.3817234,0.438398
48100000,-0.1127266,-0.11710157,0.08326812
48104000,-0.8929635,0.17217231,0.2253402
48108000,-1.2035558,0.21820721,0.47939628
48116000,-0.7867135,-0.14081366,0.35341322
48120000,-1.1623625,-0.55818576,0.10887649
48128000,-1.6329248,-0.12744722,0.15832515
48132000,-0.7746409,-0.0317691,0.5414222
48136000,-0.31114894,-0.22132085,0.63498634
48140000,-0.8770075,-0.30047446,0.22360891
48148000,-1.597382,-0.14077717,0.46755576
48156000,-0.5810158,-0.53093654,0.6759093
48164000,-1.1546787,-0.113735124,1.0171132
48168000,-1.2409378,-0.48484755,0.4506166
48172000,-1.1059021,-0.84185296,0.08530616
48176000,-0.989586,-0.8077869,0.23312882
48180000,-0.7314379,-0.45296308,0.374081
48184000,-0.38900733,-0.36023292,0.21679465
48188000,-0.21204968,-0.70661044,0.20406553
48192000,-0.4138245,-0.6199717,0.52333254
48200000,-1.1284739,-0.035971783,0.53851956
48204000,-1.2184885,-0.06397984,0.6363405
48208000,-0.9309752,0.15421389,0.697354
48216000,-0.7308259,-0.37844524,0.49121958
48224000,-1.729569,0.048702165,0.44626486
48228000,-1.5154566,0.15883228,0.4243917
48232000,-1.2969555,-0.39556843,0.5008102
48240000,-0.45854604,0.25409687,0.41655043
48244000,-0.31595367,0.10738941,0.26122975
48248000,-1.0040052,-0.2605837,0.50142896
48252000,-1.6045849,-0.58144975,0.9018274
48256000,-1.1867115,-0.5570241,0.7842089
48260000,-0.7998266,-0.3353284,0.376188
48264000,-1.1326874,-0.2698493,0.4118598
48268000,-1.0014484,-0.22725518,0.69679546
48272000,-0.65277565,-0.18545946,0.6931024
48276000,-0.8417537,0.09204392,0.32848346
48280000,-1.0796586,0.37200615,0.002664078
48288000,-0.84490186,0.29748765,0.21251412
48292000,-0.50328755,0.51249385,0.93756133
48296000,-0.6506314,0.36246586,1.1385682
48300000,-1.013091,0.10316427,0.8103239
48304000,-1.0628036,-0.008954003,0.7894412
48308000,-1.2046642,-0.017796475,0.9287534
48312000,-1.1740153,0.027326185,0.781392
48316000,-1.1706089,0.17297599,0.28343707
48320000,-1.2958119,0.1856919,-0.25393036
48324000,-1.158712,0.109847516,-0.16118315
48328000,-1.0952258,0.18954654,0.42096013
48332000,-0.9626251,0.21251036,0.66623074
48336000,-0.935482,-0.032115832,0.6493526
48340000,-0.91329896,-0.22221757,0.7418325
48344000,-0.554471,-0.12359267,0.5404193
48348000,-0.34063718,0.15440486,0.24674825
48352000,-0.36137596,0.2761123,0.30190527
48356000,-0.4430828,0.098725975,0.17899215
48360000,-0.883148,0.16036196,0.016573071
48364000,-1.4892461,0.45020357,0.13904002
48368000,-1.7513272,0.44420075,0.043402907
48372000,-1.5851789,0.3095178,-0.037952773
48376000,-1.0671557,0.2138172,0.51927704
48380000,-0.7715467,-0.030726612,1.2441301
48384000,-0.87205446,0.006337315,1.1681685
48388000,-0.69499075,0.43139946,0.5599971
48392000,-0.07522698,0.81848156,0.5570723
48396000,0.36726996,1.032055,0.9016946
48400000,-0.16477254,0.7915777,0.74891543
48404000,-1.2910765,0.33203462,0.07161115
48412000,-1.3404388,-0.22271302,0.40386885
48416000,-0.81362736,0.14865485,0.8944439
48420000,-0.4625638,0.277616,0.36845717
48424000,-0.6749632,0.35982734,0.013736341
48428000,-0.7939726,0.9670491,0.19185738
48432000,-0.8292312,1.2540104,0.2663536
48436000,-1.037027,0.96408004,0.08054676
48440000,-1.0088496,0.39715195,-0.14211546
48444000,-0.76394373,0.012954101,-0.004399911
48448000,-0.6892886,-0.019844368,0.38812286
48452000,-0.92720896,-0.10285751,0.40487462
48456000,-0.72277105,-0.013984442,0.18374136
48460000,-0.62326413,0.4279138,-0.063408196
48464000,-1.3784846,0.9891801,-0.024561577
48468000,-1.3715799,1.1057724,0.5160196
48472000,-0.66155136,0.6067617,0.68180346
48476000,-0.38100016,0.5772098,0.5458982
48484000,-0.87770426,0.76884043,0.0895876
48488000,-1.4641019,0.39532804,-0.3975101
48496000,-1.0754789,0.25961742,0.13643362
48500000,-1.0472423,0.039791223,0.073857546
48504000,-0.77990437,-0.107887544,0.14028475
48508000,-0.22683541,0.026380925,0.09132692
48512000,-0.2949143,0.47536123,0.21530166
48516000,-0.6579248,0.6199585,0.16138412
48520000,-0.6500045,0.663909,0.012501359
48524000,-0.62080944,0.6457428,0.49705526
48528000,-0.74780095,0.17710632,0.7887206
48532000,-0.9812957,-0.002509468,0.33304513
48540000,-0.97866976,0.32464343,-0.10016705
48544000,-0.48460725,0.28513372,-0.19912903
48548000,-0.05265589,0.45323715,-0.2836379
48556000,-0.5534641,0.46922815,0.08832536
48560000,-0.9787116,0.81327784,0.11385846
48564000,-1.3011339,0.90113115,0.5336851
48568000,-1.3651792,0.5493143,0.5966478
48576000,-1.2238543,0.002316709,-0.06289397
48580000,-1.0780252,0.12760662,0.2155866
48584000,-0.83383596,0.1857582,0.17878465
48588000,-0.5928716,-0.061745383,0.00638185
48592000,-0.51241976,-0.000743665,-0.06411718
48596000,-0.70410264,0.5476345,-0.11929287
48600000,-1.0294726,0.8225668,-0.41407144
48604000,-0.82094795,0.49459705,-0.27341267
48612000,-0.40895858,0.31949568,1.1413018
48616000,-0.8095483,0.63256586,1.108924
48620000,-0.78488266,0.7114073,0.26040378
48624000,-0.8860994,0.59838355,-0.91954386
48632000,-0.7162052,0.01605675,-0.7739531
48636000,-0.73381627,-0.07269654,-0.2034076
48640000,-0.8994641,-0.25378856,0.40376335
48644000,-0.41333327,0.20508091,0.34929246
48648000,-0.36364028,0.71242136,-0.29296118
48652000,-0.95309234,0.12526447,-0.40721142
48660000,-0.7219677,-0.121407315,-0.28653073
48664000,-0.7018747,0.48417005,-0.23974296
48668000,-0.9339235,0.90696037,-0.27956444
48672000,-1.1146772,0.9595103,-0.09785084
48676000,-0.89318496,0.16784209,0.28861588
48680000,-0.68332654,-0.7048431,0.4462643
48684000,-0.71921563,-0.56887496,0.41620082
48688000,-0.5891321,0.17826575,0.3974423
48692000,-0.44286728,0.5064124,0.21668446
48700000,-0.43346322,0.32930994,0.062980555
48704000,-0.5066061,0.07890667,0.068754196
48708000,-0.27883932,0.07372828,-0.25265408
48716000,-0.7865179,0.22467855,-0.2730677
48720000,-1.0673265,0.045440845,0.27168578
48724000,-0.7530192,0.3639427,0.33340263
48728000,-0.37308133,0.7949272,0.24692601
48732000,-0.4835702,0.6229568,-0.14400244
48740000,-0.8961492,-0.02831237,-0.38644427
48744000,-1.2652826,0.050454993,0.20312488
48748000,-1.1363833,-0.07015312,0.8381614
48752000,-0.57074374,0.04245499,0.85261726
48756000,-0.38228202,0.41067085,0.10530056
48760000,-0.6772943,0.7224115,-0.44248754
48764000,-0.96966064,0.47338808,-0.33569565
48768000,-0.9282033,0.16316944,0.0984249
48772000,-0.6931226,0.15605578,0.24616176
48780000,-0.55907786,-0.12906909,-0.42870077
48784000,-0.4512526,0.10409062,-0.13313028
48792000,-0.89387655,0.05837074,0.33107173
48800000,-0.52325475,0.12765801,0.06228393
48804000,-0.2954409,0.37185892,-0.4186277
48808000,-0.19430098,0.3607338,-0.41070426
48816000,-0.9133795,-0.075662516,0.18876672
48820000,-0.755672,0.13897966,-0.26927662
48824000,-0.4714238,0.11359533,-0.3045684
48828000,-0.5851478,0.000859652,0.16615991
48832000,-0.43444523,-0.22889602,0.4202462
48836000,-0.05709189,-0.43662834,0.12972137
48840000,-0.06055454,-0.30545518,-0.20770918
48844000,-0.2961645,0.2194136,-0.06281012
48848000,-0.74486387,0.50254464,0.23417643
48852000,-1.0172094,0.14786595,0.7265761
48856000,-1.0549402,-0.2591586,0.79728806
48860000,-1.0547032,-0.25096452,0.014299363
48868000,-0.6823176,-0.115990825,-0.09139424
48872000,-0.41008568,-0.15488346,-0.019027967
48876000,-0.11025384,0.0614314,0.043120887
48880000,-0.1362566,0.048773106,0.29524833
48884000,-0.26507658,-0.14025939,0.13199484
48892000,-0.32182845,-0.07662821,0.38610885
48900000,-1.2080743,-0.13655177,0.39553022
48908000,-1.6565882,0.21670882,0.24528399
48912000,-0.69006765,-0.27046847,0.40613633
48916000,0.24557583,-0.4725974,0.42119753
48924000,-0.9393738,-0.25752622,-0.59767747
48932000,-0.39397913,0.2270261,0.16457625
48940000,-0.14205469,0.62585217,0.2339783
48944000,-0.5149489,0.54254186,0.23422351
48948000,-0.7954729,-0.26759216,0.46737605
48952000,-0.93690616,-0.706087,0.74663055
48956000,-0.7326138,-0.48500332,0.8426119
48960000,-0.743305,-0.34015545,0.39177358
48964000,-0.94368875,-0.34043214,-0.19600374
48968000,-0.5941805,-0.17279632,0.01745674
48972000,-0.19097763,0.012059264,0.3397534
48976000,0.013530649,-0.19172645,-0.12289743
48980000,-0.14562498,-0.4083035,-0.43913883
48988000,-1.3911974,-0.090531856,0.8959862
48992000,-1.6109653,-0.06624745,0.50727427
48996000,-1.2695916,0.065614335,-0.12732306
49000000,-0.77944434,0.33476946,0.056567967
49004000,-0.45125186,0.58906555,0.49856186
49012000,-0.24635571,0.5716964,0.4973581
49016000,-0.37568057,0.29899144,0.30089107
49024000,-0.65540814,-0.47878134,-0.27545086
49028000,-0.4887352,-0.3176638,0.31150395
49032000,-0.40678594,-0.0327069,0.70373446
49036000,-0.4669788,-0.055333063,0.5044855
49040000,-0.7799916,-0.4354628,0.4627169
49044000,-0.8608949,-0.6618326,0.18836923
49048000,-0.7036169,-0.11951311,-0.20387615
49056000,-0.26330346,0.41434658,0.7217726
49060000,-0.64161706,0.44955087,0.5993574
49064000,-0.74703497,0.21717156,0.4610302
49068000,-0.5675722,-0.35247815,0.5181262
49072000,-0.50524783,-0.58593214,0.08817674
49076000,-0.6483004,-0.31172594,-0.21809949
49080000,-0.49226382,0.28932488,0.25871494
49088000,-0.8855192,0.09826731,0.16483912
49096000,-0.7971326,0.17964846,0.62311774
49100000,-0.027391791,0.2186945,0.40013424
49104000,0.0711635,0.2097521,0.22073343
49108000,-0.1840685,0.22985403,0.25529924
49116000,-0.6868132,0.37407222,0.21204191
49120000,-0.8559679,0.31475928,0.006658848
49124000,-0.9178989,0.3128389,0.15073377
49128000,-0.90476483,-0.022944912,0.34594375
49132000,-0.3407275,-0.28175554,0.08044106
49136000,0.0711557,0.02052182,0.020910423
49140000,0.26450524,-0.02818618,0.75880677
49144000,0.43631172,-0.10654326,1.0540478
49148000,0.042428955,0.2748711,0.4507637
49156000,-0.9384215,0.27192855,0.05443524
49160000,-0.9026864,0.3508548,-0.32065237
49164000,-0.95499825,-0.059761435,-0.17434786
49168000,-0.95770687,-0.40831238,0.7048315
49172000,-0.77913135,0.17033528,1.0437202
49176000,-0.340037,0.9465495,0.6251401
49180000,-0.027451962,0.5523543,0.25521362
49184000,-0.38655058,-0.2316472,-0.19228122
49188000,-0.8544414,-0.24382764,-0.58953655
49192000,-0.76727444,0.19277862,-0.3373199
49196000,-0.41088876,0.3295499,0.15204534
49200000,-0.39784408,0.14419615,0.4266805
49208000,-0.3401112,0.046789087,0.5020417
49212000,-0.9574806,0.3189294,0.25817952
49216000,-1.5433888,0.41990522,0.08119681
49220000,-0.8967949,0.17584616,0.27571052
49224000,0.04485312,0.23445727,0.32100922
49232000,0.03486947,0.54742545,0.18703867
49236000,-0.09281114,0.08031961,0.18452969
49240000,-0.45866725,-0.4893089,-0.02367939
49248000,-0.4668302,-0.33083338,-0.01521863
49252000,-0.3365711,0.090605624,-0.50984895
49256000,-0.28009802,0.3057546,-0.4617232
49260000,-0.38530886,0.31436142,0.14386879
49264000,-0.3386799,0.25918218,0.5482906
49268000,-0.08022641,0.27556053,0.5962834
49272000,-0.053851932,0.19016723,0.3667551
49276000,-0.32683173,-0.2506528,0.056310784
49280000,-0.6779609,-0.43793884,0.042135112
49284000,-0.87417877,-0.1792541,0.36221892
49288000,-0.93912864,0.016709492,0.37101948
49292000,-0.83208275,0.48696786,0.14806953
49296000,-0.36719674,0.7998978,0.15815234
49300000,0.09770058,0.41371298,0.002703495
49304000,0.12094432,0.12837532,-0.24387367
49308000,-0.020766795,0.46285504,-0.20967236
49312000,-0.38867092,0.6564893,-0.078545816
49316000,-0.98756933,0.35970342,0.05979228
49320000,-1.0641731,-0.17042866,0.023545634
49324000,-0.73974144,-0.62906206,-0.18793228
49332000,-0.32996827,-0.2339089,-0.35128814
49336000,-0.016884811,0.12610412,-0.036670372
49340000,0.13916932,0.35387322,0.018212147
49344000,0.30192626,0.25445798,-0.2627476
49348000,0.15971793,0.077933714,0.041511446
49352000,-0.5340592,-0.24197057,0.47234604
49356000,-0.9374083,-0.23264328,0.09678185
49360000,-0.5346884,0.2390521,-0.5913651
49364000,0.040197976,0.15123068,-0.72730595
49368000,0.079657085,-0.4145136,-0.1386725
49372000,-0.3420936,-0.34727937,0.25894463
49376000,-0.6892715,0.019787028,0.09092334
49380000,-0.5952173,0.05736995,-0.115186155
49384000,-0.20994172,0.09285152,-0.101615176
49388000,-0.2856886,0.027478933,0.28558522
49392000,-0.38307998,-0.09433327,0.6382387
49396000,-0.16052034,0.024031483,0.44737956
49404000,-0.4999207,-0.5037889,-0.16805412
49412000,-0.35542625,-0.07383788,-0.5018173
49416000,0.01006195,-0.029800776,-0.6892918
49420000,0.2660128,-0.3520484,-0.26948288
49428000,-0.806536,0.77837324,0.07949017
49432000,-0.6303915,0.39145336,0.34490725
49436000,-0.35684004,-0.29411873,0.23270217
49440000,-0.29954103,-0.15444285,-0.1739935
49444000,-0.18609196,0.21658666,-0.23641732
49448000,-0.021004058,-0.109553084,-0.015192062
49456000,-0.9638965,-0.51800495,-0.639335
49460000,-0.9672097,-0.33020487,-0.13649215
49464000,-0.54350966,-0.5880713,0.30822587
49468000,0.005826667,-0.5864493,0.121334665
49472000,0.11537515,-0.014394566,0.032920994
49476000,-0.5181686,0.51066613,0.021277748
49480000,-0.7336406,0.3419972,-0.13246225
49484000,-0.273392,-0.28747326,-0.21971945
49488000,-0.12893865,-0.73655736,-0.056599878
49496000,-0.19833796,-0.40319544,0.42208886
49500000,-0.23871396,0.14459774,0.22520912
49504000,-0.5603531,-0.031325117,-0.1771703
49508000,-0.53807765,-0.54849577,-0.4872098
49512000,-0.007531613,-0.42960626,-0.41312155
49520000,-0.9325008,0.024222035,0.34300247
49524000,-0.5517975,0.13271478,0.021327972
49528000,0.09824607,-0.043724105,-0.4045919
49536000,-0.16298825,-0.38909367,-0.3302256
49540000,-0.6334594,-0.04456526,0.21141711
49544000,-0.61946034,0.049438827,0.5342443
49548000,-0.33172923,-0.38589895,0.53949785
49552000,-0.37719545,-0.5662868,0.079398796
49556000,-0.27382487,-0.48778754,-0.3753991
49560000,-0.047520142,-0.44568625,-0.22125077
49564000,0.3163001,-0.31498766,-0.19853088
49568000,0.4814233,-0.51848,-0.5082649
49572000,-0.12544042,-0.8687474,-0.17047136
49576000,-0.512106,-0.71648735,0.3614542
49580000,-0.3021877,-0.2610932,0.2503377
49584000,-0.43993497,-0.016799256,-0.10614461
49588000,-0.4725886,0.09854017,-0.15424271
49592000,0.10564397,0.41259223,-0.00925025
49596000,0.41936293,0.43462068,-0.08900836
49600000,0.18693584,0.06917697,-0.4323691
49604000,-0.13449597,-0.045565,-0.34506634
49612000,-0.085323624,0.28548723,-0.18641528
49616000,-0.116190486,0.5424825,-0.49767807
49620000,-0.15719496,0.09649336,-0.21835233
49624000,-0.2907584,-0.40306965,0.21342942
49632000,-0.4108765,-0.74328166,0.13330157
49636000,-0.4593045,-0.80547684,-0.24337064
49640000,-0.46485132,-0.31072453,-0.2743563
49644000,-0.17163113,0.18056408,-0.4212335
49648000,-0.09714068,0.37406757,-0.7047396
49652000,-0.26579913,0.21739358,-0.16177359
49660000,-0.28769988,-0.5667863,0.91309005
49664000,-0.39837095,-0.6980182,0.20123616
49668000,-0.19886437,-0.4094435,-0.1504693
49672000,-0.0374676,0.009596422,-0.29982054
49676000,0.14578149,0.0860491,-0.5741952
49684000,0.5247394,-0.58949655,0.37105295
49688000,-0.49936232,-0.17082328,0.046447366
49692000,-0.9429648,0.19476396,-0.2694898
49696000,-0.57909787,0.13484272,-0.16128227
49700000,-0.39441773,-0.38682482,0.030120958
49704000,-0.003241092,-0.9523076,0.25660983
49708000,0.022310648,-1.0030094,-0.013640612
49712000,-0.67055786,-0.4610356,-0.3534719
49716000,-0.9292101,-0.10000576,-0.120498344
49720000,-0.43114603,-0.4678881,0.17211157
49724000,0.2426118,-0.8943331,0.70725715
49728000,0.29525617,-0.6258254,1.0691451
49736000,-0.41814744,0.19949584,-0.18510334
49740000,-0.201731,0.058213837,-0.53233457
49744000,-0.12369815,0.10103983,-0.18312824
49748000,-0.578505,0.09424868,0.36997533
49752000,-0.7013669,-0.46677923,0.32795057
49756000,-0.56760806,-1.0021553,0.015121855
49760000,-0.29829034,-1.0532336,-0.1665478
49764000,0.25284773,-0.6743173,-0.27922273
49768000,0.4316992,-0.40965915,-0.16325961
49776000,-0.5980933,-0.42582008,0.29271036
49780000,-0.4068221,-0.64413846,0.16307594
49788000,0.39660013,0.206308,0.47558272
49792000,0.60761464,0.44935536,0.33826166
49796000,0.3783313,-0.10236022,0.10365328
49800000,-0.5452179,-0.6780472,-0.14097965
49804000,-1.2369448,-0.8720287,0.079754084
49808000,-1.09044,-0.7319171,0.5640365
49812000,-0.40798157,-0.7666583,0.547056
49816000,0.38343233,-1.0631363,-0.13183272
49824000,-0.07176474,-0.44276702,-0.65233505
49828000,-0.08667019,-0.5596059,-0.25331163
49832000,0.19730061,-0.47041398,0.24336755
49836000,-0.07826622,-0.18683422,0.8722919
49840000,-0.5149766,0.15634412,1.0133125
49844000,-0.5877958,0.41827378,0.45481178
49848000,-0.27226752,0.06261465,-0.14803655
49852000,-0.041138157,-0.4280817,-0.30604848
49856000,-0.37414902,-0.6077144,-0.35298792
49860000,-0.45327553,-0.21331608,-0.275219
49864000,0.13359731,0.49618924,0.41234028
49872000,-0.518584,-0.61302096,0.11331272
49876000,-0.4144069,-0.863734,-0.30027685
49884000,0.46671668,-0.19484782,-0.33234066
49888000,0.4352259,0.10928146,-0.18733351
49892000,0.47656545,-0.061041415,0.4315427
49900000,-0.18469048,0.033181004,0.8172339
49904000,-0.44119793,0.42173043,0.22506341
49908000,-0.33860916,0.09679773,-0.107325405
49912000,-0.16805461,-0.6420436,-0.11686204
49916000,-0.2241019,-0.93708825,-0.015946869
49920000,-0.40220737,-0.6894479,-0.258662
49924000,-0.32912007,-0.38057536,-0.41839486
49928000,-0.29305246,-0.43664223,0.07746458
49932000,-0.4483195,-0.4632515,0.3719325
49940000,-0.041132294,-0.1164239,-0.4997506
49944000,-0.014698248,-0.008097954,-0.607948
49948000,-0.29463422,-0.30604237,-0.23291263
49956000,0.29001597,0.37986565,1.1137967
49960000,-0.067129925,0.21842511,1.3379573
49968000,-0.36582035,-0.18491176,-0.39674476
49972000,0.1065821,-0.30745956,-0.34410042
49980000,0.77069265,-0.5942551,-0.3700812
49984000,0.23862466,-0.29319522,-0.29291493
49992000,-0.4088442,0.08715523,0.4118829
49996000,-0.06393878,0.022825748,0.16436076
50000000,-0.23576254,-0.23672402,-0.18787697
50004000,-0.20309196,-0.38285676,-0.2539752
50008000,0.3624088,-0.6360018,-0.010248959
50012000,0.3969127,-0.78279275,0.34895018
50016000,-0.4717863,-0.25844333,0.4544528
50024000,-0.6573179,0.013203859,-0.21105894
50028000,-0.17210121,0.2328983,-0.3983959
50032000,0.25731397,-0.11726865,-0.5010136
50040000,0.544693,-0.29553846,-0.12537451
50048000,-0.23438859,0.21636204,-0.33145082
50052000,-0.1596632,0.43460274,0.13423948
50060000,0.24600394,-0.30386406,0.6210124
50064000,0.039915808,-0.3457933,0.64786655
50068000,-0.20090893,-0.29857975,0.1466249
50072000,-0.09510939,-0.3413346,-0.31954437
50076000,-0.082089454,-0.45691743,-0.40567535
50080000,0.10999404,-0.3428092,-0.41191447
50088000,-0.11378677,0.64155805,-0.14422853
50092000,-0.48579443,0.5187193,0.4455989
50100000,0.028969841,-0.21080092,0.074578
50104000,-0.01632126,-0.2489556,0.057545174
50108000,0.044201355,-0.40716627,-0.3276918
50116000,-0.031008497,-0.033013172,-0.46163595
50120000,0.014702722,0.32861602,0.075816065
50124000,-0.21851248,-0.07396051,0.36356705
50128000,-0.16013843,-0.37901407,0.17212102
50132000,0.079060644,0.2365859,-0.06799573
50136000,-0.1491391,0.54338825,-0.08995892
50140000,-0.33322626,-0.1795375,-0.27999002
50144000,0.08290486,-0.79599905,-0.40759316
50148000,0.7124911,-0.71611756,-0.44229135
50152000,0.57390517,-0.47682828,-0.3817823
50160000,-0.42409182,-0.001344569,-0.06121078
50164000,-0.39954054,-0.54397374,0.056811776
50168000,-0.40618712,-0.68114537,0.24307922
50172000,-0.36713535,-0.28139502,-0.18157327
50176000,-0.11360691,-0.09392935,-0.43860263
50180000,0.4958694,0.21862121,-0.10988968
50188000,0.73559594,-0.47167727,0.000395431
50192000,-0.026575029,-0.80414706,0.12954988
50196000,-0.8678946,-0.071686506,0.08980506
50204000,-0.2174601,-0.2595265,0.00960825
50208000,0.2881641,-0.5828447,0.1720406
50216000,-0.056290463,0.08185472,0.1190481
50220000,0.014273075,-0.42286187,-0.1757882
50224000,-0.017029878,-0.5827675,-0.4694132
50228000,-0.28472707,-0.13376904,-0.18635476
50232000,-0.1742121,0.20878132,-0.091564976
50236000,-0.025582932,-0.07740706,-0.16088769
50240000,-0.21954724,-0.36478114,-0.268716
50244000,-0.23822978,-0.049586102,-0.47770736
50248000,-0.20593862,0.55404663,-0.2012724
50252000,-0.20845383,0.37314156,0.33183238
50256000,-0.02619546,-0.6143203,0.5548997
50260000,0.45665812,-0.8643343,0.47823608
50264000,0.6289039,-0.142545,-0.23959473
50272000,-0.32796237,0.7284305,-0.8777392
50276000,-0.44903862,0.420568,-0.38341022
50280000,-0.4608746,0.060010783,-0.20138551
50288000,0.24997818,-0.6079898,0.38774472
50292000,0.29333916,-0.96361995,-0.15009734
50296000,0.11346824,-1.1177418,-0.33980313
50300000,0.20137393,-1.156846,-0.045100525
50308000,0.17763777,0.09809047,0.033077482
50316000,0.14907596,0.40433097,0.042570323
50320000,-0.32650578,-0.43042374,-0.06625384
50324000,-0.29133362,-1.0553627,0.10202129
50328000,-0.07909268,-1.0500368,0.16024493
50336000,0.33653575,0.30888104,-0.24793336
50344000,0.12601803,-0.064836785,0.19891557
50348000,-0.37792423,0.09629655,0.033728465
50352000,-0.4114673,0.017315537,-0.09326492
50356000,-0.45021692,-0.045460135,-0.10072339
50360000,-0.6730285,0.16996881,-0.076866195
50368000,0.42945522,-0.3716467,0.005838054
50372000,0.7928683,-0.17394567,-0.05583389
50376000,0.6099431,0.05905018,-0.32747442
50380000,0.28409198,-0.13785715,-0.24388717
50384000,-0.11159396,-0.5262145,0.18104586
50388000,-0.19783235,-0.63437426,0.06863171
50392000,-0.29087603,-0.50856185,-0.1555761
50396000,-0.40856174,-0.10133518,-0.18384951
50400000,-0.018946692,0.23732315,-0.050417144
50404000,0.04399938,0.099501446,0.32986516
50412000,-0.24168548,0.2780741,-0.49276537
50416000,-0.30726424,0.10130019,-0.84116703
50420000,-0.21858019,-0.11545794,-0.49525625
50424000,0.6183484,-0.26153064,0.04310307
50428000,1.1054548,-0.009434417,0.12379001
50436000,-0.2859836,-0.08013508,-0.1409682
50440000,-0.5146903,-0.17551565,-0.14555305
50444000,-0.3164823,-0.32904816,0.073308654
50448000,0.13398603,-0.2295099,0.5539027
50452000,0.3716808,-0.04987852,0.7580362
50460000,0.113850795,-0.37046325,-0.76368725
50464000,0.20685658,-0.48825574,-0.8065165
50468000,-0.097641364,-0.3656523,-0.2034558
50472000,-0.46497762,-0.4584589,0.20023322
50476000,-0.17784998,-0.41429633,0.43214166
50480000,0.2761648,-0.13202702,0.8417052
50484000,0.36342117,-0.16596127,0.6129135
50492000,-0.2734469,-0.29341647,-0.7044662
50496000,-0.66648227,-0.22038254,-0.026849478
50500000,-0.5984145,-0.1286587,0.02978272
50504000,-0.16556475,-0.32046938,-0.17642078
50512000,0.8154451,-0.02042412,0.63875103
50516000,0.39543408,-0.16293001,0.10895324
50520000,-0.056138113,-0.3778066,-0.56852543
50524000,-0.08471155,-0.20698595,-0.91590005
50532000,0.1398291,0.18597394,-0.16177244
50536000,0.19923417,-0.14009485,0.51473516
50540000,0.58440906,-0.11013018,0.93921447
50544000,0.1275037,-0.039969552,0.42245412
50548000,-0.6249385,-0.16094765,-0.2748093
50556000,-0.6944642,0.51349705,0.22663009
50560000,-0.32454234,0.40068382,-0.05993846
50568000,0.5967244,-0.50460094,-0.1365653
50572000,0.15957816,-0.32119513,0.12951629
50580000,-0.22432591,0.31752706,-0.6036773
50584000,-0.110838346,0.145437,-0.35743445
50588000,0.26126575,-0.08122857,-0.25816962
50592000,0.31578758,-0.13474956,-0.3029229
50596000,0.06394994,-0.045140043,-0.37086856
50604000,0.03222052,0.2899772,0.43294227
50608000,-0.042991754,-0.026000157,0.7417355
50612000,-0.05725713,-0.43934533,0.40574935
50616000,-0.09880711,-0.3786949,0.19468778
50620000,0.0279577,0.20679688,0.13766514
50624000,-0.105991505,0.69323856,0.30976793
50628000,-0.26890463,0.6765295,0.3345496
50632000,0.023714721,0.6986858,-0.2452413
50636000,0.23615728,1.1030533,-0.55636305
50640000,0.15979892,1.2640754,-0.18196172
50644000,0.24832436,0.8614259,0.4924125
50648000,0.47393984,0.44913083,0.75716376
50652000,0.45575503,0.48381278,0.45021236
50656000,0.14365833,0.7140415,0.4610161
50660000,0.20576765,0.89370877,0.6294322
50664000,0.5843733,0.74558693,0.4709799
50668000,0.5168339,0.2999506,0.1353221
50672000,0.23274362,0.38370427,-0.4634328
50680000,-0.24504969,0.74841857,-0.13983932
50684000,-0.48656622,0.5016737,0.2790348
50688000,-0.92135054,0.39670044,0.18381746
50696000,0.25678262,-0.00059307,-0.07495683
50700000,0.3427605,0.6149449,0.099135675
50704000,-0.35792017,1.0110044,0.08291956
50712000,-0.16560555,-0.23820452,-0.3378018
50716000,0.04336895,-0.53010625,-0.521904
50720000,0.055147577,-0.6339232,-0.38949722
50724000,0.15873027,-0.83984554,0.07853256
50728000,0.32701162,-0.7143798,0.3467025
50732000,0.011091188,-0.29771328,0.54989904
50736000,-0.24270326,0.03420557,0.3579322
50740000,-0.17288364,0.22046882,-0.41778302
50744000,-0.20903654,0.0675472,-0.7344691
50748000,-0.07857714,-0.3779638,-0.5322542
50752000,0.1316809,-0.9204408,-0.25946644
50760000,0.21119887,-1.1312993,-0.040330462
50764000,0.5544858,-0.29812628,-0.05123827
50768000,0.45604226,0.08286947,-0.5021482
50772000,-0.14362079,-0.1592521,-0.79811966
50776000,-0.48374167,-0.8566087,-0.23443906
50780000,0.11497909,-1.0000349,0.37374684
50788000,0.06069179,-0.44867095,0.2067448
50792000,-0.287847,-1.1962649,-0.044849776
50796000,-0.3766334,-1.3711612,-0.38854027
50800000,-0.22111733,-1.0619516,-0.2050749
50804000,0.08839678,-0.8707184,0.22395149
50808000,0.18924849,-0.69423944,0.15059073
50812000,0.02443209,-0.56870764,-0.27486885
50816000,-0.33530807,-0.3982697,-0.69186777
50820000,-0.5368076,-0.29899824,-0.59438056
50824000,-0.47445598,-0.54316974,-0.07332662
50828000,-0.21561043,-0.6344948,0.12776953
50832000,0.19682992,-0.5543312,-0.030335777
50836000,0.43676147,-0.6842579,-0.102139175
50840000,0.2689078,-0.91551095,0.024067802
50844000,-0.007726081,-1.0473719,-0.037212748
50848000,-0.16947761,-1.0867643,-0.22007802
50856000,-0.3039257,-0.6025693,0.049851675
50860000,-0.37287325,-0.50866854,-0.44192392
50864000,-0.6141084,-0.5610727,-0.45587873
50872000,-0.13711931,-0.48060477,0.15788858
50876000,0.26747194,-0.45426893,-0.488625
50880000,0.076713234,-0.4853183,-0.6467433
50884000,-0.15099978,-0.6159176,-0.52881867
50892000,1.1140395,-0.12683243,-0.22952677
50896000,1.1205126,-0.3668515,-0.3191704
50904000,0.011054769,-0.70209324,0.4467075
50912000,-1.0812716,-0.21632402,-0.11108447
50916000,-0.48864618,-0.5287318,-0.23243593
50920000,0.124358,-0.4968429,-0.53901196
50924000,0.348921,-0.654055,-0.6954111
50928000,0.5603799,-0.5671047,-0.5029366
50932000,0.5618862,-0.13641861,-0.48135352
50936000,0.11483453,-0.15055864,-0.5473304
50940000,-0.109724775,-0.4663868,-0.31138128
50948000,-0.10557471,-0.17094573,0.19215056
50952000,-0.28344822,0.12035407,0.24738127
50956000,-0.20564389,0.23006164,-0.15061708
50964000,-0.08483223,0.01226984,0.5763159
50972000,0.27094665,-0.207973,0.013055503
50976000,0.03977928,0.035172313,-0.14154103
50980000,-0.50190324,0.28728312,-0.68576384
50984000,-0.8299486,-0.09585613,-0.9521483
50988000,-0.55294126,-0.4649253,-0.6447023
50992000,0.01642023,-0.5270697,-0.14416674
51000000,0.011547416,0.055048198,-0.2585925
51004000,-0.11596142,0.28692052,-0.23383714
51008000,-0.21897921,0.40428764,-0.12600413
51012000,-0.24712664,0.24524763,-0.52117753
51016000,-0.216714,-0.29259223,-0.68342215
51020000,0.011823848,-0.37758428,-0.10051963
51024000,0.060434334,0.2633136,0.7381523
51028000,-0.06687801,0.46801928,1.0614681
51036000,0.55876154,0.26693916,-0.41661322
51040000,0.44300163,0.6473684,-0.95248866
51044000,0.037761033,0.90024835,-0.7360699
51048000,-0.2917327,0.656657,-0.31072205
51056000,-0.7652837,-0.78133166,0.2721638
51060000,-0.21617399,-0.94053304,0.2482846
51064000,0.40224582,-0.871507,0.25264955
51068000,0.5294482,-0.5708733,0.17163244
51072000,0.1701687,0.52705383,-0.29547143
51076000,0.059100896,1.2932409,-0.6924237
51080000,0.24441275,1.1938688,-0.34272876
51084000,-0.06764114,0.8590559,0.09318437
51088000,-0.5796118,0.23579085,0.037690453
51092000,-0.38442683,-0.128379,-0.087439254
51096000,0.051133737,0.32228908,-0.29233724
51104000,-0.39662257,0.022281796,-0.22756833
51108000,-0.1732111,-0.20907848,-0.00829499
51112000,0.22243032,-0.1593901,-0.3906217
51120000,0.31840372,0.19066925,-0.327627
51124000,0.6565092,0.32175326,-0.05136361
51128000,0.82537574,0.06668073,0.33231455
51136000,-0.35043,-0.045155585,-0.03802538
51140000,-0.6090361,0.4526998,-0.64589524
51148000,0.2558399,0.16351563,0.24408512
51152000,0.7257166,0.061116956,0.80839133
51156000,0.33894306,-0.060872987,0.50758487
51160000,-0.33603632,-0.17508112,-0.022014357
51168000,-0.36346704,0.8771659,-0.7897987
51172000,0.020432338,0.60981214,-0.8848292
51180000,0.38650793,-0.54444355,0.044620022
51184000,-0.12673736,-0.34755957,-0.18468212
51188000,-0.49474806,0.2893447,-0.34527466
51192000,-0.5791327,0.6043867,0.104183994
51196000,-0.54784477,0.71778256,0.8073647
51204000,-0.03882581,0.64828545,0.3127898
51208000,-0.1682213,0.20629403,-0.392071
51216000,0.29597467,0.07124069,-0.5028776
51220000,0.73869133,0.38781977,-0.5429693
51224000,0.8021388,-0.0753251,-0.28287786
51228000,0.4332732,-0.42090702,-0.17975238
51236000,-0.30603224,0.3141381,0.14410898
51240000,-0.29362923,0.03688827,-0.08238622
51248000,-0.37918252,0.1318714,-0.26178747
51256000,-0.099926114,-0.317586,-0.10906213
51260000,0.1805318,0.065150246,0.16392973
51264000,0.42811364,0.32182276,-0.16978581
51268000,0.43454468,0.30378264,-0.3051263
51276000,0.011386022,0.31829584,0.034803554
51284000,-0.2908805,-0.17785384,0.058722958
51288000,-0.35306364,0.081783175,-0.11381823
51292000,-0.33905363,0.16503558,-0.018517405
51296000,-0.3030633,-0.021422058,0.45806926
51300000,0.07677917,-0.13886385,0.882826
51304000,0.5012744,-0.022143167,0.7530266
51308000,0.45415124,0.054780833,-0.13445598
51312000,0.1112332,-0.20257992,-0.42645785
51316000,-0.17453115,-0.38208628,0.3550094
51324000,-0.07500133,-0.38191798,-0.7181828
51328000,-0.48461992,-0.5279158,-0.9394237
51332000,-0.28562057,-0.38398588,-0.8828772
51336000,0.41877884,0.20387535,-0.6794025
51340000,0.5734625,0.43235147,-0.085308045
51344000,0.05547881,-0.056487694,0.3608899
51352000,-0.3368789,-0.17472532,0.59710675
51360000,0.04098001,0.29708543,-0.39747262
51364000,0.3261222,0.28772554,-0.2121873
51368000,0.58873254,0.08932641,-0.032490846
51372000,0.7005236,-0.054857258,0.19782849
51380000,0.020843416,-0.013970774,-0.15800518
51384000,-0.29512843,-0.14195117,-0.03477022
51388000,-0.6742866,-0.32208726,0.38763365
51396000,-0.27479976,0.66184384,-0.54475486
51400000,0.28375483,0.8699969,-0.40337607
51404000,0.2136683,0.36973315,-0.053031072
51408000,-0.12069484,-0.38220593,-0.01348662
51412000,-0.26477167,-0.47759438,-0.11503742
51416000,-0.041018493,0.0831919,-0.1554646
51420000,-0.10268785,0.35348597,-0.16348
51424000,-0.39784545,-0.05876781,-0.18748428
51428000,-0.021460712,-0.5505232,-0.28220764
51432000,0.48303145,-0.62231517,-0.53069466
51440000,-0.04981169,-0.58812827,0.047806233
51444000,-0.22426838,-0.29492897,0.6903434
51452000,0.1439094,0.39853847,-0.048360318
51456000,0.0693105,0.74625903,-0.511242
51460000,-0.21687394,0.6512789,-0.13633248
51464000,-0.07659238,0.17453602,0.16099542
51468000,0.004200105,-0.17245091,0.07493663
51476000,-0.17821583,-0.62929237,-0.48633853
51480000,-0.1420997,-0.9833757,-0.4677484
51484000,-0.20077953,-0.837062,-0.58182234
51492000,0.07898638,0.39558935,-0.3458395
51496000,0.44754127,0.65388125,0.04460351
51504000,0.5006276,0.38105282,0.16529833
51508000,-0.08702761,-0.41648465,-0.17523436
51512000,-0.44904935,-1.0087434,-0.19871765
51516000,-0.52337635,-0.88459754,-0.046090487
51520000,-0.363302,-0.1513899,0.019704506
51528000,0.18833077,0.023049176,-0.8162898
51532000,0.12311672,0.099755056,-1.0129611
51536000,0.370041,0.35399154,-0.61976886
51540000,0.17176798,0.007649407,0.10757747
51548000,-0.17147285,-0.07463188,0.76249075
51552000,-0.21016917,-0.21466616,0.59682393
51560000,-0.18105948,0.022507668,0.13715672
51564000,0.000908859,0.09396523,-0.48362893
51568000,0.22512896,-0.15535983,-0.5117951
51572000,0.32624114,0.15673961,0.04366617
51576000,-0.001042865,0.6938006,0.05423634
51580000,-0.47895727,0.59205633,-0.5065818
51584000,-0.4860979,0.3392257,-0.31211752
51588000,-0.34678257,0.3974942,-0.04605197
51592000,-0.0856938,0.35512528,-0.11768237
51596000,-0.04647465,-0.15201388,-0.19192995
51600000,-0.15776221,-0.4819969,-0.54599833
51608000,0.43155068,0.427133,-0.6500272
51612000,0.0605245,0.54257274,-0.5330506
51616000,-0.17247333,0.0625661,-0.13756397
51620000,-0.11158881,-0.70302,0.027084496
51624000,-0.36558017,-0.5575943,0.043899458
51628000,-0.67996633,0.44794673,0.13376422
51632000,-0.53206074,0.904738,-0.01739867
51636000,-0.14671528,0.87130535,-0.009177316
51640000,0.29769602,1.2185625,0.36402285
51644000,0.5974081,1.4687469,0.28885096
51648000,0.45987624,1.1513724,-0.18311149
51652000,0.27997604,0.5388544,-0.29264325
51656000,0.09121769,0.038058564,-0.21523122
51660000,-0.40850627,-0.09443306,-0.18126905
51664000,-0.53488284,0.004399726,-0.47738135
51668000,0.1702985,0.36191633,-0.7787347
51672000,0.71346176,0.75269246,-0.36642727
51680000,-0.6040099,1.4103206,1.0610511
51684000,-1.0125173,0.6691099,0.529974
51688000,-0.55211794,-0.1356713,-0.45427722
51692000,-0.13709342,0.09493908,-0.6295625
51696000,-0.18302187,0.35110155,-0.37014395
51704000,-0.16106689,0.21824288,-0.53285027
51708000,0.098158784,0.4210329,-0.15617357
51712000,0.23670296,0.529305,0.06617658
51716000,0.17916724,0.4485509,-0.08058358
51724000,-0.13692738,0.06773416,-0.10725598
51732000,-0.06160384,-0.16359246,0.103263974
51736000,0.04168334,-0.4309298,0.22167219
51740000,0.2127508,-0.6673496,0.11184308
51748000,0.07231541,-0.007720463,-0.42319906
51752000,-0.08458453,0.26493457,-0.7345864
51756000,-0.2818429,-0.13146766,-0.8930602
51760000,-0.20657408,-0.51207024,-0.79888946
51764000,-0.08806969,-0.23602845,-0.34472796
51772000,0.2243181,-0.31319112,0.34975186
51776000,0.3647741,-0.5990526,0.29442278
51780000,0.26364824,-0.920153,-0.061449334
51784000,0.22044712,-1.196777,-0.21023759
51788000,-0.11836084,-0.82346946,-0.19177863
51796000,-0.72347355,-0.35333595,-0.8923995
51800000,0.37720025,-0.42247146,-0.6903875
51804000,0.439946,-0.80202585,0.029401198
51812000,-0.5754117,-0.5979028,0.3390274
51816000,-0.3289639,-0.19539887,-0.20202121
51820000,-0.008568823,-0.44446415,-0.16491134
51824000,0.40448812,-0.76547617,0.054907493
51828000,0.7150596,-0.69048035,0.16656841
51832000,0.50493413,-0.7889816,0.07498536
51836000,0.03938642,-0.7930632,-0.16607037
51840000,-0.26268762,-0.56146514,-0.39460516
51844000,-0.42009327,-0.843609,-0.51068807
51848000,-0.5330901,-1.2775099,-0.25928617
51852000,-0.6655445,-1.1905376,-0.1680944
51856000,-0.43334314,-0.829701,-0.52286446
51860000,0.17406406,-0.38357097,-0.19306928
51864000,0.3657837,-0.16075566,0.4333921
51868000,-0.14785224,-0.59856033,0.05484602
51872000,-0.613916,-0.90144354,-0.47220087
51876000,-0.61137986,-0.6285859,-0.27677402
51880000,-0.41971496,-0.47374648,-0.06532624
51888000,-0.37121564,-0.50326926,-0.45068413
51892000,-0.2995959,-0.78209555,-0.53556067
51896000,0.06478936,-1.1618547,-0.75021136
51900000,0.047162965,-1.1514082,-0.44498911
51904000,-0.12487907,-0.6380385,0.050463215
51912000,-0.06744146,0.09548008,0.064891934
51916000,0.11812315,-0.21592948,0.33385473
51920000,0.2825843,-0.20054725,0.3681089
51924000,0.15185258,0.119803295,0.03081955
51928000,0.18479441,-0.010403425,-0.3108575
51932000,0.20291474,-0.15176772,-0.48102653
51936000,-0.17532149,-0.44051805,-0.47939843
51944000,-0.48185048,-0.58765185,-0.092763156
51948000,-0.08444025,0.09076728,0.21363875
51952000,0.06882522,0.22417548,0.4963123
51956000,0.028769318,-0.20126575,0.2262076
51964000,0.09688118,-0.24376255,-0.60401857
51968000,0.27321932,-0.1258522,-0.8496308
51972000,0.20488276,0.21121469,-0.76096684
51976000,-0.32039693,0.40263742,-0.58998406
51984000,-0.047441334,-0.50928843,0.09134619
51988000,0.006631076,-0.04159379,0.8793636
51992000,0.12429643,0.14199385,0.8378129
52000000,0.49377248,-0.08624007,0.1567399
52004000,0.006158382,-0.0685176,-0.33085433
52012000,-0.5681919,-0.18871251,-0.7469416
52016000,0.082512915,0.23301917,-0.0896405
52020000,0.6192247,0.69399816,0.18975237
52024000,0.59969664,0.6793546,0.07389443
52028000,0.15319808,0.2792016,-0.27480412
52032000,-0.32473385,-0.14164351,-0.2856331
52036000,-0.41156107,-0.1309123,-0.13006486
52040000,-0.09855319,0.22213972,-0.13396154
52044000,0.21164387,0.41695684,-0.17942736
52048000,0.03609813,0.24807239,-0.52158624
52052000,-0.67179775,0.093802944,-0.64205885
52056000,-0.9852165,0.46807578,0.003783226
52060000,-0.6157268,0.9605575,0.670965
52068000,0.41755497,0.04275687,-0.244579
52072000,0.5660979,0.27598605,-0.61017627
52076000,0.003764898,0.6114825,-0.6638732
52080000,-0.24544649,0.20131023,-0.4249944
52084000,-0.07544939,-0.008083764,-0.065097116
52088000,0.159753,0.14858302,0.30911124
52096000,0.2389231,0.39325497,-0.19757682
52104000,-0.03726325,0.24834737,-0.19553016
52108000,-0.2023084,0.21731138,0.15676919
52116000,-0.668126,-0.025923014,0.04231929
52120000,0.1321052,0.16462818,0.23002985
52124000,0.26794472,0.47118542,0.1367378
52128000,-0.2635877,0.3442098,-0.014005646
52132000,-0.39587885,0.22758342,-0.15373725
52140000,0.10013106,0.045120396,-0.19125451
52144000,0.25441802,0.23316884,-0.15578602
52148000,0.42230272,0.26691878,-0.41668782
52152000,0.3599329,0.35697812,-0.5822783
52156000,0.08332872,0.53851134,-0.27386498
52160000,-0.32946756,0.39909056,0.012049358
52164000,-0.63531584,0.40849012,-0.10420139
52168000,-0.25671324,0.7003167,-0.31451982
52176000,0.046675146,-0.60170895,-0.004412025
52180000,-0.27359635,-0.23154359,0.28197637
52184000,-0.33554766,0.25340644,-0.11513449
52188000,-0.16172424,0.20274903,-0.6096809
52192000,-0.116599664,0.49009123,-0.41676307
52200000,0.34586203,0.66800797,0.51455605
52208000,0.24582236,-0.124332905,0.057400156
52212000,0.35728207,-0.43108255,-0.031040873
52220000,-0.86456573,-0.06949851,-0.47573245
52224000,-0.8354348,0.37772828,-0.83789355
52228000,-0.5185361,0.5757387,-0.8627854
52232000,-0.015956819,0.24630246,-0.13531515
52236000,0.5293191,0.2219323,0.74454266
52240000,0.66109496,0.65585405,0.7230679
52244000,0.26340073,0.7024759,-0.2545941
52248000,-0.24069375,0.4016156,-0.6534789
52252000,-0.33180985,-0.007401303,-0.11619772
52256000,-0.088263065,-0.25410244,0.19216466
52260000,-0.01645371,-0.113562405,0.027263861
52268000,-0.043554112,0.2929434,-0.41000253
52272000,-0.20330101,0.39812455,-0.34024012
52276000,-0.25346002,0.31408554,-0.44294128
52280000,0.110437945,-0.06929911,-0.52066445
52284000,0.22389069,-0.4641381,-0.31228966
52292000,-0.05389662,-0.25857806,-0.4676056
52296000,0.3115168,0.14364433,-0.1613927
52300000,0.3372205,-0.056860656,-0.17112681
52304000,0.014222361,-0.1975494,-0.29196888
52312000,-0.2983334,0.91591793,0.34973195
52320000,0.37404343,-0.24834879,-0.44828242
52328000,-0.32847342,-0.7441013,-0.044754967
52332000,-0.23415303,-0.21661167,0.4038548
52336000,0.0867235,0.08961417,0.32156748
52340000,-0.011597551,0.016978975,-0.18605787
52344000,-0.17517228,-0.12331739,-0.32838333
52348000,0.03925948,-0.2652132,0.08869386
52352000,0.10720463,-0.43461254,0.10999462
52356000,-0.1856114,-0.37783653,-0.21338072
52360000,-0.22817892,-0.16071486,-0.066909574
52368000,-0.016232207,0.57673454,-0.101090625
52372000,0.12653911,0.3613534,-0.4192501
52380000,0.22122513,-0.06957434,0.20107923
52384000,-0.17843671,0.028176865,0.22498949
52392000,-0.8493777,-0.30401233,-0.2996327
52396000,-0.4507331,0.089771345,0.1523464
52404000,0.03140012,0.1563771,-0.7302601
52412000,-0.3047557,-0.3341565,-0.11933549
52420000,0.72490585,-0.017443717,-0.5062896
52424000,0.66145575,0.05970952,0.03455937
52432000,0.38028878,0.17210329,0.029745802
52436000,-0.24076012,-0.07592532,-0.10921341
52444000,-0.6793263,0.19348702,-0.45737022
52448000,-0.36280113,0.012975812,-0.83420837
52452000,-0.073975906,-0.19821589,-1.0390224
52460000,0.5494453,-0.38205233,0.40850675
52464000,0.12407506,-0.60493,0.580146
52468000,-0.16170955,-0.23349553,0.3076529
52472000,-0.1624996,-0.13335346,0.082194924
52476000,-0.123128064,-0.28074223,-0.34668106
52480000,-0.23323566,-0.41151378,-0.7565499
52484000,-0.21183166,-0.21042936,-0.43559793
52488000,0.032202356,0.24769703,-0.011394413
52492000,0.26764253,0.27907166,-0.21321608
52496000,0.11977032,0.12842958,-0.4102819
52500000,-0.086144075,-0.05882121,-0.008657068
52504000,0.15936796,-0.01854112,0.23768759
52508000,0.3969667,0.17004114,0.08299159
52516000,-0.41863564,-0.37375996,-0.20124222
52520000,-0.03355494,-0.39665514,-0.19197668
52528000,0.11309275,-0.16836664,0.060013212
52532000,0.24497187,-0.08942798,-0.06711552
52536000,0.22209436,-0.2649365,-0.19505636
52544000,-0.21943113,-0.034862347,-0.103399165
52548000,-0.27983385,-0.213036,-0.04477207
52552000,-0.25044227,-0.14719205,-0.3208255
52556000,-0.43384802,-0.1540595,-0.5405434
52560000,-0.17348307,0.12965119,-0.56809413
52568000,0.30622962,-0.09948175,-0.12635857
52572000,0.037510604,0.22457626,0.15020445
52576000,0.0612993,1.1404456,-0.014362007
52580000,0.06847492,1.0288572,0.20933057
52584000,-0.1847108,-0.05839777,0.63782513
52588000,-0.23416343,-0.47109962,0.36216223
52592000,0.08921478,-0.53492105,-0.57470965
52596000,0.4738326,-0.86463094,-1.1144257
52600000,0.0821538,-0.5568474,-0.61352515
52604000,-0.5944972,0.15892367,0.20158279
52608000,-0.3843543,0.3451747,0.19407833
52612000,-0.06794545,0.43244025,-0.18920232
52620000,0.40883127,0.53356254,0.058999516
52628000,1.0735741,0.7749969,-0.6228076
52632000,0.4568651,0.51093686,-0.49441028
52636000,-0.3708281,-0.129998,-0.07345594
52640000,-0.91261554,-0.46559814,0.17304261
52644000,-0.7483669,0.010036245,0.050306477
52648000,-0.015458003,0.4379862,-0.21701424
52652000,0.3697468,0.35732454,-0.021120682
52656000,0.25781396,0.60239923,-0.023990959
52660000,-0.019360017,0.90482104,-0.5890975
52668000,-0.3797808,0.43400332,0.28562346
52672000,0.032261953,0.6632933,0.4032161
52680000,0.12544489,0.48783797,-0.44720533
52684000,0.0588568,0.68279374,-0.62285066
52692000,-0.25891882,0.83914447,-0.31720072
52696000,-0.09943288,0.2533069,-0.48174357
52704000,0.21798979,0.9860988,-0.45071474
52708000,-0.18631274,1.101252,-0.25259194
52712000,-0.37655154,0.69363225,0.051463917
52716000,0.048375174,0.12740633,0.020450026
52720000,0.42641738,0.17487594,0.20363489
52724000,0.31242347,0.7651717,0.5070675
52728000,0.23508297,1.0193197,0.19916692
52732000,0.007522177,0.9591753,-0.35610422
52736000,-0.3382468,0.5960735,-0.4670292
52740000,-0.070157394,0.006831855,-0.3818146
52748000,0.73401916,0.66996324,-0.4073203
52752000,0.4078596,0.54568756,-0.007530816
52756000,-0.25938487,-0.038971916,0.19653778
52760000,-0.6034875,-0.38623714,-0.07581479
52768000,-0.06319383,-0.29855016,-0.1965697
52772000,-0.020469833,-0.24296707,-0.33723286
52780000,0.35920656,-0.14539935,0.10249644
52784000,0.8750311,0.095986955,-0.08157065
52788000,0.75820863,0.092922345,-0.33375376
52796000,-0.2382283,-0.5635738,-0.33797884
52800000,-0.35072425,-0.77441907,-0.39273894
52804000,-0.3923483,-0.48814815,-0.04772584
52812000,-0.37285423,-0.89605784,-0.11974626
52816000,0.052651055,-0.6258422,-0.26692212
52820000,0.41837868,-0.23653983,-0.3166566
52824000,0.46562505,-0.76006114,-0.25862336
52828000,0.025156364,-1.473175,-0.021503074
52836000,-0.43745285,-0.7036474,0.79552686
52844000,-0.020476665,-0.5283266,-0.9626715
52848000,-0.15948457,-0.5791687,-0.5423902
52852000,-0.27608335,-0.9002823,-0.13261789
52860000,0.12370942,-0.9263264,-0.13596156
52864000,0.45745414,-0.9215485,0.43825248
52872000,-0.29642963,-0.7815976,0.5806449
52876000,0.19053406,-0.20072949,-0.081667244
52880000,0.32119527,-0.19137119,-0.5728984
52888000,-0.21948385,-0.88992834,-0.21880166
52896000,-0.38194534,-1.1349621,-0.62089986
52904000,-0.000608891,-1.5303959,0.44748443
52908000,0.20294371,-1.6490319,0.4398555
52916000,0.20128866,-0.88973963,-0.5908573
52920000,0.33276686,-0.8874883,-0.50128174
52924000,0.37507737,-0.9679582,-0.44276005
52928000,0.15829772,-0.8686023,-0.21596044
52932000,0.098490894,-0.8608302,0.27093273
52936000,0.04111104,-0.89945805,0.14859447
52940000,-0.11610847,-0.6050902,-0.24358895
52944000,-0.26002237,-0.3254604,-0.4088471
52948000,-0.4900273,-0.34725007,0.16452716
52952000,-0.37236565,-0.5606589,0.598684
52960000,0.43724176,-0.7720087,-0.556545
52964000,0.24325009,-0.4805014,-0.3962495
52968000,0.23433055,-0.590333,-0.037406325
52972000,0.48283434,-0.9488665,-0.05105979
52976000,0.20319167,-0.9710871,-0.24601215
52980000,-0.28826052,-1.0017577,-0.23781222
52984000,-0.16971752,-0.8693528,-0.1922826
52988000,0.26055095,-0.7146541,-0.012634888
52992000,0.30241007,-0.67698324,0.06107252
52996000,-0.048615135,-0.5265386,-0.14863558
53000000,-0.28729823,-0.4961731,-0.3949751
53008000,-0.13562833,-0.27694687,-0.22196586
53012000,-0.05387875,-0.45445022,-0.12121247
53016000,0.110146835,0.3266824,-0.0326545
53020000,0.009224981,0.8622246,0.026699008
53028000,0.27398515,-0.5136316,0.28443545
53032000,0.6221658,-0.36028212,0.34865916
53036000,0.700018,-0.010492221,0.152953
53040000,0.45874405,0.034949973,-0.32194284
53044000,-0.13666058,-0.23093387,-0.58291143
53048000,-0.48838326,-0.44990176,-0.3994594
53052000,-0.19866183,-0.2837934,-0.2273103
53060000,-0.07799354,0.8766195,-0.036551863
53064000,-0.17722608,1.0541563,-0.022326712
53068000,-0.40683255,0.8850105,0.4413458
53072000,-0.67355263,0.32965854,0.89955276
53076000,-0.11913411,-0.08988767,0.26427227
53080000,0.32794452,0.09748802,-0.6838298
53084000,0.10568632,0.44328734,-0.84962726
53088000,0.14072385,0.5470481,-0.8132765
53096000,-0.07666166,1.02911,-0.9347831
53100000,-0.56146055,0.8022176,-0.3404135
53104000,-0.34543636,0.38959283,0.42412
53112000,0.44530046,0.14719653,0.7187523
53116000,0.5117644,0.2632876,0.28236207
53120000,0.22970858,-0.004519783,-0.15505944
53124000,-0.25519645,-0.16699815,-0.5132314
53128000,-0.2930864,0.50989676,-0.5684352
53132000,0.062171757,1.3054305,-0.08405015
53136000,0.23941109,1.3112617,0.44507855
53140000,0.6377039,0.6859205,0.47725433
53144000,0.77103525,0.008869365,-0.15372969
53148000,0.22345483,0.02630768,-0.5353081
53152000,-0.14603573,0.44845504,-0.22053368
53156000,0.099900134,0.36911058,-0.1331726
53160000,0.45220247,0.41340283,-0.47051856
53164000,0.3009277,1.163871,-0.7460778
53168000,-0.08199645,1.3713787,-0.5515332
53172000,-0.30422175,0.5732748,-0.01562202
53176000,-0.34038913,-0.25446144,0.30378464
53180000,0.07638769,-0.6034465,0.37505317
53184000,0.62381524,-0.3494562,0.46440348
53188000,0.7012954,0.10981549,0.21575469
53196000,-0.19411731,0.74042463,-0.76120305
53200000,-0.033147044,1.0470742,-0.3703097
53204000,0.3345892,1.2055817,-0.16634193
53212000,-0.026118934,0.90672743,0.16945091
53216000,-0.021234851,0.13466758,0.15736346
53220000,-0.24131297,0.098409094,-0.2101022
53224000,-0.053771526,0.8747417,-0.40308437
53228000,0.27633047,0.8265972,-0.12737049
53232000,-0.002265513,-0.027879775,0.11087424
53236000,-0.27383202,-0.3986326,-0.027246237
53240000,-0.020663843,-0.10463163,-0.13114133
53244000,0.2920565,0.3785573,-0.18790956
53248000,0.055083588,0.59700507,-0.50598264
53252000,-0.31650394,0.4279443,-0.6308871
53256000,0.003503151,0.38271168,-0.2955318
53260000,0.56197834,0.6477878,0.16295344
53268000,-0.120688275,0.6976544,0.3055467
53272000,0.19748281,0.6760839,-0.3436427
53276000,0.33584878,0.68080574,-0.5056705
53284000,-0.49912262,0.53815734,-0.026522048
53288000,0.09620172,0.24714841,0.104705535
53292000,0.44787958,-0.08959592,0.5297732
53300000,0.105994835,-0.083970115,-0.17943016
53304000,0.051587895,-0.06783383,-0.47522792
53308000,-0.018559203,-0.21629938,-0.6882459
53316000,-0.3798294,-0.002220117,-0.7574335
53320000,-0.09994106,0.6348266,-0.40952975
53324000,0.51958597,0.56544864,0.35874957
53328000,0.86426175,0.04241368,0.994751
53332000,0.7574795,0.08031024,0.6239509
53336000,0.6235949,0.1527595,0.015890718
53340000,0.44581395,-0.1571152,-0.05244469
53344000,0.15785047,-0.082192436,-0.03081236
53352000,-0.50676095,-0.31573898,-0.6901256
53356000,-0.28356868,-0.44071385,-0.30276302
53360000,0.28373787,-0.28453332,0.2814436
53364000,0.30590764,-0.099266835,0.39488587
53368000,-0.080442145,0.014606502,-0.04061933
53372000,-0.09062915,0.15930709,-0.6291913
53376000,0.2982138,-0.014806129,-0.91014606
53380000,0.4679228,-0.25011018,-0.4120743
53384000,0.033669874,-0.001917213,0.27757
53388000,-0.16720939,0.18674573,0.31261638
53392000,0.42417753,0.24064058,-0.14307155
53396000,0.723281,0.22107427,-0.3979832
53400000,0.14520639,0.1664531,-0.13606778
53404000,-0.4573663,0.052384194,0.20018277
53408000,-0.53903246,-0.026561275,0.09673566
53416000,0.20446998,0.11350332,-0.27247846
53420000,0.952741,-0.0553635,-0.2499328
53424000,1.3317637,-0.17254658,-0.14713633
53428000,0.8030437,-0.32091653,-0.24929771
53432000,-0.18177526,-0.24735093,-0.12557837
53436000,-0.5454163,0.06433062,0.22309086
53440000,-0.42155305,0.52027977,0.28732416
53444000,-0.46282038,0.5333562,0.38608953
53448000,-0.2650118,-0.054833204,0.34742165
53452000,0.14266075,-0.49671036,-0.13114169
53456000,0.2700459,-0.2748635,-0.6283728
53460000,0.22253835,0.07424556,-0.64386386
53464000,0.23505834,-0.44173032,-0.4509627
53468000,0.07217689,-0.79610527,-0.290747
53472000,-0.10557231,-0.18081298,-0.062741995
53476000,-0.2809731,-0.028547548,-0.17099681
53484000,0.023846507,-0.37578493,-0.005964086
53488000,0.22999263,0.14292175,0.23765914
53496000,0.06585623,-0.27171183,-0.061751205
53500000,0.61298984,-0.61354375,-0.2665193
53504000,0.86137533,-0.59819067,-0.49976
53512000,-0.055298522,0.19582659,0.02399543
53520000,-0.07050586,-0.7349083,-0.21978275
53528000,0.4230067,-0.62732005,-0.38653305
53532000,0.5592109,-0.100505024,-0.15273148
53540000,-0.20165636,-0.06083212,0.36244866
53548000,0.25924128,0.4002371,-0.39311033
53552000,0.5324815,0.29306722,0.18096076
53556000,0.19729578,-0.3299603,0.23209274
53560000,-0.11432125,-0.69692445,-0.5158022
53564000,-0.25562313,-0.39965814,-0.83933413
53568000,-0.46651134,0.11715365,-0.33884677
53572000,-0.4109504,0.30769798,0.09959603
53576000,-0.1307442,0.14803514,0.38929582
53580000,0.0228698,-0.023843447,0.3558085
53584000,0.034794096,0.005295336,-0.21673487
53592000,-0.007541999,0.59621185,-0.035961904
53596000,-0.07588472,0.19419564,-0.010984666
53600000,0.19767138,-0.41848612,-0.5545123
53604000,0.6723925,-0.58561635,-0.57221097
53612000,0.2820824,-0.4641724,0.5799244
53616000,0.10186303,-0.31511304,-0.21305671
53624000,-0.48774657,-0.41718853,-0.010990068
53628000,-0.72027063,-0.15121502,0.21154314
53636000,0.4935645,-0.020747997,0.016532745
53644000,0.51588327,0.2873613,-0.22933397
53648000,0.2997544,0.6009405,-0.4343627
53652000,-0.19078715,0.4994464,-0.8683903
53656000,-0.65566003,-0.24319252,-0.66528344
53660000,-0.46103188,-0.7811489,0.5154104
53664000,0.2386334,-0.8169659,1.0023489
53668000,0.60755503,-0.4167774,0.37074938
53672000,0.5943852,0.16230273,0.07241647
53676000,0.53236455,0.36023885,0.054728713
53680000,0.18955451,0.09594059,-0.22113906
53684000,0.000211142,-0.107497245,-0.3393911
53688000,0.6178182,0.11126745,-0.33687025
53692000,1.039623,0.12233244,-0.5101627
53696000,0.38586932,-0.17270258,-0.57374376
53700000,-0.35138,-0.20015727,-0.26248038
53708000,0.019058667,-0.007361425,-0.15658283
53712000,-0.36817592,-0.18973847,-0.031925753
53716000,-0.3007505,0.08830648,0.22268546
53720000,0.042962044,0.63225013,0.09762667
53724000,-0.23649701,0.44910324,-0.13633591
53728000,-0.77821416,-0.13874586,0.08818583
53736000,-0.15958728,0.058049783,-0.3176437
53740000,0.46379185,0.24491069,-0.66389215
53744000,0.6161457,0.13894746,-0.12927024
53748000,0.4804873,0.015040476,0.4281193
53752000,0.4427065,-0.15893565,0.17030339
53756000,0.6351217,-0.20287788,-0.2282132
53760000,0.41606927,0.22402918,-0.4064583
53768000,-0.35852396,0.38637185,0.3839135
53772000,-0.28285834,0.4114975,0.61064684
53776000,-0.12614788,0.09984827,0.1997593
53780000,0.17019537,-0.27292466,-0.37088525
53784000,0.39545864,-0.42628607,-0.5680465
53792000,0.4310608,-0.57941175,-0.20621088
53796000,-0.06470536,-0.096414715,0.10375911
53800000,-0.35651025,0.2045548,0.16523638
53804000,-0.3232305,0.41617975,-0.12636836
53812000,-0.009961419,0.3666892,-0.33785343
53820000,-0.2979608,0.29029065,0.266982
53824000,-0.18947822,-0.006774664,0.09483053
53828000,-0.21215045,-0.00389383,-0.09267421
53832000,-0.042238273,0.23598243,0.04805895
53836000,0.71023726,-0.124592006,-0.19543782
53840000,1.2712575,-0.72761977,-0.95708644
53844000,0.99665874,-0.6845287,-0.82487094
53848000,0.31889164,-0.27942684,-0.06705602
53856000,-0.42067322,0.29585963,0.29664132
53860000,0.03700733,0.2600841,0.105298854
53864000,0.4511464,0.069829546,-0.12164295
53872000,0.076768935,-0.502009,0.21552014
53876000,-0.17583182,-0.16761513,0.53972316
53884000,-0.12984881,0.11864279,0.43244755
53888000,0.22379835,0.35005954,0.111255825
53892000,0.2739299,0.33824027,-0.29616255
53896000,0.15907557,0.30424163,-0.5018515
53900000,0.09706563,0.09839008,-0.37034512
53904000,0.09732728,0.0059889,-0.20938593
53908000,-0.056629576,0.2552078,-0.25252917
53912000,-0.047194336,0.551389,-0.549824
53916000,0.13270783,0.38214046,-0.42961895
53924000,0.23264661,0.026343785,0.2641303
53928000,-0.058568686,-0.15669465,0.32348973
53932000,-0.49349236,-0.41111383,0.25327486
53936000,-0.3597076,-0.20344318,-0.19677445
53944000,0.6749234,0.25624573,-0.6644764
53948000,0.6060046,0.116764344,-0.11556859
53952000,0.45664206,-0.022444895,0.19914159
53956000,-0.0638164,0.07828955,-0.15844247
53960000,-0.6312573,-0.07448503,-0.71617275
53964000,-0.43551275,-0.15904129,-0.6326148
53968000,0.24529132,0.26777172,0.15247522
53972000,0.149246,0.15373835,0.7592128
53976000,-0.34821606,-0.3405665,0.66013855
53980000,-0.26662686,-0.42784712,0.14696737
53984000,0.001623474,-0.25365245,-0.2875942
53988000,0.045470852,0.21359262,-0.3748996
53992000,0.10890047,0.55882925,-0.34794027
53996000,0.36259174,0.36709392,-0.35559916
54004000,-0.075389035,0.18076621,0.296193
54012000,0.5598827,-0.52832323,0.14096558
54016000,0.89954007,-0.28409374,0.026381934
54020000,0.24653766,-0.22718461,0.105348095
54028000,-0.5004532,-0.37172884,-0.08453627
54032000,0.258769,-0.36230922,0.19768758
54036000,0.73640263,-0.18003778,0.36556512
54040000,0.65891635,0.1557824,-0.1466136
54044000,0.4298936,0.37760952,-0.58287174
54052000,-0.551694,-0.06077131,-0.16498923
54056000,0.045861304,0.15619823,-0.007243961
54060000,0.65655804,0.15598698,-0.106534414
54064000,0.5517803,0.030941833,-0.24258578
54072000,0.19506156,-0.14856127,-0.23037751
54076000,0.37522203,0.06643271,-0.0838835
54084000,-0.48543665,-0.023460343,0.11498515
54088000,-0.3531707,0.12940791,0.30607715
54092000,0.18705204,0.408196,0.54062
54100000,0.2013435,0.5962192,-0.19913912
54108000,0.5489206,-0.3561536,-0.38640028
54112000,-0.21826191,-0.3838191,-0.10664738
54116000,-0.76979005,-0.12778753,0.212773
54120000,-0.55117494,-0.003383654,0.38356608
54124000,0.16394868,0.20596513,0.12358056
54128000,0.71540236,0.4320044,-0.24096134
54132000,0.5704787,0.111260384,-0.40605426
54140000,-0.0871677,-0.26631147,-0.46721062
54144000,-0.20451912,-0.7659056,-0.09780698
54148000,-0.28365996,-0.57137287,0.47827375
54152000,-0.29135177,0.21162914,0.5276115
54156000,0.14648277,0.41455072,0.04641229
54164000,0.24652699,-0.095162414,-0.30005404
54168000,-0.31345648,-0.20299327,-0.38973254
54172000,-0.33528578,-0.23768154,-0.29220712
54176000,0.15754321,-0.19779986,0.01375401
54180000,0.45183846,-0.42087615,0.4087592
54184000,0.116527215,-0.515836,0.45948672
54188000,-0.060262397,-0.14767252,0.25244966
54192000,0.13690332,0.001574367,0.012999171
54196000,0.09212755,-0.06608325,-0.20209216
54200000,-0.09898162,-0.008577565,-0.14051244
54208000,0.969078,0.086269215,-0.430493
54212000,1.2264353,-0.14113675,-0.27769026
54220000,-0.27170548,0.40296838,-0.112872735
54224000,-1.0760328,0.27821612,-0.0266594
54228000,-1.1028857,0.14835256,0.24198416
54232000,-0.50083494,0.32106894,0.12390153
54236000,0.42547148,0.5194884,-0.38481575
54240000,0.8993634,0.33687016,-0.5840172
54244000,0.813676,-0.11676574,-0.22611848
54252000,-0.21945813,0.029807363,0.29408112
54260000,0.22021396,-0.69873923,-0.5495675
54264000,-0.003365427,-0.6889852,-0.40032184
54268000,-0.011410564,-0.23501202,0.009708494
54272000,0.060534216,0.10502429,-0.02055867
54276000,-0.26921383,0.33945936,-0.43036202
54280000,-0.37526837,0.4476462,-0.3718577
54284000,-0.086770624,0.49024114,0.3015594
54288000,0.09030994,0.6183565,0.7217443
54292000,0.03542445,0.25696433,0.32746542
54296000,0.3283471,-0.5353792,-0.33208257
54300000,0.7951415,-0.9034728,-0.39564982
54304000,0.83441794,-0.5407686,-0.027015358
54308000,0.44184774,0.1302961,0.16376731
54312000,0.05810783,0.22970676,0.23501542
54316000,-0.006731637,-0.14198652,-0.017108168
54320000,-0.19151843,-0.1583189,-0.66588473
54324000,-0.39362654,0.1691094,-0.63789606
54328000,-0.36085308,0.37467474,-0.0457865
54332000,-0.21879199,0.10509112,0.1946261
54336000,0.062342696,-0.5171771,0.18860497
54340000,0.39446855,-0.8775006,-0.06363621
54344000,0.59618664,-0.5255857,-0.49772194
54348000,0.5396393,-0.08674428,-0.76309496
54356000,0.23383798,0.3905614,-0.24553981
54360000,0.007439755,0.35987353,0.6129935
54364000,0.063882545,-0.09282063,1.1401887
54368000,-0.30223444,-0.30003572,1.2124516
54372000,-0.5593004,-0.025890276,0.9400586
54376000,-0.1842595,0.48716944,0.06176141
54380000,0.22185487,0.7573112,-0.6913454
54388000,0.32267454,0.01788348,0.05803901
54392000,0.2464768,-0.36320615,0.006448731
54400000,0.054968245,-0.5399184,-0.066236384
54404000,-0.29555106,-0.34124786,-0.40648514
54408000,0.15073326,0.22528875,-0.48703873
54416000,0.090616256,0.42327097,-0.27173513
54420000,-0.39139572,-0.18813096,-0.52207595
54428000,0.3199181,0.1852748,-0.27467743
54432000,0.079414405,0.42130545,0.23499854
54440000,-0.25191906,0.050763942,0.46894607
54448000,0.4175472,-0.5859918,-0.1500197
54456000,0.2263994,-0.049440913,0.32478312
54460000,-0.22927445,0.19911383,-0.051033705
54468000,-0.46155825,0.18018523,-0.36851335
54472000,-0.0410195,0.13154848,-0.022147194
54476000,0.19499704,-0.15315032,-0.15764229
54484000,0.221605,0.055825472,0.22196293
54492000,0.8286879,0.16615327,-0.34158528
54496000,0.60418725,0.030945852,-0.3843209
54500000,0.10435389,-0.32426956,-0.03292419
54504000,0.093137056,-0.4721365,0.264665
54508000,0.36746007,-0.13596398,0.19477516
54516000,-0.1579018,0.35652974,-0.49269983
54520000,-0.22411463,0.118239954,-0.0457552
54524000,-0.075900115,-0.22893651,0.4903265
54528000,0.07563129,-0.29529062,0.5629438
54532000,-0.17433631,-0.07338689,0.30742344
54536000,-0.816804,0.1603826,0.43386498
54544000,0.4275179,-0.32148826,-0.009430587
54552000,0.05655825,0.46131495,-0.76387167
54560000,0.21223865,0.45291817,0.16489401
54564000,0.61787313,0.19781794,0.26701635
54568000,0.4240415,-0.37035543,0.054622352
54572000,0.30805102,-0.9822352,-0.25553742
54576000,0.39618284,-0.9032476,-0.43719083
54580000,0.095589206,-0.36403954,-0.32180363
54584000,-0.3376041,0.008446965,-0.10863284
54588000,-0.7382191,0.3185964,-0.22529575
54596000,0.3270693,0.124654755,0.034098193
54600000,0.57570416,-0.023791324,0.5036336
54604000,0.31940702,-0.2948518,0.43241727
54612000,0.50411123,0.7501182,-0.05902179
54616000,-0.014093965,0.7975527,0.031633116
54620000,-0.3891021,0.44984314,0.16659683
54624000,-0.15557061,0.46668792,0.1244047
54628000,0.019760346,0.6151154,-0.09435058
54632000,-0.26678675,-0.019618124,-0.36017403
54636000,-0.44091988,-0.6321713,-0.5288787
54640000,-0.22871697,0.0064601,-0.43312082
54644000,0.17499715,1.0083725,-0.13583219
54648000,0.41988856,0.8200041,0.10195248
54652000,0.47612023,-0.033418268,0.19579042
54660000,0.49063528,0.5872408,0.17453714
54664000,0.3432476,0.33101776,-0.04443841
54668000,-0.006167144,0.15566657,-0.43544132
54672000,0.051352896,0.15686178,-0.21433409
54676000,0.37380958,0.56695074,0.09846286
54680000,0.3134267,0.7357419,-0.20087846
54684000,0.1428132,0.35678422,-0.29191592
54692000,-1.0293067,0.9724435,0.2414494
54696000,-0.26956618,0.6576065,0.5188574
54700000,0.7162162,0.16710943,0.7566714
54704000,0.676337,0.3092703,0.28714317
54708000,0.17973566,0.8373379,-0.49584925
54712000,-0.07733145,0.9397733,-0.8959141
54716000,0.1363536,0.8704858,-0.61013377
54720000,0.5493118,1.2581183,-0.12945458
54724000,0.39896762,1.633495,-0.008948896
54728000,0.08897562,1.1567411,-0.08624722
54732000,0.14508328,0.31094941,0.048304148
54736000,0.006327003,-0.029864538,0.5631694
54744000,0.033362597,0.98337275,0.47795504
54748000,-0.35028112,1.1856146,0.00740514
54752000,-0.59258753,0.8896791,-0.44945922
54756000,-0.22476135,0.292261,-0.425503
54764000,0.3929197,0.45748764,-0.4086707
54772000,0.8044999,-0.22532879,-0.28637266
54780000,0.19575435,0.27978116,0.050165918
54784000,-0.11184593,0.6965937,-0.056166835
54788000,-0.40064278,0.56821024,-0.036835074
54792000,-0.47425878,-0.007907718,-0.03476031
54796000,-0.19044107,-0.30353713,-0.044396415
54804000,0.20358747,-0.07939419,0.03921216
54808000,0.16973785,-0.26706427,0.43529367
54812000,-0.09501621,-0.624022,0.51740193
54816000,-0.27621946,-0.8578135,0.1679633
54820000,-0.2656467,-0.70165586,-0.1253609
54828000,0.095541775,0.022295795,0.21178186
54832000,0.77006626,0.1653367,0.5164371
54836000,1.1390612,0.009272274,0.19687322
54840000,0.6151154,-0.8620666,-0.18492138
54844000,-0.13928583,-1.4132946,-0.21565661
54848000,-0.21093208,-1.2253294,-0.26008978
54856000,-0.69534326,-0.43822387,0.03531833
54860000,-0.6849544,-0.0193438,-0.10825117
54864000,-0.18062072,0.044376966,0.17470033
54872000,0.82629013,-1.6894406,-0.07512894
54876000,0.7764002,-1.3147985,0.050403997
54880000,0.80023706,-0.6104899,0.070630565
54884000,0.6648643,-0.85398036,-0.04114501
54888000,0.05954361,-0.8650027,0.033036746
54892000,-0.59842104,-0.5165485,0.2899746
54896000,-0.94154763,-0.9136967,0.3620774
54900000,-0.80357707,-1.4156876,-0.18044618
54904000,-0.15426128,-1.2828469,-0.5583743
54908000,0.36065358,-0.972279,-0.3131945
54912000,0.62981445,-1.0188427,-0.033538952
54920000,0.36154073,-0.8124204,-0.16952053
54924000,0.40020582,-0.89405173,-0.07518814
54928000,0.72708666,-1.0509223,-0.050350625
54936000,0.005114526,-0.8242022,0.02073209
54940000,-0.58693594,-0.8617993,-0.015853658
54944000,-0.5057156,-1.2233377,0.2737482
54948000,0.111658335,-1.4492465,0.6125783
54956000,0.6842733,-1.1705618,-0.030407146
54964000,-0.044495523,-0.67304164,-0.6158488
54968000,0.19925037,-0.57217544,-0.117721245
54972000,-0.20453784,-0.88339984,0.18160614
54976000,-0.74101514,-1.2812701,0.1340237
54980000,-0.5287757,-1.3059725,0.20628643
54984000,-0.1283282,-1.2497668,0.2684299
54988000,-0.21722704,-1.3431396,0.23634729
54992000,-0.101940416,-1.1292474,0.056028903
54996000,0.24344875,-0.6637798,-0.45366675
55004000,0.38271695,-0.6390939,-0.31879556
55008000,0.18249258,-0.7846599,0.20143782
55012000,0.19317344,-0.64732635,0.3975523
55016000,0.41693273,-0.5011582,0.2894184
55020000,0.32808083,-0.44679683,0.11913361
55024000,-0.1492839,-0.29367244,0.13000597
55032000,0.2055082,-0.45116556,0.111249834
55036000,0.32249856,-0.87588114,-0.3833829
55040000,0.030009687,-0.93553805,-0.752589
55044000,-0.08267221,-0.7845258,-0.4418931
55048000,0.14063913,-0.6364635,0.13556185
55052000,0.2252419,-0.5461836,0.013908371
55060000,0.23403087,-0.33736983,0.59644115
55064000,0.5749575,-0.34111208,0.76032877
55068000,0.07915519,-0.27749446,0.60739726
55072000,-0.55195403,0.2024654,0.019481495
55076000,-0.39958483,0.4755449,-0.6061706
55084000,0.34688824,0.026415609,-0.25795746
55088000,0.3809472,-0.3736977,-0.19046114
55092000,0.20164618,-0.33358777,0.079875045
55096000,0.18326908,0.09520368,0.032164194
55104000,-0.4153941,-0.025268212,-0.2371809
55108000,-0.151063,-0.07361999,-0.074398816
55112000,0.4264938,0.07895248,0.21415032
55116000,0.6368722,0.4505216,0.35625756
55120000,0.2840649,0.7940087,-0.107462615
55124000,0.031751104,0.55850464,-0.18314128
55128000,0.073962405,0.31715697,0.028105363
55136000,-0.029971749,-0.13210066,-0.36098722
55140000,-0.11560194,0.12956628,-0.053301495
55144000,-0.08457751,0.37208697,0.19893415
55148000,-0.4187712,0.52619225,0.13943079
55152000,-0.38298875,0.81052756,-0.18179959
55160000,0.045512892,0.75003135,0.5513021
55164000,0.34513524,0.6609372,0.94256437
55172000,0.212513,0.35176572,-0.9939799
55176000,0.11251895,0.024097078,-1.0558535
55180000,0.16931216,0.2512269,-0.41847923
55184000,0.5979654,0.36567777,0.12914921
55188000,0.7258917,0.28499097,0.27407902
55192000,0.24760377,0.48741457,0.3100698
55196000,-0.05125723,0.7863859,0.5110741
55200000,-0.09959632,0.81401145,0.56500864
55204000,0.0333874,0.54356813,0.31597775
55208000,0.15339771,0.43142045,0.17816925
55212000,-0.058889043,0.35471284,-0.14837724
55216000,-0.12264625,0.17277405,-0.80530494
55220000,0.10324624,0.5476246,-1.0130227
55224000,-0.037641503,0.93170965,-0.4588683
55228000,-0.35054347,0.7213597,0.2838809
55232000,-0.17214799,0.47191703,0.8821453
55236000,0.11170548,0.65283906,1.091069
55240000,0.078147724,0.93774104,0.6685882
55244000,-0.14138544,0.7644478,0.21520694
55248000,-0.25697908,0.72802514,-0.30563995
55256000,0.9071753,0.6667996,-0.8995224
55260000,0.598371,0.8201511,-0.03682533
55264000,0.07455593,1.0934896,0.63357157
55268000,0.06431238,0.57864964,0.7836052
55276000,-1.0279934,0.19800302,-0.32986882
55284000,0.059001803,0.6245758,-0.27542627
55288000,0.43202364,0.87520254,0.14099163
55292000,0.22843054,0.93744403,-0.060883656
55296000,0.24043666,0.81496996,-0.62281525
55300000,0.06696616,0.51780725,-0.58363616
55308000,0.3180912,0.73073983,-0.18186122
55312000,0.33487797,0.49206728,0.2411839
55316000,0.06960802,0.25526565,0.70085245
55320000,-0.04260536,-0.006999418,0.20674388
55324000,-0.20811701,-0.032937396,-0.52465594
55332000,0.37771803,0.4229829,-0.20043574
55336000,0.34489495,0.66456467,0.096905604
55344000,-0.24157113,0.10362507,0.42166594
55348000,0.10602361,-0.15928173,0.38986534
55352000,0.4043857,0.0140552,0.054992206
55356000,-0.05242051,0.18310508,-0.058977485
55364000,0.00728403,0.20875144,0.22012615
55368000,0.147788,-0.028741993,0.21918078
55372000,0.10066642,-0.31192428,-0.002319872
55376000,-0.057889916,-0.26368383,-0.28502414
55384000,-0.031211808,0.19553822,-0.38217703
55388000,0.14260615,-0.32651305,0.09225848
55392000,0.2632899,-0.2854648,0.2661498
55400000,-0.35384834,0.5525726,-0.03810401
55404000,-0.4006427,0.60786843,0.21360376
55408000,0.22023407,0.3998831,0.225052
55412000,0.7984122,0.43454158,0.040632606
55420000,0.41830754,0.975199,-0.11235344
55424000,0.3938385,0.24604523,0.011732373
55428000,0.12525405,-0.47068477,0.41691312
55432000,-0.1361761,-0.96465397,0.550138
55440000,0.036822356,-0.31651613,-0.14055815
55444000,-0.18167293,-0.13350332,-0.70619845
55448000,-0.6112066,0.35905617,-0.95487154
55452000,-0.60712546,0.43176645,-0.4678107
55456000,-0.018838748,-0.097139776,0.2826445
55464000,0.8352478,-0.18996489,0.34978628
55468000,0.495553,-0.3044556,0.21318315
55476000,0.26440004,0.44246772,0.35905164
55480000,0.4702832,0.074515745,0.27475742
55484000,-0.11893135,-0.43765062,-0.17048728
55488000,-0.7769542,-0.54027957,-0.63618225
55492000,-0.7280152,-0.26565266,-0.21191755
55496000,-0.13665675,0.21046127,0.39658394
55500000,0.41922483,0.65970564,0.28216517
55504000,0.41263914,0.2318246,-0.15709987
55508000,-0.052231416,-0.8387414,-0.33084556
55512000,-0.13935149,-0.97396386,-0.42433256
55516000,0.23821256,-0.10991803,-0.1823114
55520000,0.22218785,0.30848795,0.43229088
55528000,0.4381664,-0.27461877,0.2989654
55532000,0.7330955,-0.007772714,0.2885562
55536000,0.22884688,-0.50728524,0.2531372
55540000,-0.3983657,-1.050296,0.097490355
55544000,-0.7207935,-0.65269387,-0.1555302
55548000,-0.47421885,-0.12437818,-0.52397835
55552000,0.23425522,-0.078380495,-0.5589654
55556000,0.57184523,0.23121321,-0.321866
55560000,0.41196606,0.5621335,-0.22883214
55564000,0.10268551,0.27672622,0.015191197
55568000,-0.3014108,-0.21183614,0.48948586
55572000,-0.391532,-0.4377485,0.73040485
55576000,-0.30737418,-0.14728996,0.3550128
55580000,-0.22370854,0.03669393,-0.018138267
55584000,0.05002725,-0.12380058,-0.042979203
55588000,0.2108048,-0.12403479,-0.12759453
55592000,0.09468996,-0.08205328,-0.38676408
55600000,-0.33180025,-0.18736589,0.21226339
55604000,0.14215109,-0.30205184,0.7228716
55612000,0.092315756,-0.09459776,-0.3515982
55616000,0.1838015,0.23662542,-0.48121712
55624000,0.3228541,0.66754866,-0.07591183
55628000,0.33720222,0.5128616,0.057957407
55632000,0.24513087,0.13621098,0.38429555
55636000,0.16045305,-0.57319677,0.5977999
55640000,0.10493693,-0.8505812,0.22027346
55644000,-0.31321368,-0.11059955,-0.28598198
55648000,-0.7220838,0.6363486,-0.53189903
55652000,-0.60950494,0.22583075,-0.62385637
55656000,-0.5200102,-0.1657944,-0.5148765
55660000,-0.1251518,0.115814924,-0.2571489
55664000,0.46289092,0.5225297,0.38081288
55668000,0.444887,0.78031415,0.53640807
55672000,0.03793475,0.34712243,-0.050453484
55676000,-0.043335427,0.005164892,0.06288929
55680000,0.2938198,0.15569365,0.50971085
55684000,0.30052865,0.14965571,0.44905835
55688000,0.05977751,0.11859453,0.4316319
55692000,-0.12134862,0.20669392,0.26519716
55696000,-0.08276472,0.50365055,-0.40154105
55700000,0.4338563,1.0221287,-0.63159925
55704000,0.60198605,1.0620987,-0.45561206
55708000,0.13824977,0.83187807,-0.34240946
55712000,-0.20459095,1.0523102,0.02702187
55716000,-0.25852743,1.2566931,0.33636364
55720000,-0.04838043,1.3037249,0.36469942
55724000,0.1776551,0.96826464,0.175677
55728000,0.018158093,0.3187605,-0.35947907
55732000,-0.2957574,0.35495618,-0.6281513
55736000,-0.3191204,0.66714144,-0.26340863
55740000,0.030195393,0.60644174,0.062700905
55748000,0.8268764,0.9610584,0.325244
55756000,0.2628606,0.13878217,-0.10862614
55764000,-0.3950317,0.8949824,-0.14702344
55768000,-0.85787094,0.94152844,-0.2252621
55776000,-0.027504891,-0.31049123,0.43197265
55784000,0.7112396,0.48866063,0.66744196
55792000,-0.3794647,0.44235486,0.28938422
55796000,-0.38762373,0.39491522,-0.18837757
55800000,-0.093215644,0.17768067,-0.500729
55804000,0.2501835,-0.021240585,-0.7472389
55808000,0.60546297,0.048216328,-0.73463774
55812000,0.37173805,0.1340388,-0.39125273
55816000,-0.18777262,0.10807848,0.19475457
55820000,-0.3839516,-0.017671065,0.71920556
55824000,-0.020753995,-0.38477805,0.45871875
55832000,0.27935457,-0.9489399,-0.35691366
55836000,0.08086924,-0.7168164,-0.103403926
55840000,0.044284165,-0.44706556,0.17453077
55848000,-0.21870427,-0.27504313,0.059700925
55856000,-0.053186968,-0.18442565,-0.13555568
55860000,0.2971185,-0.59290105,-0.17234728
55868000,1.1162146,-1.0093931,0.1653488
55872000,0.8338483,-1.0826166,0.33405784
55876000,-0.052161604,-1.0458179,0.4425184
55884000,-0.9033589,-0.5057648,-0.108700305
55888000,-1.059453,-0.579988,-0.1428257
55892000,-0.7848784,-0.63221705,-0.24047531
55900000,0.5669657,-0.61532056,0.26260176
55904000,0.63229936,-0.7280133,0.006828778
55908000,0.4754032,-0.96740395,-0.20972909
55912000,0.20140347,-1.1875278,0.07530615
55920000,0.6991873,-1.0345162,0.505978
55924000,0.41737843,-1.1223972,-0.13935877
55928000,0.16571423,-1.2225677,-0.63356686
55936000,0.2911207,-0.7559417,-0.07188669
55940000,0.3191536,-0.47915092,-0.047749847
55944000,0.007707238,-0.511306,-0.27473807
55952000,-0.17255227,-1.4480171,0.7144718
55956000,-0.010327283,-1.4251933,0.48336902
55960000,-0.03745445,-1.3558221,0.41676345
55964000,-0.05338486,-1.2803885,0.5357607
55968000,-0.20624344,-1.0757788,0.29845935
55972000,-0.4747755,-0.66901004,0.016699538
55980000,-0.030541137,-0.52905357,-0.5432951
55984000,0.40720555,-0.83756477,-0.79187614
55988000,0.27750725,-1.1655554,-0.52386403
55992000,-0.14206028,-0.99194276,-0.20262522
55996000,-0.13954377,-0.79654235,0.13375334
56000000,0.15229909,-0.7279645,0.47364935
56008000,0.3423418,-0.7753926,-0.06395337
56016000,0.52029157,-0.9449013,0.37416664
56020000,0.29055867,-0.66523945,-0.06811023
56024000,-0.069423795,-0.4798981,-0.40383208
56028000,-0.22119838,-0.46342224,-0.39390528
56032000,-0.08803037,-0.49166486,-0.27522653
56036000,0.024142992,-0.47994578,-0.40275812
56040000,0.06009354,-0.58212584,-0.40542048
56044000,0.16401117,-0.5661205,-0.105849445
56048000,0.30604655,-0.24074847,0.20999947
56052000,0.112855956,-0.32300633,0.41632336
56056000,-0.071665496,-0.8400059,0.48637468
56060000,0.2568732,-0.9283811,0.45868146
56068000,0.045710586,-0.66816795,-0.080317184
56072000,-0.21739797,-1.0910103,-0.098759085
56076000,0.07406317,-0.4940471,0.1366775
56080000,0.022218138,0.7810093,0.2556198
56084000,-0.31329817,0.9825913,0.13553378
56088000,-0.3082673,0.24965276,-0.30936524
56092000,-0.43107635,-0.21401261,-0.6728099
56096000,-0.17699225,-0.34698355,-0.4499883
56104000,0.3240009,0.011504054,0.23226714
56108000,-0.0657611,0.13577996,0.3481409
56112000,0.17797767,-0.012012456,0.58477205
56116000,0.3246593,0.112051524,0.60945123
56120000,-0.061006144,0.27961013,0.16206369
56124000,-0.4225796,-0.07810031,-0.24554327
56128000,-0.24495605,-0.2321313,-0.30650753
56132000,0.037022445,0.075430766,-0.18218602
56136000,0.35568285,0.10849237,0.17453192
56140000,0.6766956,-0.10361773,0.17731708
56144000,0.44326586,0.16907474,-0.21539117
56148000,0.093771145,0.6562562,-0.26777828
56152000,0.07208168,0.67583466,-0.15371382
56156000,-0.056658123,0.6188802,-0.046855163
56160000,-0.21294664,0.428595,0.24218784
56164000,-0.056455165,-0.018914588,0.30694225
56168000,0.20117188,0.006571551,0.13345201
56172000,0.3164297,0.66285485,0.20627268
56176000,0.027683295,1.1725631,0.19343059
56180000,-0.4467275,0.9513629,0.14141232
56184000,-0.5847282,0.13992438,0.28131774
56192000,-0.46313998,0.65530956,-0.37118858
56196000,-0.38388774,1.089689,-0.46114945
56200000,-0.6024786,1.0088295,-0.11712359
56204000,-0.6824386,0.7798605,0.20993204
56212000,-0.14067847,0.123348914,-0.34992653
56220000,0.3076242,0.52521265,0.46227354
56224000,0.18615627,0.21939921,0.41792238
56228000,-0.06923251,-0.004355028,-0.31700084
56236000,0.15814248,0.81527126,-0.08655414
56240000,-0.29175672,0.96530735,0.28204817
56244000,-0.79002166,0.749213,0.00726983
56248000,-0.37961176,0.6751149,-0.10049199
56252000,0.29105508,0.7755101,-0.14318676
56260000,0.70336103,0.12850256,0.03382399
56264000,0.17782488,0.6728133,0.11505396
56268000,0.1054313,1.2989659,0.06144364
56276000,0.16006592,0.44131187,0.5484718
56280000,-0.057989046,0.54829425,0.4872439
56288000,-0.4029013,0.87525046,0.059167627
56292000,-0.17900945,1.1425513,-0.07685026
56296000,-0.040961005,0.90301764,-0.08041037
56300000,-0.10456856,0.6025983,0.03454675
56304000,-0.029664708,0.3361621,-0.07111962
56308000,0.004860986,0.060884297,-0.1972284
56312000,0.18090333,0.21058504,-0.1371761
56316000,0.38116887,0.10683699,-0.26264626
56320000,-0.26696596,-0.06148582,-0.31914565
56324000,-0.88699394,0.50825125,-0.06667339
56328000,-0.55082774,0.8052196,0.0795961
56332000,0.023333907,0.3027669,0.121021114
56340000,0.47566652,0.70626074,0.3004607
56344000,0.13186575,1.0117912,0.41168424
56348000,-0.0600882,0.49745172,-0.046492994
56352000,-0.013458597,-0.19906732,-0.29714826
56356000,0.15335259,-0.12519768,0.34166253
56360000,0.123923376,0.17916036,0.5697291
56364000,0.005624289,0.14015932,-0.12354794
56368000,-0.093983576,-0.020126596,-0.5719961
56372000,0.054089524,-0.1770347,-0.55457306
56376000,0.59476435,-0.04493774,-0.3534581
56380000,0.66275424,0.50610477,-0.012033191
56388000,0.051263977,0.5590933,0.32450792
56392000,-0.3565151,0.37451994,0.24898112
56396000,-0.62742996,0.018254861,0.41095862
56400000,-0.57558703,-0.32674858,0.43381935
56404000,-0.22778672,-0.53528816,0.24965402
56408000,0.037437454,-0.06681904,-0.04148843
56412000,-0.4267047,0.64133936,-0.4417842
56416000,-0.6132104,0.7525391,-0.49626154
56420000,-0.051861614,0.38059318,-0.006163627
56424000,0.35227662,-0.026361272,0.29260135
56428000,0.3100859,0.07308801,0.36726445
56436000,-0.052822232,0.14758703,-0.54192543
56440000,-0.07702442,0.24875495,-0.6498849
56444000,0.06926583,0.5228227,-0.14653185
56448000,0.05452009,0.28301412,0.41060117
56456000,0.113852955,-0.83446956,0.56440425
56460000,0.43278903,-0.6640024,0.52005017
56464000,0.37140176,-0.19201057,-0.17127305
56468000,0.16939959,0.19754426,-0.62780905
56472000,0.0482481,0.29162022,0.016124561
56476000,-0.07320257,0.08165319,0.6359038
56480000,0.040216245,-0.24366277,0.20926669
56488000,0.29420397,-0.23710805,0.004677013
56492000,-0.19902459,-0.20767903,0.004186682
56496000,-0.511253,-0.33350903,-0.1388352
56504000,-0.16211602,0.008461393,-0.41077286
56508000,0.16761716,0.13280821,-0.0464321
56512000,0.3029733,-0.2206711,0.39979336
56516000,0.37282914,-0.57216626,0.2158241
56520000,0.09246982,-0.51146483,-0.32409346
56528000,-0.34723878,0.4173569,-0.24237505
56532000,-0.2848311,0.64042425,-0.083672024
56536000,0.026871704,0.16395465,0.28989658
56540000,0.1012379,-0.4671311,0.6164957
56548000,0.030024335,-0.4208625,-0.11091006
56552000,0.45307356,-0.7363102,0.003117241
56556000,0.42052612,-0.6049571,0.20873946
56560000,0.30219436,-0.30829105,0.17018326
56564000,0.092193946,-0.27464694,0.029429466
56568000,-0.4072667,-0.16557258,-0.13763115
56572000,-0.57967377,0.26669568,0.031356826
56580000,0.22625342,0.22890717,0.12018141
56588000,0.10202707,0.00270905,-0.5353584
56592000,-0.16789368,-0.2881387,-0.23016928
56596000,0.12199694,-0.34236187,0.26755238
56600000,0.16692927,-0.03871648,0.8113034
56604000,-0.34637845,0.38910747,0.9884695
56608000,-0.67949903,0.5427786,0.980656
56612000,-0.41616344,-0.008408248,0.63138795
56616000,0.39630574,-0.42513597,-0.3485183
56620000,0.913639,-0.008879811,-1.1799755
56624000,0.6750227,0.51219344,-1.2378775
56628000,0.003857553,0.1692828,-0.88586307
56632000,-0.46915138,-0.50636744,-0.306211
56636000,-0.2809133,-0.42596933,0.19257402
56640000,-0.0466111,-0.13336462,0.26965982
56648000,0.9111774,0.13688686,0.168939
56652000,0.5579637,0.58084804,0.05172192
56656000,-0.53149164,0.5925226,-0.061090343
56660000,-0.8478092,0.29031527,0.04370519
56664000,-0.44170466,0.4229572,0.51258725
56668000,0.08223663,0.6844785,0.7930021
56672000,0.39896178,0.32659617,0.31910688
56680000,-0.26713854,0.07384487,-0.28089815
56684000,-0.42757678,0.5741752,0.14304098
56688000,-0.08130048,0.9615975,0.20055005
56692000,0.29588956,0.59196675,-0.037468016
56696000,0.289941,-0.033599377,0.11508234
56700000,0.16281644,0.3571427,0.04573927
56704000,0.30727792,0.92115045,-0.45417926
56708000,0.46398002,0.6418474,-0.5813124
56712000,0.13165484,0.2652941,-0.16189796
56716000,-0.627203,0.6031296,0.21500172
56724000,0.13022259,1.3855679,0.6029493
56728000,0.22611067,0.8544742,0.079371184
56732000,-0.2162387,0.4248631,-0.21250448
56740000,-0.444081,-0.11931464,0.029747918
56744000,-0.19823761,0.08807862,-0.15525791
56748000,0.17203052,0.5453587,-0.16424167
56756000,0.34317836,0.76987165,-0.09656779
56760000,-0.12081147,0.82152534,-0.06874623
56764000,-0.08198742,0.89235544,-0.026454825
56768000,0.24660954,0.9010785,0.17944984
56772000,0.54660684,1.031317,0.5770607
56776000,0.76570994,1.248071,0.41250736
56780000,0.6245821,0.8032247,-0.124515906
56788000,-0.54688185,-0.12934363,-0.24047777
56792000,-0.66662407,-0.09497297,-0.3560997
56796000,-0.57152057,0.13175164,-0.41693485
56800000,-0.72934574,0.5528969,-0.39300668
56804000,-0.65688884,0.9127999,-0.2669002
56808000,-0.1726812,0.6467521,0.067622185
56816000,0.7650997,0.2980199,0.023855634
56820000,0.9266662,0.72313654,0.036940794
56824000,0.46181902,0.3985017,0.3243811
56828000,-0.17794861,-0.5050256,0.60522825
56836000,-0.5244476,-0.2142966,0.2337591
56840000,-0.12299931,-0.42248964,-0.29825076
56844000,0.3575141,-0.49751896,-0.39427334
56852000,0.27139878,-0.25187427,-0.05140544
56860000,-0.21051137,-0.19226442,0.26723635
56864000,-0.28160173,-0.87132585,0.29385936
56868000,0.027121022,-1.1125506,-0.17646289
56872000,0.3078968,-0.54749596,-0.49789804
56880000,-0.33473158,0.41362315,0.72180915
56888000,-0.4624468,-1.3161259,0.059246525
56892000,-0.0755146,-2.0009089,-0.1073589
56896000,0.44211945,-1.4783735,-0.3244182
56904000,1.2690561,-0.15743074,0.12850821
56908000,0.24559309,-0.427829,0.7981645
56912000,-0.58980507,-0.87075645,0.72263134
56916000,-0.8291981,-1.3868357,0.23594595
56920000,-0.78419876,-1.4087986,-0.40329504
56924000,-0.62726706,-1.0963908,-0.6840588
56928000,-0.31611276,-1.0740119,-0.44757742
56932000,0.45304817,-0.9252355,-0.06586161
56936000,0.70187896,-0.44494885,0.33469105
56940000,0.119287774,-0.15587032,0.4742214
56944000,-0.1709843,-0.38952446,0.06854958
56948000,-0.22973794,-1.1878036,-0.3935573
56952000,-0.17921282,-1.6962172,-0.41823375
56960000,0.49443224,-1.6223575,-0.33659798
56964000,0.78095436,-1.3576293,0.04631424
56968000,0.47879753,-0.6707258,0.11680089
56972000,-0.10052879,-0.40344706,0.21109873
56976000,-0.2507283,-0.50108,0.2643928
56980000,0.11143145,-0.7123549,0.07487295
56984000,0.60677236,-1.1009022,0.025758445
56992000,0.17429787,-1.1579545,-0.11064547
56996000,0.062531576,-1.2054658,-0.031042742
57004000,-0.18393667,-1.1530083,0.031883214
57008000,0.6623616,-0.43902612,0.47705626
57012000,0.85347754,-0.06491357,0.6936025
57016000,-0.12321153,-0.79036075,0.15140669
57024000,-0.06160128,-1.1717353,-0.044320926
57028000,0.29546627,-0.34728098,0.036820948
57032000,0.100571856,-0.3525072,-0.38705337
57040000,-0.7395827,-1.0524719,0.6718364
57044000,-0.53667265,-0.9847115,0.88920844
57048000,-0.10191052,-0.51739985,0.37656042
57052000,-0.085064664,-0.23485045,-0.08513301
57060000,0.13525803,-0.27581257,-1.045129
57068000,0.503205,-0.95626056,-0.082837366
57072000,0.31012386,-0.67155343,0.18359968
57076000,-0.080099404,-0.48943162,0.4705071
57084000,-0.2308304,-0.98142934,-0.031519026
57088000,-0.3170975,-0.6861388,-0.18829422
57092000,0.029428259,-0.05344358,-0.16389903
57096000,0.6071619,0.09221343,-0.079035565
57100000,0.66711223,-0.35200605,0.33646145
57108000,-0.41759545,0.02202344,0.37482947
57112000,-0.14281432,0.10152432,0.08401041
57116000,0.080231756,-0.32174557,-0.3958803
57124000,-0.17753735,-0.14685324,-0.10844305
57128000,0.79847825,-0.0871408,0.41053224
57132000,0.55061543,-0.3748296,0.53897905
57136000,-0.63722384,-0.50980186,0.43107373
57140000,-0.87094426,-0.28561252,-0.021206256
57144000,-0.30753773,-0.14342102,-0.45474893
57148000,0.12207073,0.12806864,-0.08380526
57152000,0.21014866,0.5928469,0.3521291
57156000,-0.008939549,0.73355037,0.20003393
57160000,-0.2657218,0.41718945,-0.034036823
57164000,-0.38240153,-0.050943673,-0.26183948
57168000,-0.3200306,-0.32594907,-0.30135477
57172000,0.10100734,-0.54192114,-0.17318574
57180000,0.21970752,0.20592016,-0.03748606
57184000,-0.12824154,0.72975534,0.6260824
57192000,-0.36201632,0.56520164,0.040689394
57196000,-0.44813624,0.13649994,-0.19718665
57200000,0.15391517,0.2774903,-0.2541191
57204000,0.78079724,0.8114055,-0.51179945
57208000,0.44056666,0.6838288,-0.6035425
57212000,-0.16457944,0.607458,-0.30181712
57216000,-0.27599126,0.78120553,0.31199634
57220000,-0.103168435,0.25706357,0.71277446
57228000,0.37896794,0.0460366,-0.30867952
57232000,0.09706026,0.48163027,-0.012597337
57236000,-0.20694715,0.89344835,0.35607225
57240000,-0.5127994,1.2731647,0.18642816
57244000,-0.47580191,0.83451474,0.07973501
57248000,-0.11464078,0.3077702,0.10847469
57252000,0.07016499,0.55947846,0.20815593
57256000,-0.06551166,0.9323133,0.3391147
57260000,0.13553065,0.75501406,0.272804
57264000,0.47473082,0.5757772,0.24444568
57272000,0.32183143,1.1257144,0.07174948
57276000,-0.02216892,0.84934163,-0.055497773
57280000,-0.5591879,0.29447925,-0.47653264
57284000,-0.46530014,0.055493332,-0.46476552
57288000,0.06049756,0.06100116,-0.13794395
57292000,0.498648,0.54723966,0.2101442
57296000,0.30451918,1.2870603,0.4337772
57300000,-0.35586208,1.0574368,0.22163726
57304000,-0.6526896,0.5167046,-0.19186553
57308000,-0.4368496,0.71603423,-0.27182043
57312000,-0.15982324,0.90801835,-0.054772206
57320000,0.28116402,0.8300195,-0.24980685
57324000,0.48292318,0.80284333,-0.04965148
57332000,0.14636898,0.6958331,0.6390848
57336000,0.6249507,0.37004086,0.56656396
57340000,-0.014433563,0.22562146,0.24207821
57344000,-0.852347,0.34399724,-0.068557546
57348000,-0.78345734,0.47407782,-0.087406375
57352000,-0.41040623,0.5948401,0.18795323
57356000,-0.05556307,0.6706228,0.31392866
57360000,0.5287396,0.6589213,-0.018047556
57364000,0.9091231,0.31168514,-0.4008745
57372000,-0.19388318,0.05016814,-0.22175904
57376000,-0.12545368,0.2893244,-0.2958044
57380000,-0.13659528,0.4564432,-0.36098665
57384000,-0.6247395,0.46420527,-0.44109
57392000,-0.07983765,0.16564906,0.6634127
57396000,0.32106987,0.07115552,0.9549866
57400000,0.086471006,-0.05354532,0.7876612
57408000,-0.16752037,0.22159788,-0.35365948
57412000,0.076498434,0.53703624,-0.026718616
57416000,0.17079599,1.047023,0.27139366
57424000,0.39106518,0.4141815,-0.24042213
57428000,-0.21447894,0.090090655,-0.8114316
57432000,-0.46663216,0.06346752,-0.55262554
57436000,-0.035458416,-0.18932217,0.31575832
57440000,0.07250813,-0.19666468,0.65997684
57444000,-0.509498,0.31302214,0.39607126
57448000,-0.57062113,0.48625296,-0.27541953
57452000,-0.2155517,0.23509344,-0.49409652
57456000,-0.17931384,0.16405338,-0.16315845
57464000,-0.22149414,0.29346073,-0.24830095
57472000,0.06966494,0.07378278,0.9854715
57480000,0.7087053,0.25661063,-0.026709124
57484000,0.6657196,-0.003759809,0.15988585
57488000,-0.002144411,-0.4090992,0.08986133
57492000,-0.7266361,-0.31613225,-0.1846679
57496000,-0.78808796,0.4579561,-0.16670945
57500000,-0.14306192,0.61951315,-0.26476005
57504000,0.33980212,0.18992041,-0.39243287
57508000,0.14788774,-0.029136498,-0.005416326
57512000,0.022086103,-0.11319792,0.3459073
57516000,0.078182735,-0.09775576,0.007315099
57520000,-0.04564251,0.002580905,-0.1570769
57524000,-0.06245838,0.013923662,0.014331169
57528000,0.02322933,0.110998884,-0.03817138
57532000,0.312251,0.22153926,-0.25041658
57540000,0.2723674,-0.59851235,-0.29197642
57544000,-0.27837324,-0.60090303,-0.23020089
57552000,-0.630097,-0.26273084,0.6035488
57556000,-0.45038694,0.30855685,0.6895057
57564000,0.06859101,-0.13617542,-0.2765453
57572000,-0.14361411,-0.4933706,-0.5245845
57576000,-0.42534018,0.05111432,-0.38970044
57580000,-0.25747105,0.54656315,0.31840432
57584000,0.37931958,0.46627408,0.7779877
57588000,0.7140645,-0.38753054,0.5473775
57592000,0.49574083,-0.8798241,0.27732387
57596000,0.20540884,-0.6537147,0.26338565
57600000,0.14503197,-0.41053098,0.04009129
57604000,-0.35788685,-0.5230821,-0.44590342
57608000,-0.9103443,-0.75156343,-0.44211018
57612000,-0.59027433,-0.282163,-0.000881463
57616000,0.060561344,0.3325355,0.18902777
57624000,0.15622818,-0.1835348,-0.27818206
57628000,-0.09710814,0.13816008,-0.28708825
57632000,-0.3410318,0.20826225,0.09431386
57636000,-0.15043166,-0.14753273,0.43563306
57640000,-0.015028626,0.0794788,0.6317112
57644000,0.031566232,0.569369,0.5960643
57652000,0.7339644,-0.018051162,-0.21371101
57660000,0.1944744,-0.52217263,-0.21429853
57664000,-0.5146873,-0.09937871,-0.1353737
57668000,-0.7848151,0.36132768,0.15972427
57672000,-0.51082003,0.1619044,0.25627607
57676000,0.20920599,-0.09095436,0.13013318
57680000,0.726932,0.35709554,0.05520273
57684000,0.08519113,0.7872081,0.111213386
57688000,-0.7089421,0.53492826,0.051241245
57692000,-0.7091783,0.19884072,0.1480902
57696000,-0.33004472,0.61528957,0.25346646
57700000,0.25331077,0.8461665,-0.2242631
57708000,-0.068379566,-0.030034572,-0.63729334
57712000,-0.25518346,0.39330292,-0.1248481
57716000,-0.27346092,0.6607814,0.42691046
57724000,-0.28978795,0.96089244,0.48153186
57732000,0.10656119,0.31893712,-0.62065154
57736000,0.45681068,0.7842969,-0.3535365
57744000,0.41662234,0.8427614,0.37892032
57748000,-0.16399902,0.5118838,-0.07803208
57752000,-0.09261421,0.6058804,-0.4302512
57760000,-0.16576853,1.1657199,0.24270284
57764000,-0.33417037,1.0136807,0.20812133
57768000,-0.3238054,0.31201902,-0.09970861
57772000,-0.37273705,-0.2116872,-0.20020401
57780000,-0.2652459,0.45100966,-0.25715798
57784000,0.50941616,1.0747402,-0.18731415
57788000,1.0906038,1.4301107,0.16908559
57792000,0.75318813,1.5631198,0.19789855
57796000,-0.039902,1.182436,0.20387962
57800000,-0.22620085,0.37764743,0.241568
57808000,0.23922816,0.14061682,-0.15930435
57816000,0.22380334,0.5795932,0.26105323
57824000,-0.1661439,0.41446933,0.26748663
57828000,-0.62129027,-0.2979931,0.3375185
57832000,-0.7160469,-0.5689422,0.092487685
57836000,-0.5500152,-0.3330798,-0.19097836
57844000,0.49395782,0.122263744,-0.20201756
57852000,0.07981692,-0.0900137,-0.2137185
57856000,0.1170087,0.115432665,0.39270663
57860000,0.21578091,0.45422605,0.18513305
57864000,-0.2826677,0.3194238,-0.08531471
57868000,-0.6784445,0.061400257,-0.004217132
57872000,-0.46344423,-0.28290653,0.12219767
57876000,-0.14052126,-0.6619086,-0.19796924
57880000,0.29568133,-0.5136323,-0.30778903
57884000,0.77354765,-0.59942734,0.20483208
57888000,1.0755705,-0.775509,0.39160156
57892000,1.1263239,-0.42692685,0.06219706
57896000,0.65996534,-0.40693673,-0.04863436
57904000,-0.5987235,-1.3088167,-0.19002394
57908000,-0.57593906,-1.3415128,-0.037940286
57912000,-0.4554732,-0.83304656,0.36402345
57920000,-0.17236514,-0.5651528,0.21280137
57924000,0.08601764,-0.97193843,-0.006527267
57928000,0.27326465,-1.315677,-0.17158695
57932000,0.20022458,-1.3808188,0.030331
57940000,-0.13945232,-0.37309885,-0.08471446
57944000,-0.21499068,-0.40178096,-0.15846235
57948000,0.12935303,-0.7945086,-0.1852099
57956000,0.14401674,-1.7488952,0.20557386
57960000,0.08350125,-1.671402,0.1672378
57964000,-0.20619512,-1.0440762,-0.007814515
57968000,-0.20010379,-0.97305477,-0.29938814
57972000,0.13651258,-1.2531658,-0.49875486
57976000,-0.058887586,-1.1814504,-0.32073945
57980000,-0.27782202,-1.0441756,0.037808165
57984000,-0.28852898,-0.8352565,0.40160394
57992000,0.4140628,-0.24870263,0.30897132
57996000,0.09488452,-0.725756,-0.364439
58004000,-0.43286443,-1.5269067,0.16639577
58008000,-0.097118706,-1.5141389,0.25207865
58012000,0.115599535,-1.0764349,0.08428088
58016000,0.2371614,-0.4271202,-0.071601674
58020000,-0.036397934,-0.5912453,-0.06666158
58024000,-0.20610993,-1.0931567,-0.06623395
58028000,0.16992281,-1.0699704,0.09064831
58032000,0.6688709,-0.9865695,0.24249601
58040000,0.35216215,-0.9603312,-0.55188894
58044000,-0.32853925,-0.82653546,-0.54674304
58048000,-0.4070691,-0.76201105,-0.005630463
58052000,-0.4979894,-0.63589674,0.36578345
58056000,-0.47280833,-0.70650584,0.39341128
58060000,0.018804044,-1.0397385,0.4596173
58068000,-0.04810916,-0.47832662,0.1365072
58072000,-0.3257421,-0.3294052,0.032149345
58080000,0.012533328,-0.8460761,-0.47477037
58084000,-0.10455575,-0.8209374,0.16804934
58092000,-0.14274552,0.21444416,0.24142095
58096000,0.25637898,0.030432671,0.04972072
58100000,0.34366468,-0.5660221,0.024846256
58104000,0.008588895,-0.543978,-0.32903123
58108000,-0.25459126,-0.6450045,-0.56366545
58112000,-0.21567473,-0.8849002,-0.20776474
58116000,-0.08255142,-0.5870985,0.05359449
58120000,-0.1304239,-0.23581666,0.094130896
58124000,0.028565206,-0.1338219,0.00909758
58132000,0.6380695,-0.10478316,0.77330035
58136000,0.4388039,-0.06744599,0.57175386
58144000,-0.6810277,-0.84279823,-0.29560167
58148000,-0.8650579,-0.5591562,-0.18540737
58152000,-0.23121196,-0.24077326,-0.045368932
58156000,-0.08516779,0.043492142,-0.15554339
58164000,0.056428224,0.6598381,-0.36508572
58168000,0.49937716,0.075176656,-0.10579714
58172000,0.04692495,-0.2078659,0.16431269
58180000,-0.7052356,0.1071114,0.28787786
58184000,-0.20353939,-0.2783758,0.066077575
58188000,0.1273427,-0.3334472,-0.18098757
58192000,0.11141905,-0.009540461,0.077703476
58196000,0.07417394,0.14641117,0.09755165
58204000,-0.2764051,0.3544555,0.1252535
58208000,-0.10032594,-0.13356301,-0.2698664
58212000,0.47751707,-0.2616157,-0.09249844
58216000,0.45844328,-0.03651294,0.38095254
58224000,-0.10044923,0.130746,-0.17110702
58228000,0.14563751,-0.12061884,-0.11075668
58232000,0.36112565,-0.337811,-0.03432919
58236000,0.34949428,-0.029942997,-0.33613625
58240000,-0.08581579,0.79808706,-0.19148374
58248000,-0.5225583,0.44232482,0.17549062
58252000,0.37166363,-0.028105672,-0.15773383
58256000,0.64045906,0.042143427,-0.22287014
58264000,-0.24082114,0.48369303,-0.13836539
58268000,-0.17704727,0.65829706,0.5873624
58272000,-0.15445642,1.1318228,0.8547647
58280000,-0.2288861,0.4228593,-0.023336299
58284000,-0.071999565,0.27115002,-0.13734832
58288000,-0.13133962,0.7621058,-0.43658996
58292000,-0.058427237,0.4399428,-0.6660582
58296000,-0.027917236,0.002044067,-0.16870138
58304000,-0.07712169,1.1408798,0.24051225
58308000,0.39018023,1.0142016,0.012583513
58312000,0.20465505,0.7051039,-0.16021726
58316000,-0.30945182,0.4952215,0.011701822
58320000,-0.2307842,0.3140114,0.057283513
58324000,-0.08361119,0.48609483,-0.03708005
58328000,0.059304737,0.8680384,0.087764464
58332000,0.396428,0.7241286,0.006569622
58340000,0.3116964,0.5594045,-0.7059992
58344000,0.30537456,0.74306,-0.14667785
58348000,-0.23420998,0.6073594,0.58598274
58356000,-0.6258501,0.7923852,0.5577235
58360000,-0.32672164,0.7259994,0.49787852
58364000,0.13552864,0.63148767,0.48709112
58368000,0.4321868,0.21446073,-0.26553893
58372000,-0.07570952,-0.005202279,-0.8522784
58376000,-0.70608073,0.36237115,-0.45903468
58380000,-0.7807407,0.57536966,0.21505825
58384000,-0.49907568,0.5121707,0.25671178
58388000,0.11238997,0.60302645,0.01545918
58396000,0.8061689,0.5305946,-0.136554
58400000,0.680935,0.17121561,-0.19287089
58404000,0.36755797,0.34658176,0.06589703
58408000,-0.16052245,0.71056545,0.32762378
58412000,-0.39127535,0.69291925,0.24134925
58416000,-0.47507232,0.7271018,0.12792614
58420000,-0.70157635,0.7898299,0.3638108
58424000,-0.28565234,0.35197994,0.029968217
58428000,0.5223383,-0.3669879,-0.6477847
58432000,0.45450485,-0.30912703,-0.5771262
58436000,0.20349945,0.62287205,-0.24066895
58440000,0.60767925,1.1404512,-0.016737435
58444000,0.63818735,0.6600988,0.10465397
58448000,0.326302,0.11522944,0.09412842
58456000,-0.2776145,0.638262,0.3596008
58464000,-0.48592925,0.46621904,-0.11416963
58468000,0.028965354,0.42716607,0.027034253
58472000,0.37551078,0.26572737,0.1904249
58476000,0.22682312,0.5736533,-0.009777069
58480000,-0.10782264,0.6702652,-0.49663734
58484000,-0.4999343,0.39138278,-0.4875307
58488000,-0.50990045,-0.12145369,0.12966616
58496000,0.19788921,-0.70799446,0.12150456
58500000,0.111256585,0.17109667,0.381478
58504000,0.09726283,0.7739031,0.88094884
58508000,0.096946776,0.649774,0.7053367
58516000,0.33104312,0.13606738,0.028277963
58524000,0.08379899,0.5846347,-0.47480917
58528000,0.021234952,0.06400666,-0.46941954
58536000,-0.0209544,-0.012935028,-0.06813708
58540000,-0.19268465,-0.163769,0.42475235
58544000,-0.39881828,-0.37908387,0.5308818
58548000,-0.20357043,-0.2588359,0.3752783
58552000,0.21005784,-0.0289427,0.01954468
58556000,0.2682536,-0.17362756,-0.8817844
58564000,0.5068173,-0.67230535,-0.43474612
58568000,-0.026530206,0.020678967,0.19243982
58572000,-0.5275005,0.32746992,0.39396226
58580000,-0.21213007,0.26782382,0.41534126
58588000,0.46533227,-0.1929616,-0.5662752
58596000,0.06728184,-0.4555527,0.60969555
58600000,-0.41133365,-0.4640484,0.8175789
58604000,-0.6882664,-0.18320814,0.2196778
58608000,-0.7400477,0.027382359,-0.2002295
58612000,-0.43525055,0.33659303,-0.27067262
58616000,0.2897276,0.44863605,-0.27175182
58620000,0.39841837,0.23299876,-0.26474
58624000,0.34421563,0.14893748,-0.22488427
58632000,0.025877818,0.40306175,-0.002887046
58640000,0.10990137,-0.66289365,-0.043007493
58644000,0.33345968,-0.55532384,-0.12430036
58648000,0.18150818,0.02129823,-0.39989918
58652000,0.03431667,0.40948793,-0.32335392
58656000,-0.12297614,0.46916854,-0.1263167
58660000,-0.266779,0.2219004,0.011094159
58664000,-0.01648964,0.049865574,0.36118552
58668000,0.2975173,0.053301353,0.49511248
58672000,-0.003100365,0.008534055,0.23144856
58676000,-0.5292901,-0.023887552,0.21152586
58680000,-0.5303794,0.2146429,0.20180449
58684000,-0.14187807,0.29729745,0.19604996
58688000,0.060445257,-0.08026788,0.3321316
58692000,-0.03452181,-0.03857726,-0.030846387
58696000,-0.18767092,0.36762628,-0.2653568
58700000,-0.34279633,0.66767746,-0.12998022
58708000,-0.3046969,0.7790941,-0.25076908
58716000,0.11627963,0.051715195,0.015635185
58720000,0.1956594,-0.019399136,-0.08817838
58724000,0.06854492,-0.07218613,0.001187954
58728000,0.4362852,0.5082956,0.35336247
58732000,1.0229379,0.9949772,0.5576504
58736000,0.84055394,0.93892866,0.42600358
58740000,-0.20044062,0.8482046,0.033047933
58744000,-0.8831675,1.0016439,-0.5169596
58748000,-0.46911475,1.2245606,-0.294878
58752000,0.08278916,0.89489806,0.3589097
58756000,-0.105377175,0.36867595,0.3266846
58760000,-0.42714033,0.5971903,0.011772715
58764000,-0.14171997,0.5220164,0.038431883
58768000,0.25896356,-0.26643935,0.14404315
58772000,0.057077482,-0.38047725,-0.1765157
58776000,-0.17360692,0.17168954,-0.5491405
58780000,-0.18887682,0.6094231,-0.331247
58784000,-0.4304867,0.67608356,0.07896922
58788000,-0.29421163,0.47485042,-0.015999064
58792000,0.24144712,0.45503488,-0.028926997
58796000,0.3033123,0.65328956,0.35341448
58804000,-0.09995129,1.0159644,0.42495167
58808000,0.10541659,1.1792902,0.32692927
58816000,0.12009159,0.8863723,-0.44568217
58820000,-0.1226069,0.90425634,-0.62923825
58824000,-0.20839126,0.6164528,-0.32499716
58828000,0.08858667,0.17123313,0.09751248
58832000,0.054422136,-0.11111887,0.32394242
58840000,-0.43870357,-0.019683763,0.25054538
58844000,-0.25681508,-0.005135261,-0.33175212
58848000,-0.20996723,0.11913963,-0.4482851
58856000,0.28943163,0.034666456,0.027686011
58860000,-0.17663534,-0.014900165,0.23542519
58868000,-0.41131657,0.15404072,0.28101242
58872000,0.16535541,-0.46088427,-0.09533362
58876000,0.6342859,-0.7958274,0.14484474
58884000,0.03087224,-0.34279633,-0.025609732
58888000,-0.24249259,0.08196812,-0.14249519
58892000,-0.258905,0.02493123,-0.031056501
58896000,-0.13532272,-0.25538042,0.19309165
58900000,0.29905954,-0.38249317,0.26975015
58904000,0.54444623,-0.76114684,-0.016550086
58908000,0.26709515,-1.0622597,-0.23890497
58912000,-0.23658016,-0.7805587,-0.08188936
58916000,-0.46748567,-0.7572526,0.026758205
58920000,-0.16334909,-0.9041686,-0.20271531
58924000,0.33877468,-0.80350554,-0.43887317
58932000,0.56772393,-0.52393293,0.23094608
58936000,0.50307745,-0.27143997,-0.43196738
58940000,0.11404458,-0.19429076,-0.76432836
58944000,-0.66140884,-0.48467895,-0.041313946
58948000,-1.473639,-1.1818318,0.292558
58956000,-0.06298542,-1.3078281,0.10564765
58960000,0.33626503,-1.3248414,0.3347242
58968000,0.6385872,-1.7210836,-0.2954166
58972000,0.010094509,-1.1208935,-0.5289182
58980000,-0.32447612,-0.3547089,0.21486631
58984000,0.13867825,-0.8167207,0.15089145
58988000,-0.44917953,-0.95185405,0.027995922
58996000,0.009516358,-0.84849703,0.30001348
59004000,0.18603034,-1.1181254,0.40745294
59008000,0.074861,-0.8548863,0.25918478
59012000,-0.11693294,-1.3223989,0.20341608
59016000,0.049574114,-1.6852268,-0.24897234
59020000,0.72318214,-1.5723493,-0.809747
59024000,0.8720232,-1.2316393,-0.49324098
59028000,0.29743183,-0.5893486,0.028226867
59032000,0.015033547,-0.24212317,-0.07983804
59036000,-0.18647596,-0.6950496,-0.085399196
59040000,-0.6834309,-1.2727313,0.21757102
59044000,-1.0591773,-1.4406587,0.31304935
59048000,-0.9911744,-1.1799054,0.11711341
59056000,0.41236916,-0.5450486,0.22104496
59060000,0.5673417,-1.0275849,0.19736661
59064000,0.5915668,-0.8695956,0.11099352
59068000,0.47944623,-0.6149319,-0.09955068
59072000,-0.07837878,-0.9145977,-0.23617484
59080000,-0.043965742,-1.0933607,-0.2825946
59084000,0.048185296,-0.8987417,-0.40284115
59092000,0.19737422,-0.6309678,0.27509087
59096000,-0.17643128,-0.9403013,0.13033168
59104000,0.03985486,-0.22800902,-0.06597723
59108000,0.06456666,-0.5580604,-0.16582067
59116000,0.4952465,-0.02729328,-0.15244013
59120000,0.5294347,0.22001417,0.011453204
59128000,0.050393373,-0.54474723,-0.07788362
59136000,0.049746532,-0.33505607,0.21158072
59140000,0.18343094,-0.1924346,0.3675863
59148000,-0.05699092,-0.60178,-0.1291359
59152000,0.086327575,-0.3342791,-0.15651965
59156000,0.18903519,0.22369997,0.04211273
59160000,0.41144592,0.45304334,0.041287605
59164000,0.6338546,-0.016476914,0.04012897
59168000,0.40026146,-0.6347597,0.33366787
59172000,-0.73298144,-0.61127585,0.31961972
59180000,-1.1527917,0.24334444,0.062214166
59188000,0.27947426,-0.4857173,0.20850262
59192000,0.18795188,-0.4145137,-0.49149764
59196000,0.17868537,0.004645355,-0.9481504
59204000,0.5989136,0.2183908,-0.29186833
59208000,0.4765404,0.118329674,0.18917482
59216000,-0.5380901,-0.127982,0.58632743
59220000,-0.563176,0.026143007,0.28579116
59228000,0.17682399,0.85826576,0.34391674
59232000,0.57417685,0.49126476,0.34940994
59236000,0.3607505,0.3027668,-0.13570206
59240000,0.12223922,0.35544413,-0.54331
59244000,0.30113092,0.2877671,-0.3887868
59252000,-0.17483497,0.057381064,0.006749928
59256000,-0.4467726,-0.47845337,0.051213063
59260000,-0.72057986,-0.8190822,0.26106438
59264000,-0.6320561,-0.45828313,0.21988042
59268000,-0.04791972,0.31511775,0.04263266
59272000,0.28862727,0.8557346,0.08755663
59276000,0.42152038,0.802073,0.021951236
59280000,0.22990438,0.4425925,-0.36377543
59284000,-0.1211446,0.38817677,-0.3756549
59288000,-0.09440769,0.28752333,-0.07585146
59292000,0.008868437,0.26472288,0.012321593
59296000,0.19673502,0.5241874,-0.13401426
59300000,0.33464283,0.37408373,-0.35873598
59304000,0.1409654,-0.046876773,-0.13810542
59308000,-0.15489446,0.08710003,0.58929014
59316000,-0.480776,1.2592164,0.48299304
59324000,0.119730555,0.12579738,-0.63638115
59328000,-0.2316781,0.09811634,-0.9339973
59332000,-0.2362647,0.2630232,-0.7846378
59336000,0.23773682,0.49685293,-0.29681715
59344000,-0.28589445,0.33400828,0.7407214
59348000,-0.15400176,0.38724273,0.18242827
59352000,0.37415686,0.6014,0.047765747
59356000,0.064098656,0.39776784,0.19812799
59364000,-0.1324107,0.6439083,0.029423773
59368000,-0.031007722,0.9027361,0.13690637
59372000,0.06538387,1.0372388,0.093870565
59376000,-0.16942169,1.0001726,-0.058003105
59380000,-0.14568892,0.4773187,0.005909659
59384000,0.15385047,-0.0735639,-0.13873574
59388000,0.14003718,0.22413737,-0.32651204
59396000,-0.22783186,0.41174337,0.6761832
59404000,-0.23472391,-0.31071982,-0.033288628
59412000,0.34918565,0.87441933,-0.5966519
59416000,0.34374806,0.55013585,-0.2721785
59420000,0.20920312,0.9374409,-0.22301297
59424000,-0.056478426,1.1884507,-0.0772153
59428000,-0.014849581,0.78764975,0.31153524
59436000,0.04979837,0.577474,0.64824164
59440000,-0.09788899,0.5452664,0.059057325
59444000,-0.046041477,0.095260575,-0.27642667
59448000,0.004893337,-0.16624774,-0.30803064
59456000,-0.18788682,0.6857375,0.03837862
59460000,-0.040892355,1.0529007,-0.08638896
59468000,0.4239486,1.079749,0.035253413
59472000,-0.03309983,1.0336139,-0.35102415
59476000,-0.7308313,0.6905842,-0.49479234
59480000,-1.1402426,0.18671742,0.023958087
59484000,-1.000873,-0.092612505,0.5419889
59488000,-0.27201444,0.20591871,0.44883224
59496000,0.48370722,-0.004701912,-0.09172011
59500000,0.5787551,-0.3486541,-0.02404714
59504000,0.82746226,-0.046306804,-0.26181096
59508000,0.608815,0.31588572,-0.31822377
59516000,-0.34730116,0.021380018,0.35459852
59520000,-0.7788355,0.3981381,0.3589005
59524000,-0.96427405,0.9438787,0.58568007
59528000,-0.48344398,0.84381294,0.7736801
59532000,-0.012049586,0.18541217,0.43898124
59540000,0.07255082,-0.25960383,-1.046046
59544000,0.23366503,-0.19907133,-1.0361528
59552000,0.74976647,0.2492639,-0.44818917
59560000,-0.54956996,-0.12712204,-0.3478391
59568000,-0.34057954,0.18828711,1.3874662
59572000,-0.13301256,0.36064166,1.3482491
59576000,-0.06513217,0.55086577,0.65113735
59580000,-0.045648385,0.5685192,-0.24990045
59584000,0.11758869,0.28899184,-0.6151083
59588000,-0.060471952,-0.30168843,-0.49190965
59596000,0.7942043,-0.25268275,0.10460374
59600000,0.5215503,-0.08795877,-0.14151084
59604000,-0.44484198,-0.013170764,-0.34051985
59608000,-0.58669597,-0.14558804,-0.26859874
59612000,-0.16688474,-0.19547129,-0.1144323
59616000,-0.1178865,0.098432355,0.094246894
59620000,-0.17405298,0.14834099,0.059767425
59624000,-0.21896607,0.2702222,0.18997638
59632000,-0.10279485,0.3151655,0.46125945
59636000,0.20968921,-0.45356822,0.18308379
59640000,0.36788064,-0.46883118,0.10969919
59648000,0.11633648,0.56971925,-0.46396014
59652000,-0.19282012,0.7958659,-0.60777843
59656000,-0.50105006,0.43654948,-0.49039355
59660000,-0.6617278,0.004709784,-0.2570303
59664000,0.12274495,-0.003920853,0.17982887
59668000,1.0700694,0.13681236,0.34462982
59672000,0.9703949,-0.019651458,0.14106974
59680000,-0.5490276,0.19870776,-0.0814832
59688000,-0.6933801,0.20864753,-0.59938914
59692000,0.06580944,-0.07661161,0.17068638
59696000,0.14098357,-0.10475762,0.5957017
59704000,0.74418604,-0.27291146,-0.3443661
59708000,0.44947374,0.28125128,-0.327914
59712000,-0.39762905,0.34874254,0.3512383
59716000,-0.78871214,0.12332001,0.8166642
59720000,-0.59304565,0.1751807,0.6493368
59728000,-0.2981237,0.6393249,0.005395437
59732000,-0.1255948,0.8699783,-0.15907489
59736000,0.25025624,0.5769609,-0.052992135
59740000,0.23138008,0.46400625,-0.42800707
59744000,-0.008379154,0.8490223,-0.5642426
59748000,-0.46314898,0.75575376,0.02983737
59752000,-0.46401244,0.5720848,0.06596059
59756000,0.12460342,0.9039058,-0.34438667
59760000,0.096956655,0.92197347,-0.16981257
59764000,-0.43624914,0.661759,0.30861676
59768000,-0.335141,0.49766153,0.11740035
59772000,0.29459095,0.56704473,-0.39529395
59776000,0.64632404,0.62645274,-0.42908925
59780000,0.57799,0.49533302,0.1697692
59784000,0.6329649,0.6980211,0.9329748
59788000,0.53842694,0.906429,0.5251632
59792000,-0.11444682,0.79399276,-0.5049762
59796000,-0.509652,0.6186549,-0.32564497
59800000,-0.6422802,0.44410402,0.19958848
59808000,0.529261,-0.34394023,-0.6934141
59816000,-0.22684173,-0.15138586,0.12322369
59820000,-0.633456,1.3745878,0.68098253
59824000,-0.35181394,1.995873,0.7320319
59828000,0.51362365,1.5140095,-0.103664696
59832000,1.2240239,0.716873,-0.66848564
59836000,0.7315264,0.032238558,-0.3302112
59840000,-0.11506985,-0.08460458,0.14891756
59844000,-0.13169612,0.49201012,-0.055238225
59852000,-0.05341394,0.18369481,-0.7586372
59856000,0.041992508,-0.19453396,0.23011896
59860000,0.01798771,-0.29180446,0.9110508
59864000,-0.21278854,-0.61122775,1.0219917
59872000,0.23717332,-0.546768,0.5681633
59880000,-0.31487513,0.43204325,-0.5451504
59884000,-0.75973904,0.34782138,-0.4056174
59888000,-0.93400973,0.15027782,-0.16525382
59892000,-0.6146786,-0.4065929,-0.25376245
59896000,-0.022063926,-0.60353607,-0.218038
59900000,0.3165232,-0.3717895,0.20586056
59904000,0.7567632,-0.37835935,0.29939705
59908000,1.229207,-0.4876181,-0.14452402
59912000,0.8593963,-0.66948,-0.5155143
59920000,-0.261045,-0.624967,0.08241089
59924000,-0.19762172,-0.5465723,0.1391075
59928000,-0.05469257,-0.50296026,0.16065629
59932000,0.17288128,-0.6157812,0.41225293
59936000,0.26062804,-1.0348023,0.198336
59944000,0.13724989,-0.38500282,-0.54666543
59948000,-0.014551409,-0.46491706,-0.24472685
59956000,-0.3087189,-1.5874983,0.56208205
59964000,-0.2745087,-1.0722467,0.08775624
59968000,0.046660177,-1.0542234,0.04831591
59972000,0.054581974,-1.0918752,-0.22646828
59976000,0.010283585,-1.0020286,-0.46017787
59984000,0.0630346,-0.3022276,-0.2138567
59988000,-0.150262,-0.17722875,-0.24615222
59992000,-0.04361778,-0.8101617,-0.017476104
59996000,0.38564867,-1.647689,0.18183851
60000000,0.30725288,-1.7974598,-0.060738698
60008000,-0.06504979,-1.1798228,0.27147067
60012000,-0.09482122,-0.718277,0.3876331
60016000,-0.54045796,-0.512184,0.2770273
60020000,-0.7196627,-0.99291545,0.14270058
60024000,-0.32250506,-1.4059881,-0.018734809
60028000,-0.2569059,-1.1368219,-0.15901606
60036000,0.4002145,-0.26961148,0.43251282
60040000,0.60834706,-0.68355334,0.45197684
60048000,0.35939884,-1.2848436,0.059297804
60052000,0.3755688,-1.3172951,0.07478901
60060000,0.2007432,-1.2854674,-0.61914766
60064000,-0.53678674,-1.3364675,-0.5066184
60068000,-0.8887913,-1.2429466,-0.26000538
60076000,-0.36278903,-0.61029047,-0.14957832
60080000,0.004110709,-0.6032718,0.6287327
60084000,0.23739421,0.14931497,0.76807576
60088000,-0.0163415,0.4412145,0.17056833
60092000,-0.24477571,0.061463147,-0.056300938
60096000,0.19990265,-0.34001544,-0.07791774
60100000,0.51164764,-0.9335356,-0.34707624
60104000,0.2511062,-1.3607992,-0.42240226
60108000,-0.015704734,-1.1513946,0.12046084
60116000,-0.2079623,-0.5971326,0.466448
60120000,0.08704705,-0.4991169,-0.12589678
60128000,-0.08461357,-0.26365784,-0.44779146
60132000,-0.19086573,-0.28441676,-0.1247345
60136000,-0.022338867,-0.18257712,-0.13382313
60140000,0.15498032,-0.23408855,-0.10019004
60144000,0.33709195,-0.3354791,0.0670957
60148000,0.30926886,-0.49903512,-0.08022614
60152000,-0.018755995,-0.581966,-0.229042
60156000,-0.34964758,-0.43235287,0.05621454
60160000,-0.32670188,-0.27177298,0.27388978
60164000,-0.07754666,-0.35468066,0.10753011
60172000,0.09930398,0.36717436,0.1863572
60176000,0.026017478,0.14592825,-0.104239956
60180000,-0.35755077,-0.17852661,-0.36690274
60184000,-0.398042,-0.26984578,-0.1290574
60188000,-0.011282787,-0.44909728,0.038209032
60192000,0.55893075,-0.4747533,-0.21760318
60196000,0.8968252,-0.15395883,-0.11048904
60200000,0.37459627,0.30575633,0.44490165
60204000,-0.46506047,0.39911744,0.5060096
60208000,-0.7244917,0.33174175,-0.06750813
60212000,-0.6526835,0.3245095,-0.37436074
60220000,-0.2390398,-0.2421681,0.39782935
60224000,-0.05696289,-0.46077862,0.30409533
60228000,0.15157714,-0.22318208,0.080108844
60232000,0.24879128,0.041352086,-0.080050334
60236000,0.48483858,0.16570166,-0.035897274
60240000,0.7473314,0.45757344,0.020396676
60244000,0.41013318,0.3159053,-0.016528938
60252000,-0.22456852,0.016076759,-0.49303487
60256000,0.26565707,0.28201938,-0.054022476
60260000,0.5357738,0.48732978,0.35422286
60268000,-0.51157236,0.78998923,-0.3625402
60272000,-0.6814532,0.27499774,-0.28411
60276000,-0.060641423,-0.63923764,0.013938762
60280000,0.37446773,-0.41931373,0.28156763
60284000,-0.21196818,0.47097903,-0.045274362
60288000,-0.74743694,0.6305111,-0.63236505
60292000,-0.49983162,0.58179355,-0.4539209
60296000,0.12981914,0.790045,0.006253943
60300000,0.4175784,0.4950094,0.3292683
60304000,0.03780791,0.14634027,0.685728
60308000,-0.24071425,0.3177643,0.36986178
60312000,0.009297572,0.15616548,-0.16802046
60316000,0.17238753,-0.271618,-0.31098253
60320000,-0.017847031,-0.21400896,-0.034919675
60324000,0.011636868,0.07543077,0.52834606
60328000,0.32242277,0.40159538,0.5253266
60332000,0.17613553,0.73123384,0.06283759
60336000,-0.2065677,0.8072133,-0.25467867
60344000,-0.8754007,0.28478312,0.14708418
60348000,-0.1377007,-0.1708102,0.34940198
60356000,0.9260521,0.44556946,-0.1574923
60360000,0.2651738,0.31381792,-0.2427885
60364000,-0.2508177,0.357359,-0.24064386
60368000,-0.24453513,0.5665963,-0.27315828
60372000,0.014073253,0.76981914,-0.47379017
60376000,-0.09427259,0.9901874,-0.45432204
60380000,-0.41917333,0.73553985,0.25194913
60388000,-0.25825122,0.4293462,0.07626763
60392000,-0.2963143,0.91062796,-0.11000179
60396000,-0.06195827,0.88876903,0.15409595
60400000,0.08815181,0.73957586,0.24017754
60404000,0.13355464,0.56262517,0.16894248
60408000,0.19792855,-0.003340632,0.33885664
60412000,0.10177971,-0.1751413,0.3401051
60416000,-0.22461449,0.3294109,0.18815356
60420000,-0.07093352,0.4633526,0.45450184
60428000,0.37417305,0.09254022,0.076296836
60436000,-0.06621054,0.38624543,-0.83885574
60440000,-0.659082,0.9161823,-0.7441473
60444000,-0.59100163,1.3387562,-0.12438266
60448000,-0.45486137,0.90049684,0.3971572
60456000,-0.45913655,0.51737136,-0.3252431
60460000,-0.06941998,0.5415398,-0.3089968
60464000,0.26217008,0.5072045,-0.07730727
60468000,0.37708336,0.44375944,0.35984027
60472000,0.43988413,0.22128925,0.49633002
60480000,0.10696683,0.30273104,-0.10529343
60484000,-0.028255172,0.5219616,0.045991167
60488000,-0.073121175,0.29748905,0.20746022
60492000,0.014883973,0.4823359,0.03852868
60496000,0.2394972,0.68685865,-0.0738688
60504000,-0.3770466,-0.03317362,-0.0543971
60508000,-0.001100078,0.3147532,-0.047450658
60512000,-0.107734665,0.9446495,-0.18439808
60516000,-0.3300885,0.9728162,-0.17642331
60520000,-0.08410758,0.5573246,0.2389454
60528000,1.1118534,0.20014258,-0.18815684
60532000,0.8558839,0.32454985,-0.2396834
60540000,0.08776799,0.5623809,-0.23367822
60544000,-0.2268183,-0.18199897,-0.35688615
60548000,-0.3125015,-0.5080892,-0.013249189
60552000,-0.527794,-0.3445977,0.24836093
60556000,-0.88794017,-0.4240293,0.32971618
60564000,-0.14774898,0.6193461,0.38490522
60568000,0.2502547,1.086185,0.13379602
60572000,0.19631967,1.0050542,-0.04683682
60576000,0.010183081,0.5069302,-0.20460169
60580000,0.2154221,-0.15032521,-0.38806322
60588000,0.60232675,-0.26467356,-0.49814734
60592000,0.68881357,0.06441651,-0.27784806
60596000,-0.06467289,-0.31853116,-0.18539797
60600000,-1.0182868,-0.492221,-0.2841087
60604000,-1.1759686,-0.38376206,-0.17427203
60608000,-0.61408985,0.029107228,0.18069568
60612000,0.003223181,0.7699921,0.60132134
60616000,0.028939303,1.0018389,0.5829171
60624000,0.031570725,0.22682872,-0.23411834
60628000,0.21212094,-0.012568787,-0.57909274
60632000,0.1594716,-0.6000081,-0.3106131
60636000,0.005510747,-0.9204608,0.2668879
60640000,0.06625561,-0.940395,0.3069171
60644000,0.5259922,-0.8317294,0.015126556
60652000,0.25925827,0.77582544,0.04252699
60656000,-0.5903314,0.6906744,0.08731152
60660000,-0.5307246,0.061512917,0.037992254
60664000,-0.15512013,0.43945464,-0.058545347
60668000,-0.014891142,0.9352543,-0.09846474
60672000,0.057168957,0.48603934,0.024850713
60680000,-0.14371826,-0.37090474,0.1614902
60684000,-0.46225598,-0.54804766,-0.2700748
60688000,-0.049823105,0.07323712,-0.38946158
60692000,0.43781608,0.44386697,-0.001543172
60696000,0.3980428,0.14248845,0.2779196
60700000,0.16495962,3.50E-05,0.11117059
60704000,-0.037257046,0.129953,0.085090056
60708000,-0.21607113,0.14308238,0.052966945
60711999,-0.22134368,0.14228301,0.0318648
60716000,-0.19004197,0.77568334,0.183561
60723999,-0.68578017,0.8634337,-0.14810687
60728000,-0.47888452,-0.09257129,-0.18031366
60736000,0.87354976,0.19554389,-0.119069345
60740000,0.7386137,1.0849975,0.011997217
60744000,0.33756745,0.9693176,-0.081346974
60748000,-0.10702178,0.23606592,-0.11617961
60752000,-0.5995739,-0.0886561,-0.23595123
60756000,-0.47462812,0.14019135,-0.4105671
60760000,0.21619697,0.8018769,-0.06580302
60767999,0.04823827,0.8162755,0.6274187
60772000,0.107948765,0.41835976,0.33989093
60779999,0.26398432,0.38023096,-0.08292016
60784000,-0.06921528,0.7334067,0.3074657
60788000,-0.2732305,0.7927735,0.70503956
60796000,-0.102179356,0.052873507,-0.5784338
60800000,-0.29217595,0.07100938,-0.80410546
60803999,-0.06066122,0.20258507,-0.5430171
60808000,0.095719025,0.6029087,-0.026073992
60812000,0.1762044,1.1987445,0.3799054
60820000,0.16404222,1.1132563,0.46285567
60824000,-0.726196,0.8869528,-0.20188524
60827999,-0.70218915,0.39442936,-0.40291473
60836000,-0.35034716,-0.046408284,-0.58494294
60839999,0.15778553,-0.035693467,-0.41896027
60844000,0.44751734,0.523716,0.33857435
60848000,0.17818837,0.95082676,0.497413
60851999,-0.1967963,0.65348476,0.24323171
60856000,-0.48419082,0.49642056,0.14903761
60860000,-0.27864322,0.46690196,-0.14296938
60864000,0.09964006,0.32045704,-0.4505689
60868000,0.4082107,-0.045836374,-0.01932621
60876000,0.38876253,-0.044030458,0.034048036
60880000,0.1512711,0.0891327,-0.3813677
60884000,-0.067516685,0.022985421,-0.14566347
60888000,-0.31473893,0.057886552,0.31699517
60892000,-0.1082145,0.11945543,0.33821207
60895999,0.15819083,0.11053059,0.18315592
60904000,-0.108283885,-0.59872264,-0.029839858
60912000,0.35279518,-0.318942,-0.18747337
60916000,0.15573652,-0.36263913,-0.3511451
60919999,-0.008743137,-0.78152144,-0.34648135
60924000,-0.29282752,-1.1019166,-0.2677382
60928000,-0.48210272,-0.9422753,-0.4032877
60936000,-0.44975042,-0.12500954,-0.1260991
60940000,-0.2178916,-0.43357742,0.42280895
60943999,0.24786164,-0.853886,0.25225276
60948000,0.23189485,-0.8414909,0.008128785
60952000,0.028762601,-1.0218594,0.38075727
60955999,0.18581642,-1.131703,0.6553724
60964000,0.7047054,-0.3790652,-0.45175448
60967999,0.23417285,-0.89014524,-0.7240383
60972000,-0.1737084,-1.3697537,-0.4276513
60979999,-0.81657475,-1.1263435,0.22906962
60984000,-0.3790049,-0.93897504,0.10904415
60988000,0.3464472,-0.8775846,0.082369305
60992000,0.25167075,-0.99336386,0.4463365
60996000,0.021892384,-1.147781,0.1718576
61000000,0.32111818,-1.1010139,-0.26667693
61004000,0.38536486,-0.9039682,0.057925522
61008000,-0.212719,-0.7537675,0.35226324
61012000,-0.56036603,-1.0234354,0.25149593
61016000,-0.23588726,-1.4692748,-0.011147428
61020000,0.03808286,-1.5134791,-0.37955108
61023999,0.3161778,-1.2580441,-0.64014906
61028000,0.39904946,-1.1832495,-0.60343146
61032000,0.21110743,-1.137124,-0.027586713
61035999,0.1794405,-0.6672021,0.6663939
61040000,-0.0359153,-0.35700083,0.74547523
61044000,-0.27049732,-0.7623962,0.24190663
61047999,-0.12913328,-1.1965578,-0.24613011
61056000,-0.1759154,-1.3484956,0.025674224
61059999,-0.31074017,-0.7433317,0.082322955
61064000,-0.022162765,-0.08808802,0.038562924
61071999,0.7668246,-0.7539892,-0.1530157
61076000,0.88802046,-0.86682886,-0.067567796
61080000,0.6187494,-0.7093953,0.080104716
61083999,-0.009761393,-0.82986116,0.113944516
61088000,-0.24926871,-1.2426764,0.19871524
61095999,-0.13909946,-1.0988444,-0.22538254
61100000,0.08421745,-0.7611055,-0.06037946
61104000,-0.030374281,-0.4560715,-0.14256445
61108000,-0.010385338,-0.31468546,-0.3180098
61112000,0.29740158,-0.46867824,-0.4525058
61116000,0.30092883,-0.8727809,-0.279359
61124000,0.34448218,-0.55783653,0.19507918
61128000,0.31279582,0.35880715,0.2528059
61132000,-0.13204335,0.5785961,0.4387172
61136000,-0.76134056,-0.14695504,0.18975459
61140000,-0.74833834,-0.93075764,-0.20668216
61144000,-0.32829538,-0.91149104,-0.08961113
61151999,-0.2239434,-0.15683907,-0.048041653
61156000,0.3665906,-0.20470855,-0.2984911
61160000,0.62877625,-0.15714625,-0.15494457
61163999,0.64484316,0.05607702,0.33118954
61168000,0.65741616,0.100913025,0.36527738
61172000,0.48291114,-0.11559788,0.009296685
61180000,-0.3150698,-0.39271617,-0.40367422
61184000,-0.5464206,-0.44265983,0.31342492
61187999,-0.24313274,-0.48799917,0.5568712
61192000,-0.0865672,-0.11511406,-0.2971759
61196000,-0.01933591,0.24095236,-0.6207615
61204000,-0.20142014,-0.048280668,0.19124702
61208000,-0.23828068,0.17517126,0.51966274
61216000,-0.24323566,0.24783638,0.04018174
61223999,0.6319454,0.17299321,-0.43075582
61228000,0.37721038,0.31731814,-0.19379479
61232000,0.17563537,0.07035846,0.14213756
61240000,0.19423148,0.052449293,-0.15433441
61244000,0.009553835,0.19448589,0.13657074
61248000,0.33122554,0.26190108,0.6549995
61252000,0.594971,0.17173937,0.23846813
61256000,0.3277976,0.005098106,-0.33829585
61260000,-0.2575696,0.004214224,-0.115580365
61264000,-0.617223,0.24153435,0.16613892
61272000,-0.7550326,0.037241396,-0.12320691
61276000,-0.77109087,0.4681907,0.009167437
61279999,-0.34090775,0.09813592,0.15193225
61284000,0.14098813,-0.66981554,0.009648059
61288000,0.22472757,-0.4051073,-0.35985687
61291999,0.004708447,0.5638922,-0.41303915
61296000,-0.21383527,0.94439507,-0.26747563
61300000,0.022965178,0.5610095,-0.07509485
61303999,0.5001488,0.32919505,0.45657113
61308000,0.49925023,0.15384348,0.6956903
61312000,-0.007377029,-0.058685675,0.08841953
61315999,-0.4335622,0.41473764,-0.50921446
61320000,-0.35677093,0.5650321,-0.41487303
61327999,0.61666477,0.07743156,0.44969603
61332000,0.27438423,-0.14654024,0.38789123
61336000,0.04505632,-0.4046752,0.17898935
61339999,-0.09073281,-0.1034515,-0.068142794
61344000,-0.36673295,0.13436386,0.043022208
61348000,-0.103850186,0.12767954,0.21872626
61351999,0.24890643,0.35989112,-0.44026798
61356000,0.2957252,0.38809097,-1.1782335
61360000,0.08099274,0.22719054,-0.74937785
61364000,-0.3337304,0.4727058,0.15420547
61372000,-0.48387417,0.33589074,0.27505738
61376000,-0.36005643,0.5101739,0.09481549
61380000,-0.003761813,0.7042215,-0.08614991
61384000,0.30350745,0.37225765,-0.30340484
61388000,0.3878873,0.17983952,-0.01027064
61392000,0.4585955,-0.004667081,0.55347896
61395999,0.56822896,-0.06312437,0.48442942
61400000,0.19908574,0.38654685,0.18506084
61404000,-0.44799697,0.47823822,0.17763938
61407999,-0.7896164,0.26429248,0.1949774
61412000,-1.1033185,0.33404368,0.3191851
61416000,-1.1149602,0.39940113,0.29798022
61419999,-0.08483589,0.32076967,-0.17653507
61424000,0.9735701,0.4584397,-0.5070994
61428000,1.1264945,0.43617368,-0.39710855
61431999,0.9224727,0.29086167,-0.08553443
61436000,0.41141438,0.74998915,0.030844796
61440000,0.034891274,1.259531,-0.35908395
61443999,0.023656111,1.2703722,-0.39242244
61448000,-0.3598227,0.8609685,0.26887202
61452000,-0.7394334,0.26226872,0.30183324
61455999,-0.4433151,-0.092932194,-0.35617137
61464000,-0.012497623,0.25471264,-0.1927564
61467999,-0.2548161,0.6146502,0.25914842
61476000,0.08764039,0.46702775,0.15810767
61479999,0.11260499,0.09861635,0.006165072
61484000,-0.009873997,0.18397596,-0.19966532
61488000,0.24266148,0.23456912,-0.16125675
61492000,0.14556777,0.50688976,0.18581305
61496000,-0.14508167,1.0314833,0.37995678
61504000,0.6161901,0.5802143,-0.22972901
61508000,0.1143333,0.35761216,-0.10048676
61512000,-0.67443484,0.26942688,0.36144754
61520000,0.02343741,-0.69501925,-0.10047674
61523999,0.10222958,-0.26460215,-0.389036
61532000,0.04429549,1.1198504,-0.17323087
61535999,0.28768957,1.0481055,0.13019228
61540000,0.31493032,0.29379362,0.4450288
61544000,-0.1698294,-0.009265401,0.5640639
61547999,-0.6082129,0.3052096,0.374217
61552000,-0.40573978,0.427423,0.1298247
61556000,0.19891264,0.484918,-0.115560554
61559999,0.42170385,0.6057627,-0.5340167
61568000,-0.33833915,0.12087108,-0.10315034
61571999,0.14823976,-0.29302922,0.5189585
61576000,0.20521387,-0.38244972,0.6712071
61583999,0.38348633,-0.21079268,-0.5392984
61588000,0.33398893,-0.21574563,-0.057570547
61592000,-0.16473877,0.13609186,0.47196987
61595999,-0.21169332,0.47306234,0.221023
61604000,0.23679528,0.25776762,0.036440987
61608000,0.16904901,-0.24666005,-0.040621467
61612000,-0.054983974,0.0311822,-0.05705965
61616000,-0.33819216,0.30811286,-0.26716208
61620000,-0.36830884,0.12582645,-0.477437
61624000,0.1577638,-0.046378605,-0.080855206
61632000,0.67817557,0.45434722,0.08298055
61636000,0.0964821,0.28437006,0.27531922
61640000,-0.44783124,0.12630223,0.28650996
61644000,-0.6444805,0.4162166,-0.31872252
61648000,-0.18595254,0.43243623,-0.673505
61651999,0.3174346,-0.21259679,-0.55511093
61656000,-0.024264038,-0.7248117,0.028941303
61660000,-0.45592082,-0.38248017,0.4319621
61663999,-0.23555107,0.535626,0.10842057
61668000,0.17798857,0.91454506,-0.34650406
61672000,0.39859244,0.44372183,-0.2630504
61675999,0.3327554,0.03233741,0.14493488
61680000,0.036695354,-0.08938443,0.24268499
61684000,-0.11951083,-0.04975518,0.26893434
61687999,-0.007609241,0.026298814,0.23902288
61692000,0.025750179,-0.16042581,-0.23921372
61696000,0.06273614,-0.14961824,-0.7163151
61704000,-0.47016212,0.2762393,0.64028096
61708000,-0.6830435,0.46640062,0.7739868
61716000,0.15890005,0.7042587,-0.00843247
61720000,0.5287658,0.5033102,-0.2996512
61723999,0.34816197,0.60423696,-0.16663495
61728000,0.006472468,0.8130789,-0.09253955
61736000,0.044972412,0.32753924,-0.35343963
61740000,-0.21963583,-0.123468705,0.07138197
61744000,-0.20053208,-0.41037655,0.20250773
61748000,0.111709826,-0.61183566,0.04729438
61756000,0.10361433,1.0582409,-0.06808997
61760000,0.08108921,1.1790345,-0.34200484
61767999,-0.069322474,0.5434161,0.25479218
61772000,-0.15796272,0.6550526,-0.046277687
61776000,-0.001451582,0.46178266,-0.13570875
61784000,0.1317559,0.6875841,0.5920924
61788000,0.3008798,0.8744974,0.29829222
61791999,0.17759955,0.9020817,0.10241926
61796000,-0.2853762,0.276299,-0.31451896
61800000,-0.57120085,-0.25479043,-0.59128165
61803999,-0.21719667,-0.121559985,-0.34543383
61808000,0.36039543,0.16207637,0.04174278
61812000,0.37324694,0.40811628,0.20055336
61815999,-0.10835755,0.5630088,0.09897055
61824000,-0.03726902,0.8559691,-0.20239376
61827999,0.40231076,1.3132578,-0.5257543
61832000,0.5564561,1.3364601,-0.39954507
61836000,0.47610945,0.73718107,0.12695706
61844000,-0.6771544,-0.20092268,0.5134463
61848000,-0.8154763,0.0634887,0.29554918
61856000,-0.35222614,1.138963,0.09204432
61860000,-0.111603715,1.2343506,0.16834366
61864000,-0.007187313,0.661907,0.16835004
61872000,-0.17162284,0.20193386,0.360182
61876000,-0.023404285,0.050480172,-0.24244586
61880000,0.2555703,0.14895746,-0.7944797
61888000,-0.21758255,0.0657886,-0.57788205
61892000,-0.31559363,-0.46412897,-0.006092176
61895999,0.039674222,-0.8805531,0.30144107
61904000,0.46994975,-0.2644871,0.037924945
61912000,-0.1379237,-0.2155104,-0.22822177
61916000,-0.44968447,-0.30459678,-0.05599442
61919999,-0.55026764,-0.020872474,0.04156357
61924000,0.19346932,0.074786305,0.1391298
61928000,0.6314411,-0.4991972,0.4129417
61931999,0.24299413,-0.9489964,0.5958755
61936000,0.03553305,-1.0162274,0.42052907
61943999,0.10771075,-1.0193365,-0.24570952
61948000,-0.11867471,-0.82333815,-0.19452015
61952000,-0.13180444,-0.68964475,-0.09261199
61960000,-0.062594816,-1.0885481,-0.04391639
61967999,0.092759565,-1.3257451,-0.5498661
61976000,0.5900537,-0.7035055,0.090059206
61979999,0.10893659,-0.056510806,0.04898425
61984000,-0.15939264,0.112076044,-0.033766355
61988000,-0.09370566,-0.73569673,0.2592084
61996000,-0.039300725,-1.5142506,0.3011549
62000000,-0.40843433,-1.1266072,0.001097471
62004000,-0.47794592,-0.6799929,-0.059386887
62008000,0.003609434,-0.6918958,-0.113972574
62012000,0.4099591,-1.144229,-0.1688872
62016000,-0.015653297,-1.283082,-0.17699292
62020000,-0.58160615,-1.1995841,0.0679352
62023999,-0.20309874,-0.96164846,0.18161616
62028000,0.13170741,-0.57387125,-0.04147006
62032000,-0.15612438,-0.7256138,-0.13472255
62035999,-0.19417575,-1.0687027,-0.12707752
62040000,0.06403483,-1.1966884,-0.014822448
62044000,0.29357746,-1.5047964,0.28527552
62047999,0.14135122,-1.5448055,0.35837767
62056000,-0.29315805,-0.78373027,-0.24888943
62059999,-0.04565253,-1.1388824,-0.12355722
62064000,0.17113782,-1.1793157,-0.028356425
62068000,-0.04106956,-0.8479308,0.18602863
62076000,-0.30284446,-0.87167156,0.062250543
62080000,0.002881568,-0.392084,-0.24958938
62083999,0.41879866,-0.32694235,-0.4293677
62088000,0.54462916,-0.5546493,-0.37994468
62092000,0.3990494,-1.0338888,-0.40998018
62095999,0.23796976,-1.1546358,-0.36642987
62100000,-0.41775554,-0.64707625,0.07765316
62104000,-0.70172566,-0.4130563,0.49841633
62108000,-0.07634914,-0.48589322,0.13258354
62116000,-0.10897486,-0.10824412,0.054407522
62120000,-0.1909845,-0.012212049,0.53591365
62128000,0.031221278,-1.0572255,0.55234396
62132000,-0.051536944,-0.78769165,-0.049892038
62136000,0.18168747,-0.06689574,-0.47667047
62140000,0.1236352,-0.034706235,-0.39937368
62144000,0.019401263,-0.67634594,-0.04323469
62151999,-0.2439374,-0.57279146,0.5966879
62156000,0.009688377,-0.34033692,-0.08377777
62160000,0.1815792,-0.24801347,0.101620585
62168000,0.24714322,0.24609703,-0.2504174
62172000,0.33367723,-0.13445939,-0.8634831
62175999,0.22345619,-0.54047364,-0.84209955
62180000,-0.13460656,-0.76772845,-0.566067
62184000,-0.44861364,-0.52400607,-0.14466424
62187999,-0.40967578,-0.07709503,0.29864907
62192000,-0.002911404,0.0865741,0.43738094
62196000,0.24121785,0.13095468,0.27533334
62199999,0.121152624,0.28343827,0.33512428
62204000,-0.057690036,0.2515592,0.327838
62208000,-0.42036033,0.04196983,-0.1501088
62211999,-0.59178495,0.07237348,-0.45387897
62216000,-0.1837761,-0.1548759,-0.124645606
62220000,0.14067394,-0.5112216,0.05202242
62223999,0.2594669,-0.1382729,-0.4348256
62228000,0.5403904,0.32543513,-0.5526035
62236000,0.10166639,-0.34435058,0.5182229
62244000,-0.07800306,0.099738225,0.59205186
62252000,0.1855008,0.94471776,-0.5085813
62256000,0.25448382,0.6487093,-0.82975185
62260000,0.2184088,0.18358006,-0.91299224
62267999,-0.34975713,-0.09598738,-0.24626732
62272000,-0.53171915,-0.44749448,0.20350301
62279999,0.35284388,0.3582621,0.8187703
62284000,0.028944604,0.400133,0.13809347
62288000,-0.22642006,0.12467189,-0.120476454
62291999,-0.24194755,0.13370287,0.14131482
62296000,-0.15781038,0.21725637,0.11834538
62300000,-0.29181212,0.3121789,0.29529053
62303999,-0.40636498,0.32806233,0.72035325
62308000,-0.070318654,-0.068936676,0.34913504
62315999,0.37261274,0.16801944,-0.61196524
62320000,0.63720536,0.56191826,-0.4631226
62324000,0.43138593,0.7272539,-0.07898208
62332000,-0.4532629,0.11453702,0.12278935
62339999,0.08446315,0.08217961,-0.12714756
62344000,0.182933,0.3346603,-0.20581177
62348000,0.24829441,0.27174127,-0.2574718
62351999,-0.010949463,0.17055349,-0.130696
62360000,-0.28095728,0.61142164,-0.41213453
62368000,0.4348297,0.4741388,0.25255653
62372000,-0.17095202,0.019809216,0.48083973
62380000,0.23196712,-0.31507266,0.3231265
62384000,0.31444138,-0.05326848,0.17340061
62388000,-0.003297806,0.6186874,0.27484396
62392000,-0.12131259,0.93573254,0.46319115
62395999,-0.019259706,0.47926366,0.40255043
62400000,-0.02707509,-0.07612391,0.24936312
62404000,0.15452044,-0.29788816,0.10245708
62407999,0.3415532,0.032523915,-0.20496428
62412000,-0.27820912,0.47064096,-0.3259865
62419999,-0.052946687,0.23218834,-0.54946244
62424000,-0.1423776,-0.2924385,-0.17891856
62428000,-0.57027876,-0.5810871,0.32786837
62431999,-0.45321798,-0.28575554,0.46881977
62436000,-0.10602005,0.35393256,0.49905646
62440000,0.33862293,1.0483086,0.04447943
62443999,0.70359486,1.1969361,-0.5186018
62448000,0.2717216,0.80135703,-0.41215038
62452000,-0.181712,0.63861024,-0.020426236
62455999,0.16700199,0.57519406,0.30228323
62460000,0.48780435,0.16602074,0.24769224
62464000,0.36245188,0.04527788,-0.008067183
62472000,0.052048907,0.66648173,0.05402054
62476000,-0.16992798,1.1227186,0.14522451
62479999,-0.107326284,1.096289,0.20354284
62484000,0.05305832,0.09817171,0.045692883
62488000,-0.28447908,-0.42956507,-0.4844758
62492000,-0.660276,-0.16489929,-0.8071329
62496000,-0.59205157,0.27719742,-0.45280802
62504000,-0.30017376,0.9611527,-0.2348322
62508000,0.2521612,0.88566405,-0.19821304
62512000,0.6107893,0.6951453,0.07246706
62516000,0.24009873,0.34688932,0.2315825
62520000,-0.043687616,0.38712502,0.5628671
62523999,-0.14376077,0.30397153,0.7064488
62528000,-0.383148,0.05814871,0.38096172
62532000,-0.105739325,0.03925267,-0.122875676
62535999,0.19076079,-0.07294808,-0.70774513
62540000,0.22499062,-0.22338574,-1.0351053
62544000,0.28289396,0.053032763,-0.63956475
62547999,-0.05999148,0.484448,-0.08614356
62552000,-0.3844494,0.50085616,0.35511622
62559999,-0.1564757,0.713571,0.40303138
62564000,0.11504373,0.6823368,-0.21613178
62568000,0.37676755,0.70193636,-0.35796928
62571999,0.22831741,0.7518348,0.071263716
62576000,0.00575706,0.38016278,0.2616685
62580000,0.24811631,-0.17760098,0.000806987
62588000,0.73800975,0.16836186,-0.11779993
62592000,0.5732615,0.40488437,0.058415197
62595999,0.16113473,0.43589246,-0.040160663
62600000,-0.37655583,0.5784629,-0.38988322
62608000,-0.39432573,-0.35190982,-0.110595465
62612000,0.3440579,-0.346176,0.20484838
62620000,0.506783,0.121873535,0.4593336
62624000,0.19335872,-0.06595558,0.13563961
62628000,-0.15629303,-0.029220209,0.30918288
62632000,-0.27865684,-0.20097834,0.38498104
62640000,-0.8693765,-1.3863261,-0.06559295
62644000,-0.7095165,-0.77461445,0.09589481
62648000,-0.14192922,0.41040114,0.02158244
62656000,0.30760428,0.50181705,-0.3593944
62660000,0.17670605,-0.001996696,-0.45640898
62663999,0.2518894,0.06014294,-0.29488814
62668000,0.0397962,0.15720408,-0.385678
62672000,-0.5277866,-0.057250306,-0.59677887
62675999,-0.7870259,-0.13324028,-0.3584879
62680000,-0.33515888,-0.1735009,0.28835845
62684000,0.011349868,-0.068903714,0.65382516
62687999,-0.11261582,0.005331319,0.4497729
62692000,0.14449774,-0.05502452,0.069907025
62696000,0.6761957,0.2753088,-0.41722846
62699999,0.61686474,0.56733423,-0.6877977
62704000,0.2628529,0.58162177,-0.060853466
62711999,-0.4344941,0.74401826,0.5385884
62716000,-0.5670711,0.56180936,0.3414706
62723999,-0.046158887,-0.11011711,-0.4077433
62728000,-0.001454338,0.5122585,-0.6684999
62736000,-0.07191232,0.85904217,-0.19279066
62744000,0.20183991,0.37305874,-0.33244297
62748000,0.07237093,-0.19175823,0.1402395
62752000,-0.13045858,0.006144717,0.54194385
62760000,-0.11963998,1.259181,0.18924138
62764000,0.18803325,0.9768446,0.24488916
62767999,0.5357441,0.6134444,0.23973978
62772000,0.5386486,0.41283554,-0.3601437
62776000,-0.07487191,0.23051545,-0.45796928
62779999,-0.5967411,0.393146,0.4812663
62784000,-0.3034612,0.4772908,0.9235021
62788000,0.43849775,0.17360684,0.61260283
62791999,0.6043721,-0.007159911,0.06508743
62800000,-0.30627134,0.28969204,-0.5065845
62803999,0.023283198,0.59270877,-0.26743156
62808000,0.30107853,1.0163634,-0.09730052
62815999,0.006590933,1.6083295,0.18148047
62824000,-0.62042236,0.20534463,-0.06628128
62827999,-0.19465736,-0.28689978,0.07731435
62832000,0.06639797,0.005363107,0.14160475
62836000,0.36646846,0.10947934,0.07177151
62844000,0.034838364,1.0450866,0.050121084
62848000,-0.6777668,1.1696966,-0.46330804
62851999,-0.6818985,0.7602241,-0.59074193
62856000,0.09584534,0.32961053,-0.15866312
62860000,0.69900084,0.30871356,0.31433427
62868000,0.2513212,0.8268505,0.50355595
62872000,0.16041347,0.8541948,-0.2103469
62876000,0.14937809,0.49674165,-0.60830027
62880000,0.035608124,0.37302956,-0.40252864
62884000,-0.36995256,0.67320216,0.122991696
62888000,-0.74331886,0.52058357,0.42242298
62892000,-0.5029211,0.007558465,0.117757596
62895999,0.078649044,-0.20479901,-0.36752382
62904000,0.30803895,-0.35908383,-0.28861135
62907999,0.4760021,-0.5603529,-0.1304197
62916000,0.37358272,-0.64769876,0.6948349
62919999,0.018353254,-0.65011865,0.82014
62928000,-0.31889167,-0.40457457,0.21585494
62936000,-0.63123286,0.2801904,-0.32205486
62943999,-0.004454859,-0.40891957,-1.0831381
62952000,0.3667751,-0.37653476,-0.15326583
62955999,0.4084885,-0.49682432,0.0663515
62960000,0.48173898,-0.7931041,0.2195433
62964000,0.026203632,-1.072188,0.3082759
62967999,-0.39299247,-1.1265756,0.47535866
62972000,-0.254026,-1.3156985,0.61762446
62976000,-0.101795875,-1.6585114,0.24766928
62979999,-0.06582274,-1.3889295,0.17437884
62984000,-0.099052764,-0.63687456,0.41895673
62992000,0.36185998,-0.25733665,-0.40870726
62996000,0.23786417,-0.37497744,-0.44175723
63000000,-0.032480992,-0.82208925,-0.3657568
63004000,-0.057122402,-0.95190454,-0.29355428
63008000,-0.3950529,-0.8862145,-0.2898734
63012000,-0.8380939,-1.3186581,-0.12581575
63016000,-0.52564263,-1.6602907,0.015794616
63020000,0.43671057,-1.2160153,-0.12874603
63023999,1.136474,-0.62983584,-0.14676729
63028000,1.0247042,-0.7512515,0.21152386
63032000,0.31091246,-1.3274877,0.25527978
63035999,-0.29305157,-1.358107,-0.02826628
63040000,-0.4349739,-0.7644152,0.14086427
63044000,-0.44225192,-0.42473084,0.36716136
63047999,-0.48410672,-0.70053756,0.24335
63056000,0.44086862,-0.69843155,0.45685244
63059999,0.10225558,-0.7762509,0.33620033
63064000,-0.121048406,-1.3869607,-0.016930059
63068000,0.050304107,-1.1590353,-0.06863497
63071999,-0.040622555,-0.89620537,-0.09122037
63076000,0.11639756,-1.307869,-0.17873052
63080000,0.27236673,-1.2816322,-0.0638468
63088000,-0.22645277,-0.40218744,-0.5434247
63092000,-0.11382521,-0.55505157,-0.4247843
63095999,-0.28978825,-0.6258456,-0.214584
63100000,0.056440875,-0.45191422,-0.07083278
63104000,0.2506529,-0.55382603,0.23870029
63108000,-0.057493165,-0.886944,0.49954072
63116000,0.29801112,-0.40453982,-0.39105743
63120000,-0.2589571,-0.8034402,-0.47790012
63124000,-0.7239887,-1.239483,-0.17114052
63128000,-0.36932242,-0.7753078,-0.08698952
63132000,0.286156,0.012869149,0.050808594
63136000,0.47830856,0.070253395,0.24468844
63144000,-0.3613112,-0.58895445,-0.04258965
63148000,0.14023238,-0.23242226,-0.012347527
63151999,0.44736135,-0.3363135,0.16598666
63160000,0.21861668,0.091974355,-0.16612063
63163999,0.76251316,-0.30376995,-0.32572004
63168000,0.22737856,-0.80335295,0.008221835
63172000,-0.16115995,-0.86069536,0.52532876
63180000,0.09870672,-0.69128925,-0.17639805
63184000,-0.37668297,-0.30843267,-0.50034773
63187999,-0.604179,0.065848894,-0.5750679
63192000,-0.43345767,0.18056634,-0.21953405
63199999,1.1541469,0.036133148,0.763688
63204000,0.6789723,-0.122647494,0.6343947
63208000,-0.18695173,-0.10317117,0.15045506
63216000,0.5043007,0.501838,-0.27104285
63220000,0.31811732,0.38035423,-0.6632238
63223999,-0.274089,0.14792012,-0.8551026
63232000,-0.6097801,-0.6331305,0.61951655
63236000,-0.029533066,-0.5957658,0.56447875
63240000,0.60836,-0.22415945,0.09039767
63244000,0.8308926,0.17121413,-0.17174193
63248000,0.26694334,0.29649282,-0.01315701
63256000,-0.034286544,0.52388525,-0.13465756
63264000,0.31047672,-0.49204248,0.16803667
63267999,0.01820074,-0.7555673,0.067826636
63272000,-0.17281659,-0.5478789,0.24263024
63276000,0.1772301,-0.2509201,0.4326328
63284000,-0.11056082,0.7019447,0.34915388
63288000,-0.3167169,1.0860394,-0.2348485
63291999,-0.2841667,0.8504605,-0.53985375
63300000,0.57688135,0.4785472,-0.41266838
63303999,0.49053502,0.28404385,-0.22397591
63308000,-0.25468874,0.24476412,-0.110002376
63315999,-0.82544935,-0.2055497,0.43679482
63320000,-0.1189028,0.1099028,0.64403623
63324000,0.33648932,0.497126,0.27518007
63332000,0.71841866,-0.45850304,-0.17268775
63336000,1.11518,-0.12248172,-0.32218617
63344000,-0.3329836,0.29637396,0.03428442
63348000,-0.9460881,0.65017456,-0.2009918
63351999,-1.0723115,0.8021986,-0.03404261
63356000,-0.43358192,0.2117303,0.18883094
63360000,0.47531503,-0.32745296,0.06797294
63364000,0.681739,-0.08430594,-0.1695197
63368000,0.2007279,0.67017967,-0.35905832
63376000,0.016406499,0.37550598,0.33904395
63380000,0.25621408,-0.2906092,0.64899796
63384000,-0.18239638,-0.1940135,0.25607303
63388000,-0.6036604,0.40778068,-0.025122967
63392000,-0.3770439,0.7819332,0.31848902
63395999,0.30769497,0.7273629,0.56581616
63400000,0.6615904,0.24954174,-0.018614113
63407999,0.054765463,-0.23229435,-0.83518565
63412000,-0.14184251,0.18733606,-0.6210815
63416000,-0.48896962,0.23442829,-0.4404859
63419999,-0.72455347,0.12683932,-0.096775815
63424000,-0.3889433,0.18143031,0.36312932
63428000,0.26052308,-0.07587676,0.5464324
63431999,0.5141797,-0.25352815,0.13518052
63436000,0.5331468,0.06916421,-0.24775109
63440000,0.4831846,0.3857279,0.10496913
63443999,0.18473506,0.74896336,0.43061256
63448000,-0.090220675,0.9708375,0.1517857
63452000,-0.13821805,0.6248865,-0.10377784
63455999,-0.26268333,0.08663545,-0.01651378
63464000,-0.02057916,0.53126997,-0.28990093
63467999,0.03776176,0.62659097,-0.13023087
63472000,-0.034919683,0.194912,0.011342578
63476000,0.2599903,0.19037415,-0.017635956
63479999,0.25191888,0.39629704,0.294306
63484000,-0.2890126,0.44666052,0.3513402
63488000,-0.46963337,0.32143006,0.1168872
63492000,-0.13220754,0.15719905,-0.22474575
63496000,0.12879518,0.152542,-0.8430247
63504000,0.2562852,0.5937892,-0.15939136
63508000,0.021267429,0.4833399,0.37772766
63516000,0.065287106,0.2813295,0.26838863
63520000,0.11435611,0.5812018,0.10076096
63523999,0.57125044,0.6382357,0.3333053
63528000,1.0216465,0.5303169,0.58408225
63532000,0.36064136,0.70065576,0.20533013
63535999,-0.5285337,0.8319309,-0.068345286
63540000,-0.53097844,0.22920056,-0.004021961
63544000,-0.53793937,-0.2164256,-0.16150361
63547999,-0.7306332,0.12854674,-0.24983537
63556000,-0.060392305,0.7556277,0.8113067
63564000,0.37953645,0.08798404,-0.05099456
63568000,0.10763596,-0.27605012,-0.30816785
63571999,-0.32801017,-0.3062449,-0.5215315
63576000,-0.2197594,0.05087384,-0.51815563
63583999,-0.398124,0.18367968,-0.6196045
63588000,0.08961733,0.4341838,-0.32259458
63592000,0.61335284,0.47312683,-0.055417523
63595999,0.50481194,0.06303086,0.23390551
63604000,-0.10630251,0.7905856,0.39656126
63612000,-0.27429062,0.2939518,0.38109982
63616000,-0.74580896,0.06033505,0.5833898
63624000,0.07777406,0.4612008,-0.1576578
63628000,0.7752028,0.10492866,-0.17070833
63632000,0.9482742,-0.44771078,-0.34398082
63636000,0.21944024,-0.51090354,-0.40378967
63644000,-0.25712663,0.2592831,-0.15413456
63648000,-0.3499765,0.29488826,0.21780857
63656000,0.07780804,-0.10446959,0.4371934
63660000,0.7054135,-0.07703107,-0.2996161
63663999,0.41577932,-0.026976556,-0.7658529
63668000,-0.47155678,0.30339438,-0.19500764
63672000,-0.59778273,0.597697,0.447695
63675999,0.021833718,0.6366565,0.5047922
63680000,0.59248257,0.4335468,0.39960423
63684000,0.7697401,0.033586584,-0.101242796
63687999,0.10947175,-0.11675672,-0.52927816
63692000,-0.78777814,-0.05439201,-0.35120723
63696000,-0.7796205,-0.20752223,-0.08283657
63704000,-0.3954827,0.26890042,-0.11369299
63708000,-0.10762563,0.22927538,-0.13286805
63711999,0.15401298,0.26884663,-0.06590782
63716000,0.21272801,0.4067205,-0.05886782
63720000,0.3001507,0.5030495,0.002604901
63723999,0.5233482,0.67256504,-0.047263958
63728000,0.07774834,0.56038165,-0.1622193
63732000,-0.66448444,0.29036415,0.013509519
63736000,-0.47614348,0.29419455,0.19536515
63740000,0.33947992,0.43511143,0.2129524
63744000,0.6544394,0.61980844,0.39228874
63748000,0.17118764,0.6520691,0.5256969
63756000,-0.3404304,-0.07927215,0.0792804
63764000,0.24630994,0.26974958,-0.20039742
63767999,0.20950963,0.8487474,-0.09717695
63772000,0.17132239,1.0070995,-0.31537423
63776000,0.000773586,0.6570557,-0.5062833
63784000,-0.13301718,0.037271842,-0.12022364
63788000,-0.10126925,0.27981675,0.7387848
63791999,-0.3463413,0.67394465,1.0666769
63796000,-0.537075,0.8592833,0.27965572
63800000,-0.2228308,0.91476214,-0.34299552
63803999,0.27273527,0.9824276,-0.42457163
63808000,0.45675245,0.5562755,-0.31058577
63816000,-0.10170623,-0.026755486,-0.23414215
63820000,-0.110640235,0.57001597,-0.28027317
63828000,0.3149553,1.2487581,0.08133458
63832000,-0.27463213,1.0852902,-0.31545377
63836000,-0.4502076,0.4321797,-0.27187198
63840000,-0.11540472,0.06484703,0.37804502
63844000,0.09931931,0.28610432,0.7088014
63848000,-0.019552965,0.04214862,0.31164393
63856000,-0.31404006,0.24001136,-0.9205631
63860000,-0.002143249,0.8552331,-0.6896992
63864000,0.12815642,0.8906323,0.07329881
63872000,0.0479561,1.0270041,0.53376126
63876000,-0.21185201,0.80088496,0.42237544
63884000,0.38120294,0.394171,-0.91731626
63888000,0.54849046,-0.0836108,-0.8925112
63892000,-0.03899473,-0.4610591,-0.16219641
63896000,-0.6116247,-0.49721265,0.49050742
63904000,-0.06448715,-0.050044782,0.5388018
63908000,0.06431034,0.17041625,0.7118189
63916000,0.3997592,0.9789453,0.000730664
63920000,0.5579038,0.73601824,-0.5848352
63924000,0.19106698,-0.46684083,-0.5443818
63928000,-0.291603,-1.1569011,-0.15535781
63932000,-0.30979383,-1.1032696,-0.068436615
63936000,0.04205489,-0.8497648,-0.052143753
63940000,-0.020081058,-0.31132537,0.008409817
63948000,0.09403862,0.000943044,0.46743724
63952000,0.48929334,-0.253783,0.19265282
63956000,0.63677114,-0.32373083,-0.4954412
63960000,0.46951705,-0.4726978,-0.30917174
63964000,0.018062443,-0.93728113,0.12929824
63972000,-0.37887245,-1.6921985,-0.080078274
63976000,-0.17516208,-1.3788224,0.21516636
63984000,0.23636717,-0.3931316,0.1957301
63988000,0.4701369,-0.51168954,0.3402199
63992000,0.25179106,-1.0362417,0.32586324
63996000,-0.39603525,-1.177287,-0.13766234
64000000,-0.62356395,-1.0227671,-0.28667203
64004000,-0.656279,-0.86109895,-0.32597518
64008000,-0.6298244,-0.6377893,-0.3986137
64012000,-0.14785422,-0.4064334,-0.12514842
64016000,0.2356744,-0.46447253,-0.06629475
64020000,0.20396787,-0.8037364,-0.32300985
64024000,0.1901805,-1.1061419,-0.38267145
64032000,-0.12618184,-1.7932644,0.48221067
64040000,-0.29233277,-1.046106,0.2445314
64044000,0.10108939,-1.202456,-0.42536217
64048000,0.27486008,-1.392691,-0.68955433
64052000,0.23903564,-0.9890725,-0.37779406
64056000,0.2629867,-0.5297524,0.33029413
64060000,-0.046895474,-0.6854677,0.59741753
64064000,-0.51788586,-0.86933273,0.40105337
64072000,0.13568322,-0.98848116,-0.1909918
64076000,0.20246467,-1.1212741,-0.42998987
64080000,-0.04062043,-0.96831155,0.047099262
64084000,0.16882916,-0.7058904,0.57234436
64088000,0.19616814,-0.78368735,0.16273479
64092000,-0.26143104,-0.77248394,-0.4342246
64096000,-0.3757198,-0.23458013,-0.33364135
64100000,0.036268577,-0.01330933,-0.21055572
64104000,0.3972602,-0.23362343,0.022190005
64108000,0.35603452,-0.33704507,0.43539575
64116000,-0.24449746,-1.355003,0.20656615
64120000,-0.08538523,-1.6460454,-0.027624741
64124000,0.36376482,-1.49179,0.13137612
64132000,-0.09981334,-0.42376044,-0.075133294
64136000,-0.14950253,-0.3541021,-0.6818806
64140000,-0.42844048,-0.37341127,-0.53764004
64144000,-0.411702,-0.31300086,-0.24102297
64148000,0.2939229,-0.63355404,-0.2058562
64156000,0.56732917,-0.47063395,0.11688863
64160000,-0.08420257,-0.44035995,0.5425852
64164000,-0.45161158,-0.5182885,0.60170954
64168000,-0.46351045,-0.3401059,0.6849574
64172000,-0.45486835,-0.08481013,0.5689745
64176000,-0.23878402,0.06640924,-0.04247023
64180000,0.011809903,0.10418507,-0.21430507
64184000,0.21580333,0.14339012,-0.07486983
64188000,0.63686466,-0.3178221,-0.40694365
64192000,0.95821285,-0.8937461,-0.7455515
64200000,-0.40962282,-0.06452699,-0.20665815
64204000,-0.83571494,0.1722369,0.08007275
64208000,-0.50267303,-0.000256531,-0.019720182
64212000,0.18741696,0.1058897,-0.10126849
64216000,0.026604235,0.6324562,0.10843646
64220000,-0.5712329,0.7402462,0.61516136
64224000,-0.13335648,0.12787515,0.8497834
64228000,0.51163316,-0.43458247,0.26354682
64232000,0.18988696,-0.49960732,-0.24633782
64236000,-0.03520346,-0.40833086,-0.18640685
64244000,-0.02862557,-0.03132209,-0.042680234
64248000,0.005239695,0.15078443,-0.1851876
64252000,-0.21319818,-0.000755981,-0.33975175
64256000,-0.47899136,0.009359695,-0.091981
64260000,-0.29348612,0.032751452,0.118479304
64264000,0.12954271,-0.13905089,-0.07117567
64268000,0.31926265,0.09137847,-0.023212641
64272000,0.015011892,0.57184476,0.4081831
64276000,-0.25414756,0.5813836,0.5991752
64280000,-0.33585468,0.3433175,0.1980876
64284000,-0.35632107,0.18675509,-0.33460516
64288000,-0.1714778,-0.026864752,-0.5211443
64296000,0.25343528,-0.24229643,-0.16142873
64300000,0.25732788,0.12616344,0.1863316
64304000,0.42450517,0.6841236,0.036058858
64308000,0.50004625,0.7129127,0.13809985
64316000,-0.011165269,0.29028517,0.4063291
64320000,-0.09008569,0.18863554,0.17235973
64324000,-0.1681312,0.5085646,-0.38844585
64328000,-0.29411775,1.3186053,-0.64542377
64336000,0.24264179,0.81630373,-0.2751793
64340000,0.45026183,0.48308548,-0.43552843
64344000,0.29276502,0.5488212,-0.17157002
64348000,-0.1563631,0.8634,0.1069595
64352000,-0.22726664,0.8078172,-0.07215941
64360000,0.057776164,0.80265266,0.032931235
64368000,0.5494987,1.8886889,0.9192681
64372000,0.36764023,1.5563701,1.0379977
64376000,0.14540656,1.0221853,0.8451512
64380000,0.2551557,0.81090254,0.20880699
64384000,0.61392087,0.6778765,-0.74103147
64388000,1.0876261,0.4574728,-1.3624797
64392000,1.4214307,0.26771787,-1.1281991
64396000,1.2621,0.15346935,-0.3727714
64400000,0.8306382,0.5899322,0.28063604
64404000,0.8674963,1.409526,0.5314341
64408000,1.1847295,1.8854191,0.35465732
64412000,1.3529392,1.5967638,0.37839964
64416000,1.4940543,1.1625005,0.5380343
64424000,0.99483514,0.7860248,0.49644238
64428000,0.9397366,0.7068036,0.37628466
64432000,1.2946221,0.876851,-0.04462348
64440000,1.651676,0.49568564,0.15606043
64448000,1.7678845,0.46450478,-0.6477132
64452000,1.3032256,1.0895926,-0.60050136
64456000,1.2319626,1.3563668,-0.07437828
64460000,1.5784982,1.013953,0.063800514
64464000,2.0744362,0.6701505,-0.004584588
64468000,2.408777,0.8256345,-0.15078104
64472000,2.1465316,1.296892,-0.20359291
64476000,1.5756603,1.6015224,0.08754778
64480000,1.2296628,1.1942266,0.34269023
64484000,1.252684,0.51867086,0.44266567
64488000,1.7688758,0.5244219,0.49851698
64492000,2.2707675,0.9065814,0.27820408
64500000,1.813401,0.43656927,0.17279851
64504000,1.3671212,-0.304689,-0.020759478
64508000,1.4873002,-0.13075434,-0.5047804
64516000,2.1030746,0.6854329,0.6981077
64520000,1.9196652,0.5105796,1.2235245
64524000,1.8327906,0.51047283,0.5725916
64528000,1.9578325,0.6615548,-0.11009465
64532000,1.9371331,0.9340067,-0.28022826
64536000,2.000547,1.1365566,-0.5064837
64540000,2.2700675,1.3629503,-0.32947055
64544000,2.2835193,1.1913055,0.24290526
64548000,1.9413655,0.79431975,0.40419364
64556000,2.639068,0.67540675,0.23079517
64560000,2.7806475,0.32563066,0.6296803
64564000,2.3806713,0.027811363,0.8058936
64568000,2.0351088,0.019517332,0.27889216
64576000,0.76305723,0.09878023,0.22904812
64584000,1.6213576,1.047245,0.33529377
64588000,2.5139701,0.44659758,0.1816561
64592000,2.6323073,0.057553343,0.025500864
64596000,1.8461047,0.6095951,-0.008794079
64600000,1.1000634,0.7863802,-0.022485424
64604000,1.2168931,0.24550869,0.2153598
64612000,1.995011,-0.3320905,0.57694125
64616000,2.0423923,-0.041685164,0.79273695
64624000,2.14321,0.16295858,0.17115791
64632000,1.9172703,0.8520597,-0.08365493
64636000,1.8082082,1.1291991,-0.003940236
64640000,1.6210744,0.804744,0.38113403
64648000,2.1601048,-0.041530296,0.68369055
64656000,2.2182293,-0.108869195,0.10082404
64660000,2.2286353,-0.057617664,-0.009868242
64668000,1.703603,-0.12635164,0.4485649
64676000,1.1784198,0.14275785,0.1271248
64680000,1.5449457,0.5903263,0.355812
64688000,1.9312483,1.0026155,0.5898414
64692000,1.9280602,0.21542563,0.63390726
64696000,1.7506177,-0.44886097,0.4303295
64700000,1.6894252,-0.41352463,-0.23584223
64704000,2.1521895,-0.3352422,-0.68811136
64708000,2.3819537,-0.21122788,-0.21897471
64716000,1.2795634,0.19595852,0.89417076
64720000,1.6092368,0.17172836,0.8586522
64724000,2.0094604,0.098523945,0.6911339
64732000,1.6790555,0.4442948,-0.15996332
64736000,1.7071276,0.29984546,-0.44333118
64744000,1.2394238,0.05886075,-0.10970606
64748000,1.5205171,0.559824,0.74556935
64752000,1.6793828,0.5910959,1.1365317
64756000,1.840864,0.32419437,0.90903604
64760000,1.9452568,0.29032147,0.56085706
64768000,1.7734488,0.105504826,0.44269207
64776000,1.2906883,-0.5005249,0.6431851
64780000,1.0033319,-0.2972306,0.41570467
64784000,1.1359308,0.10003609,0.18895802
64788000,1.5530739,0.29407227,0.31781173
64792000,1.4103708,0.19503263,0.77650625
64796000,0.9906677,0.059978478,0.66146517
64800000,0.9824454,-0.3005757,0.18269378
64804000,0.97405255,-0.90958583,-0.04299459
64812000,0.20281902,-0.1859436,-0.07454721
64816000,0.6776672,0.44253856,-0.30061525
64820000,0.83200073,0.44333443,0.0818447
64824000,0.52504694,0.44945168,0.6338573
64828000,0.329118,0.26130316,0.47274116
64832000,0.21030076,-0.29543558,0.11545889
64836000,0.12116465,-0.717884,0.23060305
64840000,-0.089828774,-0.55245197,0.4709192
64844000,-0.23020479,0.19432354,0.46260428
64848000,0.101474024,0.4132588,0.5523356
64856000,0.63405955,0.058930077,0.5601398
64860000,0.43935147,-0.19145459,0.1704885
64864000,0.21235648,-0.57685924,0.12562379
64868000,-0.24529177,-0.82000804,0.37436783
64876000,-0.50034136,-0.16489616,0.13704175
64880000,-0.571845,0.20359594,0.5537562
64884000,-0.96389085,0.47580978,0.67004913
64888000,-0.8995152,0.48602706,0.2732871
64892000,-0.4809521,0.114376426,-0.124253385
64896000,-0.72708523,-0.1479796,-0.053796843
64904000,-0.43476692,-0.36601195,0.45503902
64908000,-0.32799086,-0.20783436,0.258017
64912000,-0.34489042,-0.31146947,0.031220362
64920000,-0.44648048,-0.08109929,0.24880455
64924000,-0.64266765,0.029873062,0.1751275
64932000,-0.3431235,-0.40316358,-0.011969768
64936000,-0.22197512,-0.14419378,-0.26900947
64940000,-0.5415568,-0.07543552,0.13675848
64944000,-1.0300579,-0.053696096,0.6482801
64948000,-1.206122,0.2856929,0.6352402
64952000,-1.0046248,0.6372436,0.60800034
64956000,-0.8475398,0.10304305,0.52021897
64964000,-1.1896932,-0.24503988,0.17288397
64968000,-0.78959835,0.45420304,0.51309776
64972000,-0.41977757,0.7921677,0.28525263
64976000,-0.32503176,0.63081825,-0.020362955
64980000,-0.8147115,-0.09215011,-0.084559634
64984000,-1.1406535,-0.6478926,0.03645232
64988000,-0.79604715,-0.54571265,0.60448503
64992000,-0.6529058,-0.24985075,0.7811103
64996000,-0.812145,0.28387567,0.30504203
65004000,-1.3573025,-0.6957501,0.15884502
65008000,-1.3267165,-1.215956,0.32896665
65012000,-1.0138366,-0.56901145,0.22036506
65016000,-0.6172392,0.13808115,0.40559578
65020000,-0.28440478,0.70521533,0.74609256
65024000,-0.5609405,0.6326486,0.5904515
65028000,-0.99661976,0.2191766,0.36495623
65032000,-1.0474925,0.35329995,0.46406758
65036000,-1.032201,0.6030972,0.6249062
65044000,-0.8321394,0.54638153,-0.124916665
65052000,-1.2898287,-0.49212593,0.73363465
65056000,-1.452708,-0.18503086,0.6493729
65060000,-1.3681191,0.1707393,0.34599292
65064000,-1.18336,-0.08356006,-0.06016447
65068000,-0.51069516,-0.32989687,-0.36399716
65072000,0.08097184,0.321571,0.20821819
65076000,-0.3726315,1.1189216,0.6563898
65084000,-1.146133,-0.23385271,-0.13832746
65088000,-0.8130809,-0.64025474,-0.053350985
65092000,-1.0247588,-0.8350897,-0.1101595
65096000,-1.2283224,-0.36362737,0.053169966
65100000,-0.80557144,0.26149812,0.30674228
65104000,-0.59022737,0.17371462,0.2519395
65108000,-0.870423,0.16299973,0.355152
65112000,-1.1405652,0.56004924,0.6971549
65116000,-1.290855,0.78525376,0.773643
65120000,-1.2628391,0.68900377,0.5973083
65128000,-1.5662036,0.0406788,0.35641253
65132000,-1.408028,-0.29357168,0.7082472
65136000,-0.72218263,-0.5331548,0.45349747
65140000,-0.25828466,-0.5000083,-0.48296994
65144000,-0.37304306,-0.06662787,-0.60753167
65148000,-0.5806602,0.3101086,-0.06504938
65152000,-0.7225361,0.33904278,0.3423312
65156000,-1.0581696,0.29980192,0.6119957
65164000,-0.9039356,0.28840798,0.40824145
65172000,-0.6851005,-0.13275595,0.034642063
65176000,-0.908721,0.18331125,0.2839015
65180000,-0.74750996,0.39925683,0.22634786
65184000,-0.5783644,0.09849797,0.107378535
65188000,-1.0690688,-0.005623046,0.15879725
65192000,-1.3769308,0.1440037,0.13916975
65196000,-1.309682,0.086345784,0.34464702
65200000,-1.4729801,0.026318697,0.6263732
65204000,-1.3272002,-0.1120379,0.4815697
65208000,-0.9550177,-0.11949776,0.26195318
65212000,-0.5761562,0.2240862,-0.035704866
65216000,-0.35896388,0.25993422,-0.22977474
65220000,-0.5925844,-0.057544164,0.054155447
65224000,-0.59740543,-0.09281477,0.36891437
65228000,-0.7829216,0.1968591,0.39776605
65232000,-1.4403019,0.39083233,0.47331136
65236000,-1.316077,0.28717932,0.4996639
65244000,-1.1248404,-0.055748727,0.20044897
65248000,-1.1084207,0.11670998,0.06298495
65256000,-0.6555386,0.8373932,0.9938303
65260000,-0.8095689,0.90636486,0.87167835
65264000,-0.8152648,0.45817015,0.38352507
65268000,-0.7007782,-0.25756922,-0.42010272
65272000,-0.482009,-0.55223405,-0.7471266
65276000,-0.20989253,-0.26964658,-0.27063832
65280000,-0.22005725,0.14514628,0.1095719
65284000,-0.59125906,0.3630472,0.41747501
65288000,-1.07373,0.23218659,0.56176955
65292000,-1.3562764,-0.07161914,0.34371716
65300000,-0.89772743,0.20054598,0.46423405
65304000,-0.66545606,-0.007537782,-0.060107052
65308000,-0.63441026,-0.23632942,-0.4663581
65316000,-1.2129971,-0.12819381,0.47045985
65324000,-1.8822414,0.53786427,-0.13114946
65328000,-1.2204475,0.5152084,0.01188679
65332000,-0.18375647,0.33042067,0.23905489
65336000,0.3486796,-0.022866018,0.63391125
65340000,0.09925983,-0.35913983,0.6305062
65344000,-0.39866298,-0.15538254,0.25040886
65348000,-0.90509176,0.2139238,-0.29544497
65352000,-1.2777098,0.33785033,-0.52416754
65356000,-1.2388772,0.3165542,-0.12472425
65360000,-1.1294886,-0.06726082,0.22464892
65364000,-1.0358199,-0.44011256,0.28579283
65368000,-0.8383491,-0.49503204,-0.04380548
65372000,-0.7234471,-0.61861926,-0.5233269
65380000,-0.54280853,0.26630175,0.6311478
65384000,-0.6834275,0.7806551,0.98179996
65388000,-1.05866,0.48806816,0.548833
65392000,-0.97512877,-0.047561556,0.001166597
65396000,-0.5751524,0.055476323,-0.096991464
65404000,0.000584722,-0.31955844,0.09161309
65408000,-0.242434,-0.31371546,-0.022352666
65416000,-1.0599768,0.12188959,0.55114245
65424000,-1.0379483,0.466869,0.23359478
65428000,-0.9883617,0.33229157,-0.3540374
65432000,-0.6144718,-0.099582866,-0.8497515
65436000,-0.26475072,-0.05920222,-0.74368584
65440000,-0.6848825,0.20649274,0.066741556
65444000,-1.4009454,0.1688078,0.89659846
65452000,-1.2598612,-0.09542868,0.09666878
65456000,-1.0998298,-0.36312175,-0.08996083
65460000,-0.8262484,-0.40441245,0.015658047
65464000,-0.35705715,-0.17455053,0.28550723
65468000,0.098975495,0.17237437,0.0645521
65472000,-0.05942826,0.2822347,-0.48593706
65480000,-0.7699172,-0.037803076,-0.07546784
65484000,-0.95098984,0.09308982,-0.12311658
65488000,-0.56428254,0.3217078,-0.015137196
65492000,-0.4860439,0.48281586,0.22109383
65496000,-0.95084363,0.30686262,0.3589
65500000,-1.0484239,-0.40236935,0.4712106
65504000,-0.79451364,-0.66348124,0.32428995
65508000,-0.7284357,0.007796332,-0.26172453
65512000,-0.76838136,0.53778666,-0.6204373
65520000,-0.8742592,-0.3481377,-0.07968058
65524000,-0.91311336,-0.15792145,0.32720038
65532000,0.12711394,0.2733661,0.1736565
65536000,-0.26175004,-0.13575442,0.25163192
65540000,-1.0309778,-0.5329583,0.24608392
65544000,-1.3630443,-0.53352606,0.17455956
65548000,-1.0355204,-0.43652493,0.34507534
65556000,-0.22509694,0.3861797,0.04653591
65564000,-0.51937526,-0.17003019,-0.28444448
65572000,-0.7518774,-0.28224632,0.09701848
65576000,-0.8569852,0.41507724,0.46986946
65580000,-0.75488544,0.90638876,0.24823824
65584000,-0.24541886,1.1388644,-0.46155986
65588000,-0.41512144,0.8799914,-0.5717074
65592000,-1.3143905,0.16160573,0.11948851
65596000,-1.6235458,-0.31716472,0.5274546
65600000,-0.92927945,-0.41342098,0.28335926
65604000,-0.31647342,-0.5547429,0.022705523
65608000,-0.35657376,-0.5558356,0.22469047
65616000,-0.75343263,0.4182189,0.17924562
65620000,-0.47940898,0.7561989,-0.28399724
65624000,-0.27011615,0.32714698,-0.27717882
65632000,-0.77996135,-0.31774652,-0.2915004
65636000,-0.53748363,-0.008157484,-0.24718182
65640000,-0.24476959,-0.006786786,-0.007119969
65644000,-0.45146838,0.11142255,0.089497484
65648000,-0.90324426,0.07426917,0.19390176
65652000,-1.1546277,-0.23387295,0.27855963
65656000,-0.9840462,-0.30970618,0.15501164
65660000,-0.3180529,-0.38657054,0.20282587
65664000,0.15447155,-0.4298482,0.20211473
65672000,-0.5934534,0.13206008,-0.35141134
65676000,-0.85508454,0.49487975,-0.27115247
65680000,-0.41271037,0.36047208,-0.11226207
65684000,-0.08367874,-0.31843036,-0.22995266
65688000,-0.36888003,-0.490553,-0.2926347
65692000,-0.65145254,0.13894626,-0.007728383
65700000,-0.89065474,0.4045332,-0.12234712
65704000,-0.22571397,0.0666596,0.20986673
65708000,-0.18336879,-0.6148097,0.34109885
65712000,-1.091606,-0.8693358,-0.12241657
65716000,-1.1627866,-0.39511493,-0.35359636
65724000,-0.63757175,0.2230604,0.9853038
65728000,-0.68241,0.23708157,0.2649182
65732000,-0.62060666,0.32885504,-0.25556508
65736000,-0.8991304,0.10708338,-0.117148995
65740000,-0.82333153,-0.18988973,0.08763059
65748000,0.041056216,-0.294963,0.11176114
65752000,-0.2727606,-0.3137052,0.092414014
65756000,-0.39755952,0.008158878,-0.103403
65760000,-0.44161636,0.20788564,-0.14523184
65764000,-0.8583936,-0.081034005,-0.16411814
65768000,-1.1121489,-0.3271337,-0.20304999
65776000,-0.008845702,0.030804183,0.45205128
65780000,-0.41214398,-0.15209755,0.64612705
65784000,-0.6330949,0.0803771,0.095688194
65788000,-0.34471688,0.22060582,-0.2809385
65792000,-0.38660264,-0.16086657,-0.23240441
65800000,-0.8036794,-0.91334367,-0.011834169
65804000,-0.7904611,-0.62984854,-0.09897794
65808000,-0.79850745,-0.038500473,-0.04842118
65816000,-0.27843183,0.04953292,-0.5436374
65820000,-0.32963666,-0.03598938,-0.21401972
65824000,-0.6395946,-0.27625543,0.042782135
65832000,-0.38660067,-0.75980693,0.09310036
65836000,-0.21054903,-0.6843543,-0.18377945
65840000,-0.48797938,-0.37951308,0.1135034
65844000,-0.6814052,-0.12529245,0.37775162
65848000,-0.5189639,0.18683518,0.27555752
65852000,-0.5311155,0.64913756,0.1743515
65856000,-0.57065076,0.81672466,0.06599598
65860000,-0.31672347,0.2567981,0.07443631
65868000,-0.47639096,-0.45843488,0.030775655
65872000,-0.619209,-0.28678384,-0.14154002
65876000,-0.98554415,-0.041264653,-0.24528158
65880000,-1.0920835,-0.09932249,0.121311635
65884000,-0.50580245,-0.36643484,0.43963388
65888000,0.006322548,-0.58084035,-0.021304786
65892000,0.07658472,-0.57373965,-0.38001546
65896000,0.000275061,-0.14283197,0.13230705
65904000,-0.8160314,0.04298999,0.06139475
65908000,-1.0436357,0.03882862,-1.06434
65916000,-0.7972115,-0.3598787,-0.4632736
65920000,-0.49629995,-0.25421193,0.3475324
65924000,-0.03936386,-0.18265633,0.5892514
65928000,0.042506166,-0.39343524,0.6133738
65932000,-0.4661488,-0.18774478,0.50962144
65936000,-0.80300593,0.07830793,0.3069138
65940000,-0.79278773,-0.40464196,0.32867697
65948000,-0.78400004,0.2284316,-0.1508582
65952000,-0.6929301,0.20955639,-0.70020485
65956000,-0.23726238,-0.37813836,-0.23651068
65960000,0.2087946,-0.1061039,0.1334099
65964000,0.267628,0.14521879,-0.15220617
65968000,-0.3575567,-0.2218161,-0.20178878
65972000,-1.0105537,-0.34301725,-0.018692695
65976000,-0.87625957,-0.13158926,0.008102186
65980000,-0.3226986,-0.050599262,0.043580078
65988000,-0.4927775,-0.39169702,-0.3360675
65992000,-0.53502697,-0.1841442,-0.1379647
65996000,-0.21136272,0.15352039,0.27013987
66000000,-0.22388104,0.2931763,0.44840997
66004000,-0.60053694,0.15097845,0.20175661
66008000,-1.1653124,0.32428303,-0.015959643
66012000,-1.4660084,0.27029788,-0.020739086
66016000,-0.9757589,-0.3173802,-0.05624182
66020000,-0.23070711,-0.45150518,-0.03626994
66024000,-0.012591913,-0.3346098,-0.035253424
66028000,-0.051863298,-0.2618941,-0.031772085
66032000,-0.020161193,0.026674464,0.08696619
66036000,0.017046459,0.19275364,-0.19155046
66040000,-0.22125769,0.33641502,-0.6938839
66044000,-0.6378154,0.54066193,-0.53804994
66048000,-0.82909524,0.42514622,-0.0887779
66052000,-0.6071583,-0.03594938,0.12660563
66060000,-0.18377039,-0.87282205,0.097782224
66064000,-0.04273972,-0.6983874,-0.029286766
66068000,-0.23085907,-0.44469655,-0.10535547
66072000,-0.5052366,-0.3472622,-0.12346268
66076000,-0.53473556,-0.42245916,-0.003008194
66080000,-0.5372278,-0.23351216,0.049814783
66084000,-0.5795841,-0.051031142,0.04807238
66088000,-0.24430886,-0.19502069,-0.052248187
66096000,-0.21908702,0.08334748,-0.10241446
66104000,-0.6349475,0.32247242,0.046823338
66112000,-0.57240057,0.006232696,0.49159828
66116000,-0.508174,-0.17455943,0.025363535
66120000,-0.2797873,0.015069328,-0.110555045
66124000,0.12663293,0.24139458,-0.071483955
66132000,0.10587084,0.25731727,-0.56324947
66136000,-0.044504922,-0.09670715,-0.7815286
66140000,-0.3947111,-0.49854267,-0.5065491
66144000,-0.67899597,-0.40074962,0.30119863
66148000,-0.59675825,-0.2537074,0.945505
66152000,-0.6003328,-0.36854607,0.580359
66156000,-0.41153193,-0.19245546,-0.20915267
66160000,0.14146681,-0.13623728,-0.41236177
66164000,0.42069885,-0.5232386,-0.12665832
66168000,-0.20214252,-0.42447853,-0.08636629
66176000,-1.0414883,0.5187471,-0.95097494
66180000,-0.578337,0.22966857,-0.5348956
66184000,0.015689999,-0.20105976,0.27516183
66192000,-0.02799593,-0.34052318,0.5666092
66196000,-0.5517091,0.27033752,0.17622766
66200000,-0.70515186,0.44744825,0.001564339
66204000,-0.7832486,-0.16125461,0.38095582
66208000,-0.74890816,-0.45459974,0.5812957
66212000,-0.34795132,-0.14756297,-0.13977149
66220000,0.20290524,0.0190817,-0.6442716
66224000,0.06692963,-0.11200835,-0.061256737
66228000,-0.15914185,-0.78242457,0.24519365
66232000,-0.44783726,-0.5369258,0.29796696
66236000,-0.40310094,0.39320642,0.100036696
66240000,-0.36574987,0.4569627,-0.19796616
66244000,-0.60981435,-0.011908963,-0.07316108
66248000,-0.74060833,-0.30475146,0.061386976
66252000,-0.60076904,-0.106631644,-0.12611684
66256000,-0.012790486,0.024210852,-0.27832654
66260000,0.4039876,-0.38751206,-0.27104154
66264000,0.16984731,-0.79700243,-0.060075507
66272000,-0.7710405,-0.25617713,-0.107118204
66276000,-0.5267084,0.40747768,-0.29065537
66280000,-0.24482638,0.6104782,0.024294205
66288000,-0.5058346,-0.025821075,-0.37128493
66292000,-0.35986584,-0.007019386,-0.629219
66296000,-0.05718089,0.036348358,-0.05611883
66300000,0.06268192,-0.02297604,0.58949244
66304000,-0.12911698,-0.025984704,0.7318716
66312000,-0.29129493,-0.23100668,-0.22092523
66316000,-0.56337935,-0.5514475,-0.49365073
66324000,-0.82248324,0.12723376,-0.4893753
66328000,-0.36852908,0.28847757,0.43912247
66336000,0.19365609,-0.24909098,-0.042227805
66340000,-0.26872894,0.08868624,-0.7171607
66348000,0.05326827,0.022112235,-0.65858394
66352000,-0.1307041,-0.2851993,-0.4264076
66360000,-0.46635136,-0.50991493,0.15720978
66364000,-0.31070068,-0.0735207,0.046629854
66368000,0.05272086,0.19838884,0.1025619
66376000,-0.50885224,0.06812827,-0.00928434
66380000,-0.19304788,-0.29489535,0.2674752
66384000,-0.4007964,-0.5124508,0.18511987
66388000,-0.8564777,-0.16110936,0.048785813
66392000,-0.78790927,-0.03486001,-0.10590773
66396000,-0.5644443,-0.2439445,-0.45986152
66400000,-0.1127084,-0.28947133,-0.57448006
66404000,0.41178435,-0.18247995,-0.2807523
66408000,0.19026315,-0.11105851,-0.15293196
66412000,-0.47297978,-0.06880293,-0.01668952
66420000,-0.25222015,-0.039026745,-0.030994967
66424000,-0.20430104,0.48361605,-0.22234853
66428000,-0.11325709,0.055858314,0.118184105
66432000,0.1539492,-0.6969267,0.27237135
66436000,0.38985533,-0.3578831,0.20945066
66440000,0.3633472,0.05988141,-0.10801931
66444000,-0.017413571,-0.3226269,-0.49391162
66448000,-0.37863833,-0.56919897,-0.6778455
66456000,-0.36384332,0.69165814,-0.17790696
66460000,-0.046495385,0.7828342,0.08093489
66464000,-0.04517135,-0.001091629,0.09624396
66472000,-0.26970792,-0.7018433,0.13174105
66476000,-0.4771617,-0.24548297,-0.062454656
66480000,-0.4844702,0.34615284,-0.1832152
66484000,-0.31201783,0.29531166,-0.3150706
66492000,-0.10298647,-0.7835466,0.1157915
66496000,0.24722897,-0.23064345,-0.038752988
66500000,-0.10353573,0.12572151,-0.50010616
66504000,-0.39509836,-0.26986304,-0.34724727
66508000,-0.32270116,-0.15022784,-0.0626321
66512000,-0.2378776,0.4508502,-0.17583153
66516000,0.07517329,0.16651534,-0.43095982
66520000,0.3323795,-0.3706007,-0.64778966
66524000,0.20482232,-0.27662703,-0.16095519
66528000,-0.37122938,-0.20922242,0.5357968
66532000,-0.9702465,-0.047031887,0.35336518
66536000,-1.003008,0.49572274,-0.18536372
66544000,-0.020368472,0.45131248,0.042240866
66548000,0.20454782,-0.38688594,-0.15842277
66552000,-0.10240337,-0.8179768,-0.36961576
66556000,-0.2692473,-0.73801523,-0.122875504
66560000,-0.019229516,-0.36634034,0.17430377
66564000,-0.18939845,-0.22145915,0.14726642
66568000,-0.6683728,-0.15512562,-0.22196782
66572000,-0.26389503,0.020577453,-0.6545555
66576000,0.39613467,-0.09629024,-0.4655389
66584000,0.12934305,0.028797269,0.2079633
66592000,-0.6025711,0.04309269,-0.2466943
66596000,-0.08478279,-0.112946,-0.123706244
66600000,0.27989462,-0.45800695,-0.0624068
66604000,0.40039784,-0.16914877,0.1653071
66612000,-0.0788095,-0.18632163,0.19243667
66616000,-0.018057697,-0.42944765,0.23857617
66624000,0.081533894,0.01661852,-0.26585907
66628000,-0.3422039,0.27660158,-0.9073044
66632000,-0.839904,0.42135316,-0.72073364
66636000,-0.76738656,0.23828977,0.20232418
66640000,-0.3488111,0.038954735,0.4821841
66644000,-0.18053396,-0.34634322,0.18164787
66652000,-0.24790817,-0.3840438,-0.32115215
66656000,-0.3500515,0.3391856,-0.415121
66660000,-0.013938174,0.69208765,-0.5934031
66664000,0.13311104,0.37786865,-0.35287228
66672000,-0.028463572,-0.42403802,1.1199911
66676000,-0.2865771,-0.12638584,0.43371022
66680000,-0.19092803,-0.18524384,-0.3498315
66684000,0.022886217,-0.3977335,-0.42564994
66692000,0.12077075,-0.6408028,-0.007343909
66696000,0.14332142,-0.2767653,0.03959774
66704000,-0.38937524,0.08971486,-0.20516673
66708000,-0.57980454,0.48859635,-0.10843469
66712000,-0.6391467,0.9030078,-0.15025777
66716000,-0.5021912,0.08326879,-0.46284178
66724000,0.60828525,-0.65855116,-0.52266246
66728000,0.403742,-0.15048537,-0.27303144
66736000,-0.43866912,0.22944418,0.43676597
66740000,-0.2764283,0.076889694,0.48447946
66748000,-0.4714993,-0.28458488,-0.1331814
66752000,-0.14556912,0.000384621,-0.34408924
66756000,0.37691382,0.26335102,-0.51647
66760000,0.4382249,0.09134014,-0.26844275
66768000,-0.20588733,-0.7271896,0.13169186
66772000,-0.30057997,-0.37299904,0.06715155
66776000,-0.24652779,-0.03577967,-0.22756135
66784000,-0.120065115,-0.45339072,-0.15052217
66788000,-0.4405288,-0.21316348,0.074867874
66792000,-0.30922732,0.28325212,-0.23772919
66800000,-0.14636719,0.23928308,-0.04176055
66804000,-0.323898,-0.06059265,-0.11436983
66808000,-0.000172012,-0.16166358,-0.04979434
66812000,0.33856234,-0.11570297,-0.19681107
66820000,0.27843308,-0.33684224,-0.003436685
66824000,0.048895605,-0.3598392,0.10310749
66828000,-0.633397,-0.20188762,-0.010285083
66832000,-0.7853397,0.17163202,-0.06865904
66840000,0.059865057,-0.36109546,-0.40071088
66844000,-0.14375143,-0.25946522,-0.88606626
66848000,-0.12867671,0.06091147,-0.56654406
66852000,0.08360792,0.085110955,0.3797015
66856000,0.37619168,-0.08288808,0.46536905
66860000,0.22400436,0.005857468,0.045219727
66864000,-0.13006476,0.37263513,-0.15687749
66868000,-0.2230511,0.46873662,-0.572308
66872000,-0.30636483,0.2793324,-0.9174563
66876000,-0.2259917,0.18439022,-0.5011999
66880000,0.3147136,0.14000326,0.29562932
66884000,0.5854786,-0.19976057,0.5544683
66888000,0.17429897,-0.84966224,0.13414821
66892000,-0.16547865,-1.1312273,-0.18609291
66896000,-0.06844909,-0.7309432,-0.049708884
66900000,-0.03341932,-0.21187207,0.18687256
66904000,-0.12244474,0.14821945,0.052021332
66912000,-0.27373675,0.47721258,-0.09037932
66916000,-0.40269938,-0.010225549,0.17971364
66920000,-0.09271985,0.066023245,-0.09403687
66924000,0.21694534,0.19949885,-0.48114437
66932000,0.11708541,0.42094734,-0.45850375
66936000,-0.2739603,0.094238,-0.13213176
66940000,-0.6820038,-0.65089905,0.2396025
66944000,-0.33820057,-0.89540696,0.17799106
66952000,0.21342504,-0.17793599,0.14130089
66956000,0.0691393,0.06408121,-0.018532228
66964000,0.3235629,-0.4449221,-0.24429488
66968000,0.46824268,-0.2236987,-0.014388502
66972000,0.1527648,0.098521546,-0.06792122
66980000,-0.36794233,-0.18104145,-0.1396505
66984000,0.09072384,-0.26015687,-0.19381669
66988000,0.40607455,-0.3046341,-0.42286193
66992000,0.3745301,-0.19805732,-0.31761172
66996000,0.056134284,0.070985235,-0.19141687
67004000,-0.18119815,0.09731292,-0.5652878
67008000,-0.19385259,0.13507874,-0.6025016
67012000,-0.196882,-0.058601394,0.09316686
67016000,-0.049795855,-0.23371468,0.6510076
67020000,-0.21892416,-0.2574613,0.43976557
67024000,-0.51703084,-0.08762597,0.020782303
67028000,-0.20171064,0.23792988,-0.41270876
67032000,0.48864505,0.13205442,-0.62818384
67036000,0.6081525,-0.15187038,-0.27570954
67040000,0.23996028,0.088861674,0.28695035
67044000,-0.31152132,0.30866167,0.39510798
67048000,-0.8573804,0.14676604,0.09454653
67052000,-0.52830446,-0.18400668,-0.122600704
67056000,0.3219717,-0.5782974,-0.050288945
67060000,0.30784133,-0.50613236,-0.007854056
67064000,-0.14348443,0.005245864,-0.1932398
67068000,0.003962532,0.015483305,-0.3705862
67072000,0.15543447,-0.42148352,-0.4545415
67076000,-0.20621358,-0.5015145,-0.6668688
67080000,-0.25728214,-0.25227675,-0.78188425
67088000,0.41511887,0.019120432,0.24215671
67092000,0.5405618,0.49129486,0.4931668
67096000,0.5080001,0.65607333,0.21631941
67100000,-0.06406179,0.06438005,-0.3131466
67104000,-0.46008316,-0.3507025,-0.5016154
67108000,0.06807235,-0.39340845,-0.03237267
67116000,0.4205072,-0.22821312,0.15716136
67120000,-0.1287406,-0.12542418,-0.7954824
67124000,-0.35520005,-0.09190378,-1.1953123
67132000,-0.46090293,-0.09531305,0.027148455
67136000,0.08908783,-0.16694292,0.247253
67140000,0.49169105,-0.40844655,0.4153008
67144000,0.02349335,-0.32584137,0.49806473
67148000,-0.49004245,0.120391116,0.27395725
67152000,-0.41829664,0.45414516,-0.03139256
67156000,-0.17799723,0.14561653,-0.41026136
67160000,0.15148836,-0.07391101,-0.76436126
67164000,0.52190566,0.14211282,-0.48382846
67168000,0.7062643,0.02556397,0.13843828
67172000,0.4617712,-0.18829285,0.13372125
67180000,-0.12989113,-0.1994066,-0.32093292
67188000,0.32070997,0.95728976,-0.414034
67192000,0.24639101,0.8752179,0.09216434
67196000,-0.31278855,0.11547263,0.27130514
67200000,-0.31900594,-0.42401597,-0.21867749
67204000,0.31440645,-0.5360878,-0.5231756
67208000,0.32949495,-0.41005325,0.073247045
67212000,-0.036165375,-0.20649552,0.42334574
67216000,-0.21635315,-0.2856996,0.057856455
67220000,-0.30661276,-0.2533271,-0.23097742
67224000,-0.1041134,0.013291568,-0.41079813
67228000,0.16184472,-0.13091758,-0.3429304
67232000,0.31133857,-0.21935514,-0.022181556
67236000,0.45129302,0.072601125,0.23187073
67240000,0.26516828,-0.046183925,0.17961085
67244000,-0.23733774,-0.6207478,0.00914654
67248000,-0.5831623,-0.989949,-0.18626606
67256000,0.18600346,-0.11956611,0.007332131
67260000,0.22236444,0.2898218,0.10219806
67264000,0.284986,0.25019994,-0.05376156
67268000,0.15798292,0.5285277,-0.17888996
67272000,-0.07413645,0.84783703,-0.10186599
67276000,0.02378942,0.46139756,-0.021897484
67280000,0.08717875,-0.07552049,0.044449035
67284000,0.44753438,-0.47693866,-0.22549945
67292000,0.32819802,-0.42717654,-0.537472
67300000,-0.34977737,-0.15667024,0.16606155
67304000,-0.08825149,-0.16489205,-0.29435536
67308000,0.20318629,-0.27746248,-0.61949235
67312000,-0.4290315,-0.19162136,-0.4399385
67316000,-0.9267339,-0.112287,-0.10799529
67320000,-0.25911972,-0.25984997,-0.0856336
67324000,0.47259986,-0.009528682,-0.21858521
67328000,0.62215394,0.49208775,-0.12773931
67336000,0.6075625,0.23676859,-0.38762203
67344000,-0.081334405,-0.4036949,-0.09520024
67352000,0.06099992,0.11246037,0.061025955
67356000,0.0066773,0.2617468,0.05851454
67364000,-0.12195055,0.06376115,0.19755515
67368000,0.29559696,-0.10173875,-0.3017943
67372000,0.505514,-0.32461116,-0.26246196
67376000,0.4667651,-0.57797366,-0.21180254
67380000,0.26776075,-0.979069,-0.30421275
67384000,0.107723445,-0.43693605,-0.05234541
67388000,0.002294969,0.45470425,0.18783551
67396000,-0.96406126,0.04193329,-0.09251946
67404000,0.60262823,-0.01817606,-0.097014695
67408000,1.096647,0.09406565,-0.13306747
67412000,0.52460635,0.27924073,-0.4092132
67416000,-0.22241592,0.100187674,-0.74317163
67420000,-0.12182462,-0.56031054,-0.6025123
67424000,0.41039667,-0.63153404,0.15885203
67428000,0.5317312,-0.08270745,0.6073384
67432000,0.14461336,0.14252701,0.3170122
67436000,-0.23349398,0.12498618,-0.08027161
67440000,-0.15226823,0.11503863,-0.195614
67444000,0.19963488,-0.030871881,-0.073213026
67448000,0.18668167,-0.07432836,0.159503
67452000,-0.24357224,-0.034258068,0.059660584
67456000,-0.43539897,-0.30377698,-0.17670086
67460000,-0.35046172,-0.36489412,0.10842636
67464000,-0.069858536,0.18112491,0.30123067
67468000,0.3690062,0.5629069,-0.20652217
67472000,0.28707153,0.30232516,-0.9257077
67476000,-0.12428847,-0.06818941,-1.0403913
67480000,-0.014879055,-0.36872408,-0.6920985
67488000,-0.16281846,-0.958245,-0.2130294
67496000,-0.36378902,0.52415884,0.20104907
67500000,0.43460032,0.9445482,0.46734393
67504000,1.1272908,0.34166813,0.4116003
67508000,1.0405636,-0.07774978,0.044839207
67512000,0.8970977,-0.15777019,-0.12878814
67516000,0.6436298,0.12653609,-0.25949243
67520000,0.08911888,0.44035524,-0.107546866
67524000,-0.32394525,0.25674513,0.18258458
67528000,-0.52814305,-0.23633775,0.08437267
67532000,-0.26232216,-0.5713183,-0.3658283
67536000,0.13114712,-0.37082803,-0.6945002
67540000,0.25066322,0.12633632,-0.6443631
67548000,0.3035884,0.14390412,-0.2541579
67552000,-0.32292068,-0.25197673,0.06492246
67560000,0.28847155,-0.21596633,0.49120355
67564000,0.43188137,0.37572795,0.106562406
67568000,0.14623468,0.22689594,-0.36084324
67572000,-0.024603363,-0.45318782,-0.3250369
67580000,-0.10792079,-0.329836,-0.02224784
67584000,-0.16719681,0.013288282,0.049979314
67592000,0.42000663,0.46591318,-0.5600063
67600000,0.2669711,-0.38479778,-0.08689988
67604000,-0.11203464,-0.23212352,-0.16279864
67608000,-0.14152995,-0.11511594,-0.50566787
67612000,-0.12275131,-0.2840868,-0.512551
67616000,0.061398238,-0.15019526,-0.12854663
67620000,0.37314126,0.22195955,0.16813503
67624000,0.6735672,0.5087831,0.17874157
67628000,0.49745518,0.33961087,0.13829696
67632000,-0.437481,-0.31246758,0.1357591
67636000,-0.7696091,-0.63585174,0.31281316
67640000,0.12951115,-0.409113,0.40465748
67644000,0.7698053,-0.03892216,0.057239175
67648000,0.43845004,0.22122763,-0.20716566
67652000,-0.089773685,0.17622001,-0.18887337
67656000,-0.344066,-0.0579788,-0.28250477
67660000,-0.43843073,-0.16954334,-0.6045353
67664000,-0.08219698,0.049021646,-0.77573514
67672000,0.6371306,-0.30426794,-0.09905688
67680000,0.20770654,0.116067715,0.13825598
67684000,0.07882629,0.42228857,0.17832021
67692000,-0.031257752,0.04328178,-0.022022985
67696000,0.003182367,-0.48682323,-0.3900261
67704000,0.41724885,-0.19827831,0.052670658
67708000,0.40383244,0.11839008,0.30513695
67712000,0.016163893,0.11702225,0.41123316
67716000,-0.042185266,0.003177438,0.007382944
67724000,0.5961605,-0.00353164,-0.49288517
67728000,0.42585772,0.4197649,-0.38891536
67732000,0.09293967,0.5381487,-0.21384725
67736000,0.25399175,-0.08516848,0.013800424
67740000,0.36151034,-0.35817492,0.05600367
67744000,0.16474298,-0.07791637,-0.1169606
67748000,0.04284083,-0.26591069,-0.15344146
67752000,-0.21590695,-0.4000929,0.002915124
67756000,-0.3363649,-0.015494645,0.041540787
67760000,-0.08185122,0.16580479,-0.22183609
67764000,0.20034543,-0.2002328,-0.4149475
67772000,0.020330586,-0.075441144,-0.002741169
67776000,0.26337647,0.13599898,-0.16151312
67780000,0.41304564,-0.21031252,-0.5798045
67784000,0.43118668,-0.1535876,-0.31727082
67788000,0.24123739,0.294766,0.19735393
67792000,0.001501486,0.62720144,-0.10446812
67796000,0.11608851,0.7716863,-0.29182628
67800000,0.101378754,0.14845903,0.25197166
67804000,-0.20185599,-0.75671196,0.6192578
67808000,-0.33365253,-0.48021173,0.6095809
67812000,-0.12039676,0.3873515,0.25472528
67816000,0.31079078,0.37827554,-0.4264741
67824000,0.5402442,-0.4634856,0.024109304
67828000,0.5241515,-0.29307908,0.06805355
67836000,-0.41146356,0.09744501,-0.5867715
67840000,-0.41835475,-0.71124023,-0.5992124
67844000,-0.076799765,-0.89483285,-0.50711924
67848000,0.31720752,-0.3039085,-0.20118527
67852000,0.604262,0.0772215,0.21717775
67856000,0.6463858,0.35838327,0.05456205
67864000,0.47327417,0.43095896,-0.2703568
67868000,0.23788616,-0.17541336,0.408111
67872000,-0.1929152,-0.054770976,0.31153378
67876000,-0.45913473,0.16567113,-0.33708763
67880000,-0.36920097,0.13223386,-0.28549105
67884000,-0.07537295,-0.1330016,0.54323524
67892000,-0.005357919,-0.35680366,0.24061133
67896000,0.1225595,-0.1568501,-0.32117087
67904000,0.48570314,-0.24137504,-0.5211717
67912000,-0.14075893,-0.06960435,-0.25400108
67916000,-0.05440504,0.17261754,-0.035618525
67924000,0.0636151,0.6026999,0.22987679
67928000,0.14430016,0.74135184,-0.24231862
67932000,0.029428907,0.29028356,-0.19219978
67940000,0.21821447,-0.5673623,-0.51732856
67944000,-0.0329151,-0.37133437,-0.27421814
67948000,-0.30008867,-0.3633042,0.24278848
67956000,0.43933618,-0.32107624,-0.07764469
67964000,0.2235559,0.21069618,-0.12978204
67968000,0.41786498,0.33678848,-0.101447836
67972000,0.29284978,0.1604547,-0.31137207
67976000,0.24569885,-0.044194434,-0.34501344
67980000,0.18303688,0.14604211,-0.07525691
67988000,0.2145648,-0.24730027,-0.11963088
67992000,0.2983829,-0.44961047,-0.30726132
67996000,0.056341447,-0.4366081,-0.037989907
68000000,-0.16084999,-0.17324048,0.2861085
68004000,0.1497849,-0.12688892,0.10855129
68008000,0.57862115,-0.13797343,-0.07213009
68016000,0.13194934,0.06259098,-0.5090591
68020000,0.007148355,0.14745502,-0.4854914
68024000,0.25926167,0.41625208,-0.35488045
68028000,0.35895246,0.116482124,-0.27738816
68032000,0.48846093,-0.2951641,-0.24952786
68036000,0.50558233,-0.27307135,-0.028549872
68044000,-0.32910395,-0.03732505,0.38074932
68048000,-0.47551268,0.408098,0.39015684
68052000,-0.42555663,0.3132463,0.2501234
68056000,-0.3341221,-0.004147127,0.118546166
68060000,-0.12258459,0.06301275,0.1191915
68068000,0.5308356,0.06970255,-0.20042706
68072000,0.66017425,0.48576793,-0.38500187
68076000,0.51660424,0.19075707,-0.6571278
68080000,0.39193228,-0.2628917,-0.829573
68084000,0.31722808,-0.59607345,-0.53979516
68088000,0.053021863,-0.54408807,0.31770366
68096000,-0.3454929,-0.16057368,0.31683582
68100000,-0.12151378,-0.2337674,-0.2830523
68104000,0.17471659,0.17201349,-0.55020356
68108000,0.18593559,0.86466867,-0.07747753
68112000,0.21714193,0.8279886,0.41384366
68116000,0.13787687,0.2724834,0.32054177
68120000,0.12638827,0.05737624,0.076696984
68128000,0.249836,-0.5390005,0.06539699
68132000,0.17448068,-0.5533272,-0.064918965
68136000,0.07150443,-0.17148322,-0.3370908
68140000,0.05007779,-0.2142557,-0.4015531
68148000,-0.320044,0.22597152,-0.2704133
68152000,-0.18099707,0.298068,-0.28127706
68160000,0.86081845,0.0966685,-0.079806514
68164000,0.6112223,0.22746265,-0.024860986
68168000,0.023026064,-0.083617814,0.04932154
68172000,-0.4738597,-0.4426525,0.43505794
68176000,-0.4333747,-0.117441475,0.6773949
68180000,-0.027051859,0.1899379,0.37649208
68184000,0.5217069,0.2706612,-0.022092208
68188000,0.88333255,0.44006503,-0.26807082
68192000,0.8072426,0.4483017,-0.50852996
68196000,0.23741123,0.3987466,-0.55995876
68200000,-0.58066463,0.15872023,-0.39547524
68204000,-0.65588623,-0.4755708,-0.22955592
68208000,-0.14504021,-0.7240176,-0.19857512
68216000,0.5316214,-0.10663811,0.009329021
68220000,0.4125055,-0.33261436,0.24515446
68224000,0.029842362,-0.30942333,0.20621762
68228000,0.0774788,-0.07941433,0.19205107
68232000,0.34788954,0.07518984,-0.1425629
68236000,0.5236621,0.34201384,-0.4761829
68244000,0.015196353,0.10306287,0.009420294
68248000,0.1315704,-0.14801179,0.22037958
68252000,0.21691474,0.168312,0.15984538
68256000,-0.12763403,0.10746807,-0.14160356
68264000,-0.22804019,-0.29244345,0.47266245
68268000,-0.32769075,-0.50635993,-0.123976976
68272000,-0.28490585,-0.7003549,-0.5728062
68276000,0.12312954,-0.24112436,-0.23170239
68280000,0.5228733,0.30819923,0.12950534
68284000,0.90140575,0.32165402,0.13428725
68292000,0.30554444,0.3409327,-0.3510056
68300000,-0.112099335,-0.43876642,-0.2177755
68304000,0.108460076,-0.038130745,-0.3955463
68308000,0.2074538,0.57855666,-0.44212782
68316000,-0.051851556,-0.3913852,-0.37292105
68320000,-0.37527347,-0.5061048,-0.16490951
68324000,-0.2963462,-0.0958326,0.37068772
68332000,0.024968104,-0.42708826,-0.06669763
68336000,0.016084166,-0.09563966,-0.4602346
68340000,0.25795224,0.33237672,0.01139605
68344000,0.6428388,0.17288062,0.30323276
68352000,0.42427835,-0.019185232,0.16814385
68356000,0.20253594,-0.12339582,-0.15714887
68360000,0.24660073,-0.3429542,-0.5854448
68364000,0.40685883,-0.38696817,-0.68842304
68368000,0.25284523,-0.07809083,-0.34679335
68376000,-0.3435238,0.28246576,0.28832564
68380000,-0.21718657,0.37811187,0.19906087
68388000,0.16607672,0.005865917,0.16726604
68392000,0.8005989,-0.24157369,0.09725232
68396000,0.82262987,-0.19182259,-0.18690695
68400000,0.13598976,0.12963282,-0.22260745
68404000,-0.2437846,0.311567,-0.036243238
68408000,0.04733932,0.42687905,-0.06675811
68412000,0.24364978,0.4192391,-0.2930376
68416000,0.16192979,0.07980974,0.0637165
68420000,0.27299526,-0.23732442,0.4374541
68424000,0.18830806,-0.21158493,0.10090937
68428000,-0.17759976,-0.29852957,-0.21278553
68432000,-0.094457746,-0.6533658,-0.38491958
68436000,0.3651856,-0.680598,-0.423464
68440000,0.7581152,-0.2577795,0.08131854
68444000,0.62017673,0.14936657,0.7224285
68448000,-0.24638972,0.36092433,0.5120423
68452000,-0.97525007,0.7773954,-0.3084358
68456000,-0.6790506,0.9619106,-0.6608709
68460000,0.1282596,0.18198809,-0.54611707
68468000,0.6971974,-0.5857597,0.031290524
68472000,0.4726172,0.05179438,-0.19751075
68476000,0.24374148,0.3420061,-0.10127724
68480000,-0.07766041,-0.26766437,0.2261514
68484000,-0.2212483,-1.0301456,0.07050261
68488000,0.24850711,-0.53245854,-0.2742765
68492000,0.60099095,0.48619574,-0.5505791
68496000,0.08727881,0.7204474,-0.25296238
68500000,-0.56250024,0.40472013,0.32888642
68504000,-0.6130186,-0.06357212,0.24643396
68508000,-0.24532108,-0.44186184,-0.4093823
68512000,-0.005211961,-0.70243496,-0.6914629
68520000,0.32746223,-5.35E-06,0.7964705
68524000,0.6571189,-0.13531072,0.86417663
68528000,0.7088051,-0.08234904,0.19921874
68532000,0.5522791,0.16767652,-0.3676705
68536000,0.3342995,0.11605489,-0.37712234
68544000,-0.00143297,0.5607867,-0.22607172
68552000,0.102994956,-0.3289754,-0.00463073
68556000,-0.06299929,-0.02856198,-0.07008158
68564000,-0.072634056,-0.14675526,0.6479106
68568000,-0.2834161,0.07278633,0.11915128
68572000,0.13746047,0.007352784,-0.3318598
68580000,0.096298136,0.23717542,-0.39027113
68584000,0.08059252,0.27689594,-0.27619758
68588000,0.009405039,0.38363856,0.13324071
68592000,-0.28848708,0.26157892,-0.01481653
68596000,-0.53619254,-0.19265015,-0.6604778
68600000,-0.33168373,-0.24343127,-0.59527946
68604000,0.16716556,-0.073766276,-0.24062051
68608000,0.37299997,-0.10051689,-0.11179491
68616000,0.48451883,0.21540263,0.20321378
68620000,0.6586263,0.24509822,-0.12829515
68624000,0.58350396,0.30782148,-0.12305741
68628000,0.07616873,0.088029996,-0.20436221
68632000,-0.3926794,-0.34382084,-0.42267275
68640000,-0.5275627,-0.13612622,-0.37435555
68644000,0.17016628,0.3181083,-0.2411825
68648000,0.41706967,0.44171113,0.3882557
68652000,0.48578942,0.15570152,0.92453456
68660000,0.016433887,-0.52228194,-0.25738597
68664000,0.4498633,-0.6171797,-0.22617197
68668000,0.71250856,-0.39242592,0.47979224
68672000,0.17432378,-0.19665055,0.527638
68676000,-0.15410872,-0.35838494,-0.094953135
68680000,0.08350595,-0.51517487,-0.4965881
68684000,0.20855029,0.12519279,-0.4363345
68688000,0.043143224,0.72717565,-0.123900965
68692000,-0.24373484,0.5295909,0.11706102
68696000,-0.5057455,0.27628115,0.4187297
68700000,-0.30539936,0.18358901,0.49059436
68704000,0.2452515,0.19676334,0.2138849
68708000,0.59632325,0.1055889,-0.068065375
68716000,0.67183876,-0.4386309,-0.6547659
68720000,0.20102069,-0.3354196,-0.54309803
68724000,-0.044438027,-0.111467466,-0.39531642
68728000,0.051875345,0.39231434,-0.2638229
68736000,-0.5898979,0.147016,0.3899681
68740000,-0.40990406,-0.1960054,0.072385624
68744000,0.12123139,0.19035703,-0.381426
68748000,0.3818832,0.14303616,-0.13195382
68752000,0.19432372,-0.1481122,0.42369998
68756000,-0.09266171,-0.2562028,0.41294068
68764000,0.05956383,0.09809519,-0.52992105
68768000,0.1889834,0.11588124,-0.31321663
68772000,0.46364543,-0.103513405,0.20348224
68780000,0.24735673,0.5219099,0.005512007
68784000,0.1177129,0.015242517,-0.2952581
68788000,0.24357328,-0.6522302,-0.2260099
68796000,-0.26841173,0.19566065,0.002882183
68800000,0.005538896,0.33015883,-0.296676
68804000,-0.060391903,0.20253912,-0.032284766
68808000,-0.13168383,0.13067216,0.20931311
68816000,0.77058345,-0.1053296,0.19753514
68824000,-0.05176939,-0.2526897,-0.20291401
68828000,-0.5534718,0.3224914,-0.16301581
68832000,-0.63832295,0.34179893,-0.18531844
68836000,-0.19242609,-0.11503413,-0.104200535
68840000,0.13584653,-0.20365682,0.17843762
68844000,0.31444523,0.23503406,0.14333653
68848000,0.46459514,0.47193792,-0.038629107
68856000,0.51373976,0.47865748,-0.15414254
68860000,0.3410024,0.30040538,-0.6083839
68868000,-0.05660583,-0.5187837,0.41023225
68872000,-0.30310273,-0.27902067,0.29504597
68876000,-0.48218158,-0.17121759,-0.0958376
68880000,-0.23510626,-0.41849396,-0.21656594
68884000,0.010439917,-0.5286519,0.05910851
68888000,0.107800186,-0.40855798,0.4216031
68892000,0.047333967,-0.09183368,0.3065668
68896000,0.21297176,0.22291681,-0.43032312
68900000,0.47599137,0.074071184,-0.49697435
68904000,0.28996986,-0.060234156,0.1857371
68908000,0.12797058,0.27427375,0.26546773
68916000,0.15876183,0.6128006,-0.06616816
68920000,0.29879946,0.18915445,-0.33075285
68924000,0.25080413,-0.32894838,-0.45588404
68928000,0.20140548,-0.4699397,-0.53349745
68932000,0.035678,-0.3691345,-0.3483253
68936000,0.045195952,-0.2870513,0.051675677
68940000,0.26479053,-0.20753217,0.2155233
68944000,0.57127714,0.26701,0.21249664
68948000,0.774348,0.61046714,0.43553075
68952000,0.3526106,0.2726685,0.58066404
68956000,-0.2921011,-0.08211683,0.2933908
68960000,-0.49569172,-0.44505474,-0.1991356
68964000,-0.2493065,-0.7216543,-0.5191232
68968000,-0.041842856,-0.40817446,-0.24257845
68972000,-0.04808624,0.02307722,0.1570328
68976000,-0.02004827,0.18938847,0.061003104
68984000,-0.103528604,0.2694891,-0.5948771
68988000,-0.05701284,0.38021556,-0.84647745
68996000,0.58511496,-0.48565945,0.09108269
69000000,0.364258,-0.032448083,0.811018
69004000,-0.2375688,0.47630563,0.7591759
69008000,-0.53439915,0.4476995,0.17173968
69016000,-0.2109108,0.4446115,-0.088873915
69020000,0.25300312,0.12956831,-0.507285
69024000,0.89081156,-0.2290464,-0.44971126
69028000,1.0605597,-0.34219748,-0.06902985
69032000,0.47623304,-0.36914167,0.32368392
69036000,-0.41613907,-0.5393385,0.6318833
69040000,-0.82402337,-0.3765309,0.3446283
69044000,-0.3368757,-0.000368297,-0.08079785
69048000,0.4896014,-0.090692,-0.3010645
69052000,0.6772639,-0.27821198,-0.47584555
69060000,-0.5547939,0.3091439,0.8063308
69064000,-0.3857799,0.06362142,0.35850087
69068000,-0.06069537,0.08199277,-0.6207833
69072000,0.30519673,0.045748524,-0.80688715
69076000,0.57086563,-0.3432554,-0.2073622
69084000,0.17543107,-0.26965332,0.39165682
69088000,-0.066286474,0.16958717,-0.16991225
69092000,0.3125823,0.58771545,-0.48015717
69096000,0.6697932,0.48123506,-0.20185067
69100000,0.3656794,-0.23588642,0.01507251
69104000,-0.028204408,-0.45399952,-0.31766847
69108000,-0.23063092,-0.2127002,-0.37613446
69112000,-0.25524995,0.01244854,-0.003529262
69116000,-0.067119844,0.3442747,0.42391783
69120000,0.002503352,0.51859057,0.2614265
69124000,-0.2539811,0.34785867,-0.13750373
69128000,-0.35366696,-0.071908996,0.05769917
69132000,-0.10237134,-0.29184055,0.52453977
69140000,-0.07734858,-0.35754937,-0.10619995
69144000,0.30642563,-0.3400965,-0.64758486
69148000,0.7196164,0.34320033,-0.6491345
69152000,0.7854587,0.9569347,-0.19316393
69160000,-0.24340704,-0.29625976,-0.44465843
69168000,0.13833687,-0.60482216,0.37079436
69176000,0.14158745,0.44207418,0.38177007
69184000,0.13925639,0.09362903,-0.006044641
69188000,0.24212593,-0.064926565,0.23701316
69192000,0.15612099,-0.24052584,0.22112398
69196000,-0.28641918,0.010710135,-0.22825797
69200000,-0.33579594,0.37252262,-0.27736652
69204000,-0.0698127,0.37180376,-0.01447849
69208000,0.056562807,0.30122963,0.029484972
69212000,0.06511841,0.2789572,-0.18024318
69216000,0.28460664,0.16407347,-0.4601804
69220000,0.39317173,0.003901452,-0.2573259
69228000,-0.60289097,-0.1604041,0.14864011
69232000,-0.29910782,0.20010684,0.19908392
69236000,0.05031596,0.228198,0.35696387
69240000,0.16122791,-0.11174641,0.29593378
69244000,0.11597217,-0.09124504,-0.15794706
69248000,-0.02202475,-0.13875471,-0.4537572
69252000,-0.05425254,-0.61406845,-0.06522378
69256000,-0.031210992,-0.6669226,0.451142
69260000,0.31858912,-0.29382458,0.4622769
69268000,0.8506458,0.18624453,-0.59700286
69272000,0.33711928,-0.059482105,-1.2898088
69276000,0.035007596,-0.07057379,-0.90232515
69280000,-0.19802351,0.08434112,0.010988444
69288000,-0.43366855,0.36198792,0.5504025
69292000,-0.4283276,0.20625429,0.50651765
69300000,-0.44465804,0.02842286,0.010327503
69304000,-0.23797189,0.38199967,0.5751169
69308000,0.5542871,0.5157939,0.6922163
69312000,0.8394779,0.14582507,-0.054127052
69316000,0.21237326,0.20226973,-0.77312744
69320000,-0.3573502,0.39985308,-0.76190543
69328000,-0.20334199,-0.49292973,0.27176592
69332000,0.24835986,-0.04936883,0.16953069
69336000,0.7960106,0.053876653,-0.12609527
69340000,0.63196397,-0.26748762,0.12878801
69344000,0.26907516,-0.4695409,0.51417834
69348000,0.39453787,-0.034692004,0.27847242
69352000,0.39081126,0.4167831,-0.21315123
69360000,-0.11067651,-0.113236435,-0.1892603
69364000,0.05347143,-0.6608787,-0.38002706
69372000,0.27706608,-0.067549974,-0.19092205
69376000,0.029504016,-0.4176449,-0.086967476
69380000,-0.4710338,-0.48148972,0.23788421
69384000,-0.91007304,0.2130732,0.21088415
69388000,-0.6071068,0.7345631,0.12430048
69396000,0.35227787,-0.008683778,-0.3374853
69400000,0.706727,-0.23072758,-0.57097733
69404000,0.7336842,-0.47394884,-0.5759189
69408000,0.32570145,-0.34303403,-0.48988286
69412000,-0.07691632,-0.026423186,0.14874579
69420000,-0.20416819,0.1985095,1.0790739
69424000,0.21626188,0.65357053,0.2086548
69428000,0.123509526,0.45874524,-0.45584977
69432000,-0.10748317,-0.39795077,-0.4900079
69436000,-0.3321221,-0.8588748,-0.08871548
69444000,0.4782527,0.3595249,0.15902792
69448000,0.42831233,0.770493,-0.10947167
69456000,0.5783056,0.35991693,0.16977134
69460000,0.46693248,-0.16355559,0.4406132
69464000,-0.011086017,-0.6078113,0.48631924
69472000,-0.58876264,-0.38975295,-0.31297475
69480000,0.5168248,-0.25035653,-0.49867186
69484000,0.23667526,-0.49835646,0.09739025
69492000,-0.4135746,-0.041235596,-0.18029301
69496000,-0.32189262,0.87407255,0.057451382
69500000,-0.07330853,1.2051816,0.029766269
69504000,0.08124419,0.6253888,0.03920802
69512000,0.47645167,0.15860184,0.14146265
69520000,0.23094197,0.12947468,-0.26815584
69524000,-0.24900512,0.008058913,0.038503975
69528000,-0.63281554,0.09710665,0.18975568
69532000,-0.3410629,-0.15001959,-0.25329512
69536000,0.38777426,-0.41691473,-0.41044462
69540000,1.0566725,-0.26252085,0.14843023
69548000,0.18821925,0.11276651,0.40787435
69552000,-0.36930192,0.17263962,0.4459986
69556000,-0.2768826,0.058683533,0.18412128
69560000,-0.04086522,0.10424435,-0.18378542
69564000,-0.11120575,0.11357722,-0.3819558
69568000,0.036457077,0.1706159,-0.6507074
69572000,0.4198222,0.3147817,-0.30508146
69580000,-0.31943205,-0.34167603,0.016967326
69584000,-0.12715828,-0.4695089,-0.37282926
69592000,-0.25693482,-0.14063257,0.17273612
69596000,-0.55805093,-0.040258374,0.06907993
69600000,-0.65919155,0.15246862,-0.080523774
69604000,-0.17946757,0.35558808,0.026172064
69608000,0.46564776,0.0650806,0.15093035
69612000,0.72391576,-0.3948943,0.30053368
69616000,0.5272839,-0.16569981,0.62260115
69620000,0.002805054,0.32240343,0.61061305
69624000,-0.12867327,0.4957885,-0.040245622
69628000,0.16846831,0.20257196,-0.37964612
69632000,0.0656173,0.005050898,-0.2829587
69636000,-0.19609217,0.22233409,-0.42962748
69640000,-0.37355337,-0.0386948,-0.58936286
69644000,-0.5092623,-0.32599342,-0.31450456
69648000,-0.42493024,-0.26339048,0.14925964
69652000,-0.15525268,-0.14035511,0.44888484
69656000,0.23936799,0.17049603,0.3445121
69664000,0.33792946,-0.53636414,-0.4407459
69668000,0.48689115,-0.74178565,-0.083318606
69672000,0.3839489,-0.356382,-0.031933546
69676000,0.00409428,0.46974343,-0.19608167
69684000,-0.14136292,0.32020086,0.00841276
69692000,-0.056551076,0.15540801,-0.13620406
69696000,0.22869004,0.1943582,-0.11185052
69704000,0.45871544,-0.09769116,0.17593397
69712000,0.22859411,-0.000977695,0.24541107
69716000,0.031720724,0.39192045,0.35692835
69720000,-0.032960728,0.035442412,0.30201864
69724000,0.11018279,-0.7540311,0.5111039
69732000,0.097650126,-0.4026788,-0.19031408
69736000,0.049494293,0.28245538,-0.10212115
69740000,0.08922709,0.5830297,-0.22994587
69744000,0.062739134,0.55159515,-0.60453385
69748000,0.16776688,0.19877847,-0.28028384
69752000,0.32994196,-0.39425838,0.4915632
69760000,-0.22976752,0.12190294,-0.12745215
69764000,-0.5899168,0.44781366,-0.69283986
69768000,-0.2737404,0.098309726,-0.60223883
69772000,0.15551911,-0.17748463,-0.25581297
69780000,0.48688698,0.020804986,0.95311815
69788000,-0.6251482,-0.49753416,0.16849698
69792000,-0.30583486,0.029467449,-0.31640923
69796000,0.11405893,0.49310115,0.11016035
69804000,-0.07512039,0.38454682,-0.5032956
69808000,-0.22053325,-0.20777395,-0.89687425
69812000,0.31514356,-0.50151813,-0.63240564
69816000,0.43398565,0.05092697,-0.14284408
69820000,-0.2985083,0.52680695,-0.06611542
69824000,-0.5438226,0.10852359,-0.11835238
69828000,-0.36741245,-0.40384164,0.047352374
69832000,-0.22419135,-0.39956218,0.41138968
69840000,0.38823798,0.3840852,0.54084337
69844000,0.25808445,0.5078028,0.4148899
69848000,-1.80E-05,0.46085408,0.25393215
69852000,-0.12493059,0.31691808,0.032709695
69860000,0.22511238,-0.60452646,-0.2737079
69864000,0.32188842,-0.8212753,-0.40571123
69868000,0.42310336,-0.46425697,-0.53865933
69872000,0.2483485,-0.03313995,-0.94053626
69880000,-0.18801339,-0.14733633,0.2583842
69888000,-0.38466972,0.09484215,0.1712096
69892000,-0.6328712,0.23302948,-0.16413745
69896000,-0.12314148,-0.007188708,-0.06254273
69900000,0.3740151,0.11802137,0.112989455
69904000,0.28503186,0.14020821,0.10648454
69908000,0.15482165,-0.2731901,0.16325107
69912000,0.103570566,-0.55381465,0.1450008
69916000,-0.026243966,-0.20675415,0.13020276
69920000,-0.054961603,0.399455,0.34271678
69924000,0.04128107,0.42117953,0.47156137
69928000,0.41566643,-0.039768174,0.42376912
69932000,0.4908238,-0.09449604,0.30711663
69936000,-0.19054773,0.33707935,-0.01618196
69940000,-0.42471224,0.26880354,-0.17919278
69948000,0.67259574,-0.25947025,-0.31553078
69956000,-0.29861167,0.27815893,-0.19365749
69960000,0.32645378,0.17050979,0.033992954
69964000,0.51289874,0.061637547,0.39840078
69968000,-0.25670063,0.17043783,0.48397478
69972000,-0.8122457,0.13404846,0.20071301
69976000,-0.53682315,-0.15736263,-0.08743521
69980000,0.21147834,-0.055962846,-0.39013955
69984000,0.7066513,0.18097743,-0.5280099
69992000,-0.020411596,-0.03136984,-0.19731888
69996000,-0.2384802,0.0631123,-0.30306113
70000000,-0.40575874,0.21306658,-0.25276133
70008000,-0.6405517,-0.071083575,0.21928827
70012000,0.22511956,-0.26949593,0.4759755
70016000,0.84026486,-0.5054842,0.4006045
70024000,0.53288525,-0.11614409,0.03286349
70028000,0.27783316,0.008223712,0.010785587
70036000,-0.13089547,0.10430443,-0.4837071
70040000,-0.2622005,0.64666927,-0.45528623
70048000,0.32093656,-0.40143305,-0.22043693
70056000,-0.271918,0.055045545,0.8672425
70060000,-0.29756874,0.1918726,0.684948
70068000,-0.22754246,-0.40340817,-0.007173378
70072000,0.39761984,-0.35175782,-0.2705325
70076000,0.4834928,0.19558698,-0.29903293
70080000,-0.14688328,0.3946082,-0.26847818
70084000,-0.46908304,0.17386104,-0.15692699
70088000,-0.09795333,0.40721342,-0.21526697
70096000,0.5134697,0.51015425,0.3610599
70100000,0.49805164,-0.32176396,0.5967488
70104000,0.3607254,-0.59517944,0.4323722
70108000,0.07685425,-0.62763816,-0.063346446
70112000,-0.3401689,-0.5988009,-0.4781793
70116000,-0.6364842,-0.13811675,-0.5152418
70124000,0.7670562,0.38557315,0.37003657
70128000,0.7805104,0.12332767,0.4739034
70132000,0.21595873,0.19144385,0.35506758
70136000,-0.2573819,0.3332827,0.26625517
70140000,-0.38700518,0.3939628,0.013284117
70148000,-0.40977663,-0.40752652,-0.038579836
70152000,-0.3234936,-0.71052915,-0.05710292
70156000,-0.39501595,-0.21446742,-0.34235787
70164000,0.46995312,0.26350605,-0.25277776
70168000,0.57916564,0.1423921,0.1798194
70172000,0.40878177,0.42983314,0.17329068
70176000,0.078700565,0.59976286,-0.12907074
70180000,-0.22855334,-0.052205786,-0.08642952
70184000,-0.18301907,-0.90095985,0.036707446
70188000,-0.005139504,-0.41717958,0.109325185
70192000,0.15314844,0.42504695,0.034103908
70200000,0.3941585,-0.3798595,0.1082518
70204000,0.16654411,-0.27636918,-0.4071684
70208000,-0.22728013,0.16183245,-0.64445806
70212000,-0.5284515,0.16444653,-0.3634122
70216000,-0.74372303,-0.097489595,-0.19033423
70220000,-0.49482858,0.1254555,-0.10904899
70224000,0.003982097,0.32500982,0.1439949
70232000,0.17761202,0.32771897,0.3443188
70236000,0.032921,0.07974284,0.43500704
70240000,-0.40310672,-0.39381108,0.089511245
70244000,-0.44422418,-0.67503256,-0.25081143
70248000,-0.10243641,-0.4856885,-0.21744399
70252000,0.31065232,0.15914539,-0.112591326
70260000,0.5654037,0.26034304,-0.35082835
70264000,0.3743286,-0.09714827,-0.03118439
70268000,0.29486728,-0.45071393,0.5101411
70272000,0.2647356,-0.2694528,0.29292923
70276000,0.040423412,0.29089418,-0.286357
70284000,-0.39824465,0.29303983,0.3882204
70288000,0.030548371,-0.31140044,0.58331406
70292000,0.18570782,-0.48660338,0.533417
70296000,-0.1808666,-0.058805004,0.17549622
70300000,-0.41037765,0.07313809,-0.24228336
70308000,0.24501204,0.06988928,0.23861605
70312000,0.312728,-0.11250129,0.3143517
70316000,0.11409278,0.07194894,0.24056326
70320000,-0.15088625,0.6601182,0.2607169
70328000,-0.119390674,-0.01578553,-0.040315624
70332000,0.33671346,-0.032692797,0.21336809
70336000,0.6822614,0.0909502,-0.04585883
70340000,0.1623716,0.043287978,-0.22179984
70344000,-0.21705152,0.11843235,0.1586051
70348000,0.07890886,0.23646136,0.25679392
70352000,0.13380268,-0.0777324,0.08743779
70356000,-0.09856869,-0.5449549,-0.05876767
70360000,-0.39977267,-0.3120033,-0.43502378
70364000,-0.7065391,0.2575846,-0.55418843
70372000,-0.009839445,-0.05745863,0.30080608
70376000,0.23449391,-0.14765583,0.1990058
70380000,0.049539685,-0.19867787,0.10007805
70384000,0.41569966,-0.36966884,0.19877774
70388000,0.7244793,-0.43422943,-0.044402912
70392000,0.58323395,-0.30975574,-0.6413432
70396000,0.28125012,0.18541852,-0.78795564
70400000,0.014106829,0.7150104,-0.3370006
70408000,0.22685179,-0.074527726,0.08446671
70412000,0.19653523,-0.009655327,0.08894763
70416000,-0.15402278,-0.0573207,0.03877651
70420000,-0.3215236,-0.22247642,-0.09313199
70424000,-0.4145735,-0.19098128,-0.055946447
70428000,-0.5579231,0.036755152,0.17522228
70432000,-0.40823233,0.39652246,0.46786144
70436000,-0.3223315,0.5908498,0.20342828
70440000,-0.38151348,0.48640698,-0.46335113
70444000,-0.10108271,0.044434845,-0.5806388
70452000,0.27749723,-0.42260852,0.5916246
70456000,-0.16845761,-0.086269855,0.5082207
70464000,0.36946693,-0.30333343,0.13239266
70468000,0.85322666,0.116083905,0.037294492
70476000,0.06665406,0.22429918,0.009223577
70484000,-0.10791227,0.06341186,-0.6707463
70488000,-0.34787297,0.15302421,-0.5226283
70492000,-0.1981574,0.22434402,0.16228366
70496000,0.28001264,-0.3088612,0.53085494
70500000,0.31898946,-0.8239639,0.36383477
70504000,0.019898608,-0.6173775,0.3442125
70508000,-0.023464285,-0.10854131,0.38736424
70512000,-0.035940077,0.22287394,0.29373527
70516000,-0.06820879,0.35567164,0.13339026
70520000,-0.051288772,0.73224324,-0.27714628
70524000,-0.3633532,0.8057003,-0.623756
70528000,-0.5441104,0.4366215,-0.16604258
70532000,0.008736283,0.30100718,0.56397057
70540000,0.54347146,-0.6956646,0.10618323
70544000,-0.021507546,-0.5192904,0.008181786
70548000,-0.21338008,-0.4461275,-0.017627377
70556000,-0.16892076,-0.20938045,-0.44772768
70560000,-0.5569939,-0.017401785,-0.547976
70564000,-0.6545233,-0.24640897,-0.22660854
70568000,-0.18650565,-0.3309872,0.14562193
70576000,0.42254564,0.7326797,0.20277774
70580000,0.55031776,0.6912133,0.20467788
70588000,0.25777143,-0.40881878,0.22341198
70592000,0.13327405,-0.6990685,0.112225
70596000,0.26875547,-0.624714,-0.37023443
70600000,-0.16804053,-0.4627065,-0.5874311
70604000,-0.615005,-0.018050373,-0.37632725
70608000,-0.38185936,0.39125985,-0.36140034
70616000,-0.21773148,0.5992136,0.37473124
70620000,0.013859466,0.6053698,0.2955768
70624000,0.24975666,0.013894126,-0.100449435
70632000,-0.053986266,-0.493815,0.13783184
70636000,-0.25466534,-0.45622346,0.2101953
70640000,-0.10876742,0.28347898,0.34411144
70648000,0.3982945,0.41017407,-0.040115066
70652000,0.5235779,-0.39632502,-0.08142886
70656000,0.21746689,-0.3661657,0.20265363
70660000,0.15324117,-0.15601417,0.07896357
70668000,-0.39026976,-0.3292036,-0.31517297
70676000,-0.2025573,0.8508231,-0.14712466
70684000,-0.65016097,-0.12636901,0.26798114
70688000,-0.02832675,-0.6373311,0.4900764
70692000,0.9560349,-0.31113908,0.36742622
70696000,1.1487288,0.18572474,-0.30390462
70700000,0.7542186,0.12071636,-0.6155815
70704000,0.17902437,0.060277455,-0.23457222
70708000,-0.4566138,0.51803946,0.1686256
70716000,-0.748674,-0.2944159,0.39851564
70720000,-0.8013842,-0.3919445,0.005598456
70724000,-0.43156084,-0.43502298,-0.3507479
70732000,0.4790477,-0.02886229,-0.27727193
70736000,0.36892614,-0.0755981,-0.35199755
70740000,-0.3910014,-0.24310896,-0.13135529
70744000,-0.6566345,-0.090320125,0.057442725
70748000,-0.16454574,0.27741498,-0.024335686
70756000,0.38157305,-0.015082829,-0.098669544
70760000,0.4933861,-0.13093244,0.033363987
70764000,0.5808406,-0.17243655,0.14802508
70768000,0.5944138,-0.06811612,0.14626716
70772000,0.038216382,0.20697267,0.55977744
70776000,-0.4124209,0.44611573,0.60898376
70784000,-0.39557293,0.040163968,-0.30279845
70792000,0.2960149,-0.38725626,0.19146553
70796000,0.6787307,-0.072059825,0.12091054
70800000,0.29901,0.1455213,0.06975631
70808000,-0.51015323,-0.4327525,0.3335257
70812000,-0.7425852,0.019255072,-0.081112534
70816000,-0.14729413,0.2094094,-0.1358541
70820000,0.47374183,0.19407615,0.048538078
70824000,0.115722835,0.50555754,0.031962164
70828000,-0.12842757,0.62310207,-0.14897248
70832000,0.25861815,0.2539292,-0.58717966
70840000,0.25146505,-0.55288875,-0.2943348
70844000,-0.2282358,-0.16739404,0.2209146
70848000,-0.76987374,0.2765288,0.34661612
70852000,-0.78392303,0.3258155,0.32885367
70856000,-0.2365395,-0.061882734,0.41366208
70860000,0.27958432,-0.37416515,0.38699204
70868000,0.43438378,0.82320666,-0.1765005
70872000,-0.37948167,0.7249607,-0.103735164
70876000,-0.5550132,-0.08530718,0.0710591
70884000,0.3679109,-0.9300789,0.054915473
70888000,0.6530233,-0.7913936,0.09346113
70896000,-0.50014347,0.18652767,-0.4814627
70900000,-0.23249829,0.121785596,-0.89543897
70904000,0.3926657,0.17595528,-0.8732951
70912000,-0.045562476,0.4434045,0.29693848
70920000,0.083635956,-0.16833264,0.74125856
70924000,0.047380134,-0.352633,0.440934
70928000,-0.10260646,0.08143881,0.38423866
70932000,-0.022278178,0.45757845,0.18814445
70936000,0.13744408,0.41389328,-0.3735915
70940000,0.08433007,-0.18423466,-0.57780474
70944000,0.15622959,-0.644094,-0.28356504
70948000,0.19196793,-0.4520467,0.06493887
70952000,-0.28102726,-0.35302117,0.14176089
70956000,-0.45879447,-0.1323113,0.05323559
70960000,-0.27461648,0.4980281,0.27621818
70968000,0.067566,-0.10559265,0.5751308
70972000,-0.057855032,-0.3385678,0.55462885
70976000,-0.17745441,-0.21193287,0.06408038
70980000,0.20826496,-0.03537306,-0.6007551
70988000,0.5846783,0.5042662,-0.78907394
70992000,0.37097615,0.91227907,-0.31567907
70996000,0.036787294,0.3041864,0.15074253
71000000,-0.16352923,-0.53363824,0.16667718
71004000,-0.12141517,-0.36044568,0.06549482
71008000,-0.42524904,0.43088782,0.39275363
71012000,-0.84774256,0.41629764,0.7107983
71020000,0.10067336,-0.2375712,0.23177077
71024000,0.11975516,0.2185587,0.026456766
71032000,0.27266327,0.07112704,0.14277
71036000,0.5088882,0.010243908,0.2905826
71044000,-0.41289222,-0.000580631,-0.13112858
71048000,-0.39216703,0.11451566,-0.5045024
71056000,0.2882975,-0.700228,-0.50245774
71064000,-0.14236984,0.46528062,0.6169201
71068000,-0.06535436,0.28943118,0.033076346
71072000,0.21171638,-0.08395429,-0.117633075
71076000,0.1622315,-0.33679336,-0.046767578
71080000,-0.17014496,-0.27924296,-0.11224717
71088000,-0.47006947,0.31486404,-0.122487545
71092000,-0.13100496,-0.039470166,-0.17869374
71096000,0.17525686,-0.17743188,0.18987769
71100000,0.14984527,0.4862661,0.46183023
71104000,-0.15580422,0.9460467,0.48200214
71108000,-0.12313668,0.45785227,0.5943324
71112000,0.07939742,-0.10122162,-0.037867606
71120000,0.2501368,-0.6157543,-0.77548504
71124000,0.59399414,-0.564285,-0.07864155
71128000,-0.111148834,-0.24586505,0.2849337
71132000,-0.52415544,-0.08351263,0.5081558
71140000,0.344541,0.13406022,0.17905317
71144000,0.36166227,-0.029805072,-0.5120158
71152000,0.047343004,0.273733,-0.5195744
71160000,0.25011602,-0.3697064,0.20539533
71164000,0.007224307,-0.6201602,0.80618304
71168000,0.10364149,-0.225506,0.7213361
71172000,0.3526098,0.31073296,0.32424605
71176000,0.29082766,0.6839942,0.05505892
71184000,-0.6338007,0.32784235,-0.122514516
71188000,-0.73627245,-0.23576206,-0.38464177
71192000,-0.36654997,-0.21932295,-0.16893272
71200000,0.43867797,0.0878537,0.22125192
71204000,0.10150812,-0.3449983,-0.38438725
71208000,-0.41753045,-0.4859206,-0.5522037
71212000,-0.63969713,-0.35211787,-0.3640644
71216000,-0.36537176,0.13032165,0.23744485
71224000,0.72371334,0.46391279,0.5260996
71228000,0.21200112,0.15805809,-0.2850964
71232000,-0.015837805,-0.08313303,-0.41550052
71240000,0.010398686,-0.7696839,-0.06621027
71244000,-0.28707975,-0.66174835,0.16200766
71248000,-0.245,-0.17102467,0.15482631
71252000,0.19923075,0.58971846,-0.00538437
71256000,0.51815385,0.87547135,-0.16956681
71264000,-0.40011802,0.017509915,0.35836628
71268000,-0.2764483,-0.3118034,0.3435873
71272000,0.14749628,0.105005786,0.013522469
71276000,0.49946028,0.6812365,-0.18359385
71280000,0.3363803,0.27978104,-0.12645988
71284000,-0.17378871,-0.51127326,-0.16304642
71292000,-0.039870396,-0.17438012,-0.0468857
71300000,0.065923564,-0.23250896,-0.116134204
71304000,-0.2944583,-0.2425198,0.024006061
71308000,-0.29034692,-0.45469087,-0.20761901
71316000,0.3590655,-0.694431,0.16615829
71320000,0.18372254,-0.032165334,0.44141498
71324000,-0.114220515,0.6014686,0.39340103
71328000,-0.15232088,0.7040858,0.06063567
71332000,-0.25090155,0.19555952,-0.10500844
71336000,-0.3276975,-0.19859889,-0.27661076
71340000,-0.21928877,-0.08023271,-0.5195997
71344000,-0.36356935,-0.21270357,-0.07327598
71348000,-0.5190951,-0.3188181,0.6149786
71352000,-0.13315046,0.1921502,0.7935007
71356000,0.3694172,0.5723609,0.5487725
71360000,0.2738073,0.620175,0.024102516
71364000,0.00696297,0.55106175,-0.44778648
71368000,0.36016363,0.036192387,-0.38393638
71372000,0.68261683,-0.51268846,-0.03120872
71376000,0.3763678,-0.32877776,0.044631686
71380000,-0.2069267,-0.009419531,-0.18522799
71384000,-0.41081455,-0.13769019,-0.32443094
71388000,-0.231318,-0.2210607,-0.09300741
71392000,-0.22355177,-0.065474674,0.1274705
71400000,0.10637809,-0.1292539,-0.2169021
71404000,-0.06804955,0.061002024,0.43786097
71412000,-0.13552633,0.3849086,0.37417057
71416000,0.38164517,0.6661831,-0.09306515
71424000,0.5896046,0.14631072,-0.10340466
71428000,0.014568627,-0.4290999,-0.4288773
71432000,-0.08188849,-0.7024845,-0.30378944
71436000,0.0609048,-0.5331742,-0.007594682
71440000,-0.22759998,-0.19078922,-0.032613177
71444000,-0.72923076,0.13178226,-0.24770734
71448000,-0.5883206,0.25566486,-0.08127532
71452000,0.013032109,0.092287704,0.40546405
71456000,0.040967226,0.042830557,0.4885383
71460000,-0.10236886,0.000468016,0.06511735
71464000,0.24944615,-0.03489986,-0.22854039
71468000,0.39345613,0.31227842,0.015908316
71476000,-0.031999335,-0.24761592,-0.013550937
71480000,0.2212034,-0.26709396,0.0540431
71484000,0.43824923,0.018677711,0.14579293
71488000,0.18075138,0.04639579,0.08578986
71492000,-0.37531364,0.1248405,0.33307964
71496000,-0.48469734,0.067980796,0.5027905
71500000,-0.28054297,-0.080299295,0.043300673
71504000,-0.4692521,0.11979284,-0.47033715
71508000,-0.41462868,0.29067415,-0.61186045
71516000,0.54002607,-0.2837133,0.057698503
71524000,-0.2644873,-0.49216107,0.46523386
71528000,-0.3974819,-0.026378572,0.0327729
71532000,-0.12524587,0.14713982,-0.21939474
71536000,0.09907612,0.309084,-0.42541853
71544000,0.23134978,0.49133414,-0.33143613
71548000,-0.33961502,-0.08638409,0.23675585
71552000,-0.7044976,-0.40758163,0.28364965
71556000,-0.2281924,-0.2621116,0.1844459
71564000,0.19129062,-0.23160982,0.08714047
71568000,-0.03520956,-0.6008744,-0.18219057
71572000,-0.05178707,-0.34922206,-0.45052764
71580000,-0.1523706,0.35867536,0.3300294
71584000,-0.008963276,0.03265129,0.2667632
71592000,0.5880571,0.0774797,0.54566234
71596000,0.28597668,0.5577956,0.09383313
71600000,-0.23947714,0.30806053,-0.23560008
71608000,-0.070154145,-0.5939243,0.046064362
71612000,0.5096211,-0.2800129,-0.22542
71616000,0.39554876,0.2169533,-0.50745
71620000,0.065641925,0.5581462,-0.5141875
71624000,-0.08606888,0.4779846,-0.23688015
71632000,-0.11937713,0.115098484,0.4288122
71640000,-0.00891903,-0.3491692,0.13904187
71644000,-0.2054628,-0.55565315,-0.1805807
71648000,-0.47664955,-0.36460683,-0.49439496
71656000,0.17273913,-0.36610326,0.22591846
71660000,-0.011307038,-0.059724182,0.3486941
71664000,0.0333981,0.31327006,0.13435532
71668000,0.19998854,0.20861088,0.15382928
71672000,0.23946163,0.06513949,0.22686043
71676000,0.3227407,0.27720135,0.013092481
71680000,0.21303686,0.3103063,-0.37641397
71684000,-0.2819936,0.1091828,-0.55665994
71688000,-0.8489646,0.15697995,-0.18596382
71696000,-0.080825225,-0.17467666,0.64711636
71700000,0.567498,-0.3196366,0.07072653
71704000,0.3745933,-0.3234238,-0.5047594
71708000,-0.08109011,0.08240171,-0.457407
71712000,0.080963045,0.36482903,-0.31101823
71716000,0.32222024,0.072238326,-0.14603761
71720000,0.20017149,-0.081606835,-0.080367185
71724000,-0.203953,0.09572614,-0.0321939
71732000,0.27496645,-0.27832735,0.8200489
71736000,0.4109586,-0.41338855,0.54066664
71740000,0.06145625,-0.35261214,0.49161023
71744000,-0.28209016,0.09638859,0.118865184
71748000,-0.40697026,0.4946751,-0.57051635
71752000,-0.35030746,0.33521646,-0.4854503
71756000,-0.19473968,0.10309035,-0.27023098
71764000,-0.49987367,0.27035242,-0.11476205
71768000,-0.27702564,0.257518,0.11929459
71772000,0.36132532,0.80048585,0.24923316
71780000,-0.14193612,-0.28116882,-0.3161112
71788000,0.27094632,-0.5442816,-0.16386536
71792000,0.5108725,-0.2789514,0.3151048
71796000,0.3624544,-0.2683984,0.6252962
71800000,0.11278132,-0.18535778,0.6156173
71808000,0.27506045,0.38158494,-0.26562184
71812000,-0.24033222,0.16718063,-0.4986229
71816000,-0.48949376,0.13201208,0.06501725
71820000,-0.2285802,-0.17170581,0.36515823
71824000,0.08853033,-0.38329852,0.045682505
71828000,0.21949966,-0.19508103,-0.1256428
71836000,-0.13586938,-0.002530083,0.05411855
71840000,-0.21099544,0.19855371,0.12756361
71844000,0.024396114,0.2263254,-0.1800772
71848000,0.08614023,0.011288554,-0.49748325
71852000,-0.10091281,-0.390646,-0.30316514
71856000,-0.041128904,-0.7940994,0.13172835
71860000,0.06883432,-0.6048769,0.37322345
71868000,0.12726477,0.41997516,-0.49368423
71872000,0.04616952,0.28431004,-1.3194157
71880000,-0.15276687,-0.04105178,0.060917318
71884000,-0.14082684,-0.012744017,0.82933325
71892000,-0.12823461,0.25967813,0.89678264
71896000,-0.40645897,0.21936178,0.51926345
71900000,-0.05992332,-0.26284167,0.4883307
71904000,0.19817355,-0.31186748,0.25547206
71908000,0.15986651,0.0867123,-0.29020238
71916000,0.3105353,0.24349977,-0.15454513
71920000,-0.09920441,-0.04840806,0.21623282
71924000,-0.3413339,-0.11522105,0.14703822
71928000,0.088534206,-0.13194847,-0.07655782
71932000,0.45288843,-0.28310758,-0.37450045
71936000,0.011679769,-0.13084263,-0.72403187
71940000,-0.36518753,-0.007270433,-0.73483443
71944000,-0.29305223,-0.07017268,-0.5003915
71948000,-0.15382805,0.022488892,-0.40506053
71952000,-0.11417121,-0.011740569,-0.014941648
71956000,-0.07270545,-0.089264646,0.4961653
71960000,0.42544755,0.1575571,0.44556427
71968000,0.19514084,-0.27222857,0.40533325
71972000,-0.18045199,-0.1226726,0.59825015
71980000,-0.15789893,0.55690336,-0.27642182
71988000,0.06904172,0.06886497,-0.5568515
71992000,0.34037274,-0.04294752,-0.20073573
71996000,0.21389617,-0.05714605,0.59562415
72000000,-0.1622247,-0.121285416,0.69813526
72008000,-0.08396241,-0.143574,-0.08387709
72012000,0.063202895,-0.2601378,0.062719874
72016000,-0.19801392,-0.21724859,-0.32876682
72020000,-0.70684814,0.35462976,-0.6562913
72028000,-0.08755368,0.49678954,0.2896376
72032000,0.31003946,-0.20312855,0.6910919
72036000,-0.0472811,-0.61424273,0.878801
72040000,-0.74715877,-0.51083076,0.43832684
72044000,-0.63513726,-0.4144614,-0.2269575
72048000,0.11204721,-0.2514847,-0.72753
72052000,0.55616957,-0.051791154,-0.8722937
72056000,0.41583616,-0.096639656,-0.5671338
72060000,0.21177322,-0.02944114,0.1079505
72064000,-0.014655758,0.21014588,0.77764904
72072000,0.27207458,0.09028996,0.2864627
72076000,0.65487325,0.08790761,0.1682905
72080000,0.50551754,0.11459015,-0.04218997
72084000,-0.1284197,0.31700075,0.05321516
72092000,-0.281306,0.31083924,0.10599279
72096000,-0.18724842,0.18703377,-0.019101262
72100000,-0.5811875,0.23881575,0.119031
72104000,-0.779922,0.14791304,-0.07045454
72112000,0.3733245,-0.2891368,-0.54158527
72116000,0.101044476,-0.2944321,-0.26857084
72120000,0.001827885,0.042919107,0.12603629
72124000,0.3127859,0.4112091,0.055330954
72128000,0.44492793,0.34284374,-0.11385098
72132000,0.3596279,-0.021067232,-0.103210025
72136000,0.034400858,-0.3007748,0.06597349
72140000,-0.5159702,-0.35095286,0.026894934
72144000,-0.5532658,-0.35499045,0.06660394
72148000,-0.26885426,-0.16841665,0.31133088
72152000,-0.15737124,0.193863,0.25927827
72156000,-0.068566896,0.09646357,0.24870366
72164000,0.39931846,-0.29100737,-0.14742033
72168000,0.6530361,-0.13105775,-0.44685516
72172000,0.46246332,-0.12715472,-0.02133964
72176000,0.20210223,0.054005243,0.17357324
72184000,-0.28018513,0.36630663,-0.54013574
72192000,-0.20638576,0.28646153,0.16315748
72200000,0.21096575,-0.43471703,0.05897975
72204000,0.552888,-0.17548618,0.26816308
72208000,0.4402902,0.12912136,0.2807264
72212000,-0.28939396,0.030884981,0.42212054
72216000,-0.88916695,-0.20547175,0.3441224
72220000,-0.75258815,-0.46213806,-0.000787854
72224000,-0.5986201,-0.707163,-0.6180478
72232000,0.327887,0.26461565,-0.26699844
72236000,0.21880646,0.3280065,0.25731957
72240000,0.24125388,0.17314507,0.26057178
72248000,0.6655322,0.52148753,0.46095434
72252000,0.15469703,0.20800784,-0.13238469
72256000,-0.013408992,-0.16891554,-0.62770283
72264000,-0.053459853,-0.045754123,-0.41335976
72268000,-0.035451792,0.17547515,-0.33509207
72276000,0.033871137,0.15531161,0.6985578
72284000,0.25267676,-0.48474982,-0.07305919
72292000,0.046284243,-0.17316762,-0.2319718
72296000,-1.0522861,0.2041586,0.29771632
72300000,-1.6314017,0.48970962,0.35416356
72304000,-0.66188323,0.38553342,0.023190506
72308000,0.37064618,-0.106236205,-0.3494876
72312000,0.74656975,-0.35966754,-0.18669237
72316000,1.00342,-0.46557373,0.36793357
72320000,0.99722445,-0.42913705,0.5087869
72328000,-0.404091,-0.6917984,-0.15957174
72332000,-0.70533544,-0.14201488,0.07963981
72336000,-0.09695783,0.8565754,0.6509717
72340000,0.13295603,1.100146,0.71661615
72348000,-0.1112154,0.43733057,-0.12565577
72352000,-0.16508432,0.06237279,-0.1384149
72356000,-0.5454447,-0.22434272,-0.61918956
72360000,-0.35074762,-0.30552137,-1.0049732
72368000,-0.13856485,0.35013705,0.36626512
72376000,0.21911095,-0.09980829,0.32302442
72380000,0.51122195,-0.31651,0.04404282
72388000,0.027372181,-0.016345903,-0.41435763
72392000,0.067494705,0.1330114,-0.43880385
72396000,0.067813456,-0.2178213,-0.06675023
72400000,0.01712427,-0.514445,0.35797957
72404000,-0.3156,-0.18672377,0.34901345
72408000,-0.1867668,0.11658778,0.014210179
72412000,0.15348461,0.20898852,-0.20611033
72416000,-0.24566722,0.48107195,-0.27393076
72420000,-0.7672776,0.47634667,0.037686348
72424000,-0.6301986,0.052482,0.08815459
72428000,-0.023881048,-0.46942487,-0.16285038
72436000,0.25814968,-0.18112352,0.5074129
72440000,-0.06119488,0.16221604,0.13999473
72444000,0.24266636,0.029339202,0.018006328
72448000,0.44998893,-0.00372927,-0.13099596
72452000,0.08967923,0.27080825,-0.42610762
72456000,0.000757925,0.32765982,-0.4263562
72460000,0.2569316,0.07745409,-0.1848996
72464000,0.38906354,-0.14187409,0.16232364
72468000,0.20304781,-0.2520492,0.5459432
72476000,-0.26093253,-0.21124375,-0.2567041
72480000,-0.16565129,-0.108792454,0.003844887
72484000,-0.2797692,0.12114393,0.37506866
72488000,-0.25659683,0.55715793,0.40949404
72492000,-0.051421493,0.5826115,0.30368954
72496000,0.1175697,-0.22467716,-0.26602423
72500000,0.19685283,-0.73138326,-0.6743917
72508000,0.16709402,0.09631881,-0.35438684
72512000,0.123640046,-0.0458817,-0.27472618
72516000,-0.109735295,-0.4719419,0.36599746
72520000,-0.038792584,-0.47464818,0.5791151
72524000,0.25886363,-0.14645988,0.12638773
72528000,0.36529034,-0.2594634,-0.18691485
72536000,-0.21245308,-0.0414922,-0.0806022
72540000,-0.26486194,0.4551469,0.49380502
72544000,-0.05886043,0.4002082,0.588475
72548000,0.18979123,0.07928544,0.094233945
72556000,0.1681928,0.18129566,-0.29937312
72560000,0.12023161,0.051149063,-0.2566489
72568000,-0.28202546,-0.4452184,-0.29897705
72572000,-0.6078429,-0.5639298,-0.19409157
72580000,-0.50206095,0.59693277,0.6693649
72584000,0.039648205,-0.17376438,0.24474476
72592000,0.60348785,-0.20835423,-0.8143542
72596000,0.46611214,0.2913779,-0.49740827
72600000,0.46048138,0.72586375,-0.042229936
72604000,0.33371967,0.61994565,0.5534044
72608000,0.20613195,0.41979605,0.743755
72616000,-0.23213473,-0.08547422,-0.013722271
72620000,-0.5361788,-0.37899524,-0.34161532
72624000,-0.12908089,-0.114369,-0.44094017
72632000,-0.055743974,-0.24306588,0.10543777
72636000,0.13863884,-0.6512229,0.5057599
72640000,0.16049199,-0.48780727,0.43842542
72648000,-0.37580556,-0.10240048,-0.09857503
72652000,-0.19798821,0.38310215,-0.2616117
72656000,-0.101767585,0.28800786,-0.05721104
72660000,-0.003794834,0.00531856,0.4594897
72668000,-0.2064673,0.31496647,0.12060854
72672000,-0.360463,-0.15492707,-0.03291788
72676000,-0.10617697,-0.3795364,-0.4009964
72684000,-0.5269941,-0.0149391,-0.3898788
72688000,-0.16264775,0.27493382,-0.28937608
72696000,0.7428701,0.17346512,0.11946292
72700000,0.3442074,0.042725395,0.5702746
72704000,-0.10911614,0.004236114,0.72676927
72708000,-0.32625484,0.2326375,0.40347165
72716000,-0.40094995,-0.08090379,-0.6118089
72720000,-0.12354057,0.054848865,-0.24440542
72728000,0.7228529,0.07319412,-0.451748
72732000,0.31618726,-0.1369372,0.14628612
72736000,-0.090732895,-0.23528016,0.43327898
72740000,0.14583717,0.033812016,0.18333304
72748000,-0.2501587,0.23830362,0.63328475
72752000,-0.19808237,-0.15008798,0.46274042
72760000,-0.1339358,-0.16808845,-0.114008084
72764000,-0.22938456,-0.22537675,-0.15739106
72772000,0.46398962,-0.25381127,-0.60211205
72776000,0.5531364,-0.37293822,-0.7055745
72780000,0.35627398,-0.11304496,-0.34518316
72784000,0.074956656,0.59219885,-0.15379526
72788000,0.018624833,0.897066,0.17656513
72792000,-0.00950163,0.67049146,0.6198864
72796000,-0.22555044,0.35168794,0.72393554
72804000,-0.5287693,-0.33972928,0.45818484
72808000,-0.04538995,-0.33741277,0.262732
72812000,0.47777617,-0.35715172,0.20145406
72816000,0.11285564,-0.41691568,0.17348869
72824000,-0.33250526,-0.21975577,-0.66425604
72832000,0.32784864,-0.36846846,-0.28873658
72836000,0.16131456,0.077996835,0.4541509
72840000,-0.26565447,0.631945,0.4492811
72844000,-0.46997282,0.7807877,-0.094098344
72848000,-0.630485,0.5921392,-0.49663368
72852000,-0.45352852,0.30376375,-0.8530261
72856000,0.18207064,-0.047650978,-0.7183821
72860000,0.45114323,-0.5804019,-0.07681979
72864000,0.3277682,-0.69052136,0.52224463
72868000,0.2493502,-0.17202008,0.8864021
72876000,0.2802031,-0.2830843,-0.07741721
72880000,0.24395932,-0.1893408,-0.28465766
72884000,0.0819049,0.36683726,-0.47607428
72888000,0.20969343,0.5599391,-0.26336068
72892000,0.090130456,0.27508327,0.31990206
72900000,-0.9787353,-0.23227371,0.26206875
72908000,-0.30491027,-0.3256107,0.36255676
72912000,-0.213777,-0.1905113,0.26089677
72916000,0.006494928,-0.1724284,-0.11491841
72920000,0.21764328,-0.19391598,-0.3011792
72924000,0.43047097,0.09030011,-0.54992545
72928000,0.39726487,0.30875504,-1.072609
72936000,-0.15363438,0.012093123,-0.023103654
72940000,-0.40051538,-0.18991458,0.78438944
72944000,-0.18613948,-0.24937806,0.642493
72948000,0.40299654,-0.044306125,0.42160073
72952000,0.4920224,0.21228771,0.29667053
72956000,-0.024550855,0.40303975,-0.004527174
72960000,-0.45539463,0.33869416,-0.15825799
72968000,0.4614252,-0.2360747,0.5378545
72972000,0.29087517,-0.19795963,0.46170378
72976000,0.18030182,0.16939281,-0.21736825
72980000,0.06244067,0.1610144,-0.7974944
72984000,-0.07134426,-0.14295806,-0.31766534
72988000,0.034695372,-0.17380035,0.615595
72992000,0.006291196,-0.035332657,0.41889578
72996000,0.100875884,0.33022144,-0.35578978
73000000,0.13877015,0.48565787,-0.69053364
73008000,-0.43588337,-0.4348812,-0.4123751
73012000,-0.21899459,-0.38604447,0.028999195
73020000,0.35844928,0.17478156,-0.026961654
73028000,0.25390983,0.28988016,0.26392472
73032000,-0.19414264,-0.10725089,0.38509345
73036000,-0.8203149,-0.29829565,0.030084595
73040000,-0.6613556,0.12499347,-0.40866044
73044000,-0.13400814,0.37005514,-0.17134424
73048000,0.12534802,0.06902592,0.55907184
73052000,0.35706687,-0.08289008,0.65100753
73056000,0.3448802,-0.12775734,0.33593917
73064000,0.1839024,-0.04452628,0.23925452
73068000,0.39316016,-0.026875548,0.22360177
73072000,0.269028,-0.18600772,-0.14498277
73076000,-0.04532697,-0.10277179,-0.4161466
73080000,-0.60809326,0.19104812,-0.52325755
73084000,-0.89425796,0.33179992,-0.6477022
73092000,-0.033574693,-0.24761176,-0.10892409
73096000,-0.3626327,-0.008790597,0.3546401
73100000,-0.56366265,-0.03042853,0.42021385
73104000,-0.32117492,-0.63837874,0.2969039
73108000,0.15413626,-0.6881099,0.13049084
73116000,0.55628973,0.500631,0.06322318
73120000,0.2659988,0.42519665,0.26211748
73124000,-0.003778033,0.20607632,0.094538145
73128000,0.09391775,0.012635708,-0.13885766
73132000,0.072209634,-0.30299598,-0.13589227
73140000,-0.30477306,0.15813453,0.055754
73144000,-0.2472465,0.550504,0.058756035
73148000,-0.08937496,0.41027486,-0.19821
73152000,0.28195462,-0.28922868,-0.17879833
73156000,0.30864632,-0.525532,0.22021244
73160000,0.33094978,0.12952942,0.4122318
73164000,0.047038518,0.39222255,0.0691715
73168000,-0.38204947,0.026019111,-0.16256697
73172000,-0.11157392,-0.22776476,-0.059063282
73176000,0.21868338,-0.14089972,0.07428752
73180000,0.17657441,0.2733351,0.2174516
73188000,0.060904298,0.020337105,0.3708921
73192000,0.0802502,-0.10124504,0.40613794
73196000,0.4344762,-0.08406331,0.05543156
73200000,0.76936394,-0.02041202,-0.17225245
73208000,-0.35419622,-0.75923747,-0.04008556
73212000,-0.555855,-0.7428107,0.294458
73216000,-0.28820223,-0.29007277,-0.12478478
73220000,-0.12293129,0.24829072,-0.7221981
73224000,-0.41107538,0.52470577,-0.8975502
73228000,-0.54425037,0.51854783,-0.6693648
73232000,0.027652815,0.37551183,0.2100322
73236000,0.83238983,0.21362013,1.0144901
73240000,1.0348521,-0.12161656,0.87800753
73244000,0.2958135,-0.40828174,0.33636364
73248000,-0.6020479,-0.26755732,-0.122976676
73252000,-0.7654067,-0.15777439,-0.1545217
73256000,-0.39464387,0.008679271,0.029420167
73260000,0.07013285,0.3875373,-0.23227772
73264000,0.14124104,0.4744085,-0.2776726
73268000,-0.26575541,0.07685803,0.015693784
73272000,-0.28823593,-0.38419744,-0.08305004
73276000,0.09324853,-0.3483969,-0.20994547
73280000,0.05881454,0.08185056,-0.23701024
73284000,-0.07764376,0.06765325,-0.50033736
73288000,0.12208765,-0.47287098,-0.5788565
73292000,0.122462824,-0.29380798,-0.08675262
73296000,-0.071981505,0.44081032,0.30184552
73300000,-0.002064921,0.6652342,0.2739052
73304000,0.13731377,0.5211017,0.26010346
73308000,-0.065269776,0.103281,0.15162627
73316000,0.034192413,-0.35909772,-0.35023695
73320000,0.5148151,-0.4104173,-0.093804836
73324000,0.60672486,-0.3097763,-0.12640686
73332000,-0.59435755,0.8657191,-0.21489151
73340000,0.06737174,-0.080530554,-0.15036628
73348000,0.1859209,-0.43502486,0.7439646
73352000,0.2471943,-0.0943888,0.30153587
73356000,0.30011326,0.15723972,-0.6109574
73360000,0.024670035,0.19446798,-0.48431593
73364000,-0.2963459,-0.084231764,-0.011505658
73368000,-0.055020444,-0.38800487,0.2769859
73376000,0.51292217,-0.05638813,0.3626333
73380000,0.15632647,0.2542746,0.5763685
73388000,-0.5919867,0.215877,0.13244832
73392000,-0.80740976,-0.1122528,-0.38045377
73396000,-0.47533655,-0.059195675,-0.46448696
73400000,0.083699584,0.002133474,-0.29657486
73408000,0.50312865,-0.1650413,0.14168489
73412000,-0.051964223,0.2367835,0.76416236
73416000,-0.3798632,0.42198995,0.676262
73420000,-0.29041624,0.39775327,0.060121015
73424000,-0.30952793,0.13862887,-0.08216668
73428000,-0.5222113,0.1719541,0.032986917
73432000,-0.5549542,0.20538518,-0.16158894
73436000,-0.39328796,-0.23240905,-0.32801574
73440000,0.1986714,-0.57433766,-0.34079894
73444000,0.95698637,-0.41936678,-0.23390833
73448000,0.8694762,0.03298171,-0.023146559
73456000,-0.16237102,-0.08106108,0.08765981
73460000,-0.19307917,-0.028659426,0.3367306
73464000,-0.22054894,-0.007411888,0.37822634
73468000,-0.025192626,-0.04279631,0.08447239
73472000,0.41680104,0.34123367,0.04300256
73476000,0.67695683,0.48707396,0.22635363
73480000,0.47546262,0.007001624,0.32100073
73484000,-0.09492555,-0.18157256,0.058452323
73488000,-0.56904066,0.1385805,-0.472751
73492000,-0.66102463,0.0880701,-0.7319113
73496000,-0.24356654,-0.4381828,-0.25311956
73500000,0.23779932,-0.751122,0.36565477
73504000,0.2836358,-0.63850653,0.40508306
73508000,0.001638664,-0.12447621,0.10483648
73512000,-0.2266081,0.38009003,-0.15218976
73516000,-0.10473852,0.4380931,-0.56364554
73520000,-0.11217471,0.28263265,-0.7240216
73524000,-0.21055602,0.16844654,0.20075828
73532000,0.39055207,-0.5053948,0.65360796
73536000,0.55395186,-0.13042188,0.023803279
73544000,-0.053007483,0.24900544,-0.39001375
73548000,-0.08911417,0.39646456,-0.1377469
73552000,-0.11556059,0.24270786,-0.13309774
73556000,-0.40238878,0.08341963,-0.44189653
73560000,-0.78141165,0.50421846,-0.16759425
73564000,-0.67585516,0.6391272,0.028808584
73568000,-0.13642281,-0.006572455,-0.32894212
73572000,-0.1718028,-0.47244674,-0.31494302
73576000,-0.55230093,-0.19417158,-0.06826103
73580000,-0.2581293,-0.057717998,0.23973697
73588000,0.49665347,-0.8814641,0.20205162
73592000,0.5842915,0.042078763,-0.017799964
73596000,0.6427921,0.32591033,0.27667043
73600000,0.30423966,-0.15613654,0.21399951
73604000,0.11086215,-0.13721702,-0.12880374
73608000,0.10714473,0.18821345,-0.3474943
73612000,0.022772014,0.32614282,-0.2771675
73616000,0.018207174,-0.173016,0.002220422
73620000,-0.41235387,-0.91328806,0.080616325
73624000,-0.90736175,-0.89662397,-0.060179535
73628000,-0.4777108,-0.374367,-0.16313398
73632000,0.3891405,0.099503025,-0.3617379
73636000,0.7280469,0.44995987,-0.6218308
73644000,0.6670753,0.25870338,0.113614425
73648000,0.23757902,0.041493833,0.11615685
73652000,-0.16881827,0.060521074,0.37042826
73656000,-0.115178674,-0.045333944,0.70230204
73660000,-0.07270835,-0.08217357,0.4401502
73664000,-0.21823445,0.288998,-0.17725796
73668000,-0.27415922,0.4553928,-0.26872805
73672000,-0.20163321,0.062811464,0.25867707
73676000,-0.38752115,-0.26699027,0.3546458
73684000,0.14726959,0.13697098,-0.059325807
73692000,0.36204445,0.07861002,0.09513867
73696000,-0.16074938,-0.048089974,-0.061795603
73704000,-0.6289285,0.056050155,-0.30101213
73708000,0.38080943,0.05497574,-0.5781047
73712000,0.6841892,-0.2927599,-0.20364848
73716000,0.40795195,-0.5705036,0.17339599
73720000,0.13101235,-0.39572692,0.07960942
73724000,-0.08666795,-0.19647977,0.15642333
73728000,-0.15635642,-0.11991695,0.35868955
73732000,-0.26061904,0.10514399,0.11369668
73736000,-0.17255221,0.23125531,-0.14727515
73740000,0.10390352,-0.017258026,0.2725209
73744000,0.23956102,-0.11803757,0.71431017
73748000,0.41352177,0.40559497,0.4938264
73756000,-0.04991512,0.5556261,-0.4470585
73760000,-0.7084988,-0.027527764,-0.53361607
73768000,-0.04035075,0.01299309,0.08407667
73772000,0.5061054,0.17857493,-0.12192325
73776000,0.6788511,0.017633345,-0.28363007
73780000,0.09335579,-0.4381827,0.14466652
73784000,-0.78931856,-0.7086505,0.48280817
73788000,-0.67652285,-0.26362324,0.1765103
73792000,-0.16130714,0.58440495,-0.17561555
73800000,-0.22449572,0.40264463,-0.27152082
73804000,-0.6418786,-0.16853938,-0.28730232
73812000,0.21099515,-0.49993575,0.11166966
73816000,0.8485102,-0.7502879,0.40597472
73820000,1.0033807,-0.104084656,-0.03990394
73828000,-0.2254943,0.38734353,-0.24937157
73832000,-0.27113,-0.31400543,-0.22170326
73840000,-0.048369154,-0.087193444,0.31940398
73844000,0.41676176,0.624014,0.40838316
73848000,0.22912532,0.9289222,0.13139227
73856000,-0.19908546,0.4977036,-0.20839088
73860000,0.062422425,-0.06774564,-0.6062731
73864000,-0.26283687,-1.0409186,-0.6476128
73868000,-0.26620036,-1.5000265,-0.028236851
73872000,0.20398948,-0.9412167,0.3522339
73876000,0.35734078,-0.08418374,0.27711028
73880000,0.34453845,0.34315646,0.3763758
73884000,0.24466753,0.25318128,0.41762605
73888000,0.025373813,0.096324116,0.3749846
73892000,-0.28811502,0.20284064,0.3006419
73896000,-0.24603635,0.38626847,0.07083505
73900000,0.14856717,0.2480062,0.004463723
73904000,0.12045559,-0.17189136,-0.09295578
73908000,-0.110605866,-0.24097586,-0.06096233
73912000,-0.036673963,0.075640924,0.22264016
73916000,0.3618398,0.5539385,0.15857902
73924000,0.13647336,-0.12841052,-0.42251942
73928000,-0.46598518,-0.13438196,-0.57535785
73932000,-0.47055575,-0.17283848,-0.29307938
73936000,0.034963354,-0.35862708,0.018446498
73944000,0.1622681,0.018488817,0.14210317
73948000,0.07940549,0.19763781,0.07295704
73952000,0.20523155,-0.11895992,0.32051918
73960000,-0.58825356,0.29760438,0.6048239
73964000,-0.83504623,0.5759958,0.21122473
73968000,-0.35689425,0.29226366,0.043541543
73972000,0.27530617,-0.017098978,0.08079711
73976000,0.41164064,-0.047602557,-0.30292737
73980000,0.40271544,-0.2244164,-0.5043853
73988000,0.09190178,0.06326686,-0.63377446
73992000,-0.3013401,0.15529332,-0.77616286
74000000,-0.21046227,-0.01571804,0.37892565
74004000,-0.02441762,-0.09377829,0.33900636
74008000,-0.07127259,-0.15620661,-0.2336424
74012000,-0.45143512,-0.016710587,-0.07527682
74016000,-0.49293524,-0.21217328,0.3535558
74024000,0.6334749,-0.033896953,0.091969565
74028000,0.71916866,0.71625954,0.33993942
74032000,0.24294549,0.54924196,0.41313857
74036000,-0.19995117,0.19354185,0.6223073
74040000,-0.2743674,0.004567701,0.2717625
74044000,-0.13345231,0.07472179,-0.51228267
74048000,0.1916883,-0.0866378,-0.9529327
74052000,0.41868448,-0.6179827,-0.919567
74056000,0.1615019,-0.65211225,-0.39945808
74064000,-0.26326913,0.16210957,0.48261333
74068000,-0.2810675,0.41870597,0.20422299
74072000,-0.004619584,0.14349015,-0.33399546
74076000,0.2750741,0.032809526,-0.6311288
74080000,0.18809041,0.0697704,-0.18599206
74084000,0.298509,-0.18986684,0.4669263
74092000,0.14817238,0.047372997,0.844442
74096000,-0.680243,0.55884695,0.45741352
74104000,-0.8483695,0.20084715,0.002216574
74112000,0.344846,-0.61646146,-0.38124448
74120000,0.009411395,-0.6320218,-0.63593775
74124000,-0.43066782,0.049913093,-0.57436967
74128000,-0.35102317,0.5117464,-0.27959096
74136000,0.4384413,0.41677976,0.9548333
74140000,0.2692664,-0.17271239,0.74545604
74144000,-0.27314734,-0.014895558,0.029038772
74148000,-0.46495497,0.11435116,-0.4118727
74152000,-0.23734514,-0.25255564,-0.19298083
74160000,0.48037773,-0.5040984,0.15791503
74164000,0.84715277,-0.23759374,-0.29561993
74172000,-0.17062633,-0.11873533,0.021176495
74176000,-0.16053206,0.17224017,-0.33999085
74180000,0.3582481,0.57376873,-0.5304462
74184000,0.42157173,0.5031446,-0.32975924
74188000,-0.22283956,0.1715174,-0.3261271
74192000,-0.60651225,-0.28929415,-0.4497386
74196000,-0.27977023,-0.2391968,0.12679054
74200000,0.087538056,0.34597057,0.9137658
74204000,0.20113748,0.36169022,0.793244
74208000,0.09484911,-0.063886285,0.21109682
74212000,-0.11971214,-0.39728743,-0.01105359
74216000,-0.17728528,-0.48136142,-0.04377359
74224000,0.41050324,0.3591783,-0.12470634
74228000,0.4434216,0.44791996,-0.31409606
74236000,-0.1336562,0.38121572,0.18496424
74240000,-0.04388114,0.62243813,0.9904275
74244000,0.033330567,-0.084828824,1.1228485
74248000,-0.08691023,-0.47512335,0.4597143
74252000,-0.20216592,-0.19981489,-0.33970743
74256000,-0.22232217,0.24293965,-0.6851113
74260000,-0.27506107,0.38950294,-0.7545764
74264000,-0.41362947,0.014388382,-0.24911273
74268000,-0.4034027,-0.34760365,0.26510167
74272000,-0.10762869,-0.32190692,0.07574025
74280000,0.17980035,0.33132735,0.1050664
74284000,-0.30042577,0.38558292,0.23823243
74288000,-0.21968877,-0.11955145,0.111861825
74292000,-0.32197815,-0.37848708,0.004114232
74296000,-0.37869912,-0.18536125,-0.15974203
74300000,0.10723454,-0.07518095,-0.22436579
74308000,-0.34484592,-0.17958385,0.015851557
74312000,-0.68604565,0.29212198,-0.018171597
74320000,-0.8234752,0.6798595,0.026776358
74324000,-0.43928865,-0.28890556,-0.3309752
74328000,-0.36922416,-0.5473127,-0.39549607
74336000,-0.7305969,0.00938539,-0.39039105
74344000,-0.5010877,-0.32745242,-0.16888155
74352000,-0.18192086,-0.54830194,0.3808081
74356000,-0.11079019,-0.15885511,0.6240302
74364000,-0.6983229,0.6498705,-0.26124352
74368000,-0.9851702,0.44068202,-0.83639556
74372000,-0.82430696,0.093457565,-0.48593426
74376000,-0.44089633,0.12957354,0.2854988
74380000,-0.36131594,0.078736074,0.2855258
74388000,-0.9598328,-0.9744329,0.03143806
74392000,-0.883119,-0.6482787,0.42730305
74400000,-0.21008128,0.41618004,0.07185091
74408000,-0.8854836,0.4524717,-0.000801925
74412000,-0.66813385,0.11980994,-0.1997547
74416000,-0.61648667,0.20793797,-0.3351508
74420000,-0.98172486,0.36566815,-0.63585806
74424000,-1.1453853,-0.007054687,-0.47635242
74432000,-0.005940542,-0.6742438,0.88231933
74440000,0.018340454,-0.34905216,0.48098505
74448000,-0.7333591,0.38530105,-0.6394957
74452000,-0.95434135,0.92193735,-1.2138357
74456000,-0.59187067,1.1840146,-1.1599298
74464000,-0.059108913,0.06796745,-0.25847638
74468000,-0.07751474,-0.24938054,0.16034383
74472000,-0.8177252,-0.5265489,0.31252033
74480000,-0.70839036,-0.1975659,0.20581271
74488000,-1.355643,-0.20679572,0.26525223
74492000,-0.82080525,-0.52425027,0.41882643
74500000,-0.21168387,-0.14511274,-0.8785598
74504000,-0.57832676,0.03868728,-0.363005
74508000,-0.6233856,0.41828,0.18383963
74512000,-0.36574093,0.79701906,0.5300486
74516000,-0.17363416,1.0528345,0.55974823
74520000,-0.5281047,0.60808504,0.13266711
74524000,-1.0786487,-0.46333554,-0.2022101
74528000,-1.1444583,-1.0580728,-0.24357246
74536000,-0.24798152,-0.69911224,0.11727855
74540000,0.05351798,0.11018869,0.029419996
74544000,-0.11647599,0.6303563,-0.3814335
74552000,-0.7586579,0.59218657,-0.26501495
74556000,-0.68844545,0.52649677,-0.12315689
74560000,-0.7512402,0.210091,-0.4661368
74564000,-0.76610565,-0.24915709,-0.8922144
74568000,-0.26543683,-0.4901768,-0.503517
74572000,0.5729055,-0.002859443,0.26067895
74576000,0.62008756,0.35022962,0.6297974
74580000,-0.47443795,0.089436345,0.5593972
74584000,-1.281714,-0.05809749,0.24376146
74588000,-1.0092463,-0.076023445,0.018377088
74592000,-0.6400219,0.003752988,-0.16256827
74596000,-0.30952254,0.20043086,0.009979926
74600000,0.05373031,0.16306579,0.3565775
74604000,-0.33059496,-0.13673362,0.010350436
74608000,-1.0477817,-0.5077365,-0.614923
74612000,-0.8968288,-0.43542868,-0.80462784
74616000,-0.26162544,-0.13968661,-0.5245111
74620000,-0.4953239,-0.117231734,-0.04811652
74624000,-0.7497508,-0.18625635,0.05010057
74628000,-0.13094196,0.07650035,-0.23148793
74632000,-0.1738093,0.59853864,-0.124371275
74636000,-0.65475595,0.48973984,0.3391514
74640000,-0.62546945,0.105821736,0.4411828
74644000,-0.5782481,-0.18153413,0.11985251
74648000,-0.52458304,-0.7465844,-0.34715712
74652000,-0.5815668,-1.0009338,-0.3859694
74656000,-0.9243512,-0.77617896,-0.011452735
74660000,-1.0302364,-0.4815196,-0.033012956
74664000,-0.42501146,0.1876926,-0.13461849
74672000,0.066501305,0.8503156,-0.41167638
74676000,-0.278968,0.25803086,-0.3263009
74680000,-0.15003408,0.29392007,-0.157632
74684000,-0.027445039,0.25229695,-0.102812625
74692000,-0.15819812,-0.86193794,-0.24982534
74696000,-0.36538646,-0.6009612,-0.2482294
74704000,-0.55285084,0.4499891,0.13231854
74712000,-0.27324292,0.32154438,-0.25715512
74716000,-0.3816165,0.07142249,-0.27860612
74720000,-0.4165335,-0.116521664,-0.31603357
74724000,-0.37188202,-0.2588531,0.107051924
74728000,-0.7908474,-0.36159247,0.3503997
74732000,-0.9618423,-0.23689298,0.14182746
74736000,-0.60091984,0.16193916,0.062804386
74740000,-0.48624733,0.3330506,0.21171322
74748000,-0.46269473,-0.118016034,-0.12123434
74752000,-0.5684871,-0.27392113,0.09855029
74756000,-0.42008105,-0.4387808,-0.27390817
74764000,-0.45681566,0.13176453,-0.5125123
74768000,-0.49162173,0.81917804,-0.42485526
74772000,-0.4672607,0.8035314,-0.28176343
74780000,-0.13087817,-0.22197054,0.25852573
74784000,-0.15960157,-0.5922209,-0.25948697
74788000,-0.11652359,-0.37069774,-0.5139634
74792000,0.050851744,0.2374003,-0.3341701
74796000,0.010918785,0.37798285,0.099562705
74800000,-0.5077951,0.25661927,0.31988686
74804000,-0.6773811,-0.22867742,-0.08862132
74808000,-0.040257335,-0.71219146,-0.44180763
74812000,0.10514267,-0.1850456,-0.38945198
74820000,-0.91758984,0.14888597,0.008708455
74824000,-0.7171659,-0.067602575,0.32974312
74828000,-0.5926169,-0.11303407,0.004505634
74832000,-0.54053575,-0.18772613,-0.14289242
74836000,-0.33896267,0.1481426,-0.04492727
74840000,-0.23456228,0.5236968,-0.6437305
74844000,0.055791937,0.53639644,-1.0103774
74848000,0.49638736,0.448227,-0.53925014
74852000,0.021243155,0.19172996,-0.270414
74860000,-1.0355555,0.1343534,0.05130355
74868000,-0.21874037,0.15117067,0.5333862
74872000,-0.13932887,0.025390185,0.3566438
74876000,-0.08176132,-0.13165216,0.13426721
74880000,0.43640947,-0.1300099,-0.49391663
74884000,0.5992885,0.033190675,-0.85315377
74888000,-0.20937833,-0.005429328,-0.41634434
74892000,-0.9457344,0.028346173,-0.09670396
74896000,-0.8493482,0.26468644,-0.20540884
74900000,-0.29718453,0.09559973,-0.11477116
74904000,-0.17609116,-0.3621443,0.093934305
74908000,-0.39029345,-0.4619095,0.05076447
74916000,-0.9528396,-0.30013874,0.31200656
74920000,-0.48594987,-0.33974293,0.29164046
74924000,0.24822897,-0.121348284,-0.08167182
74928000,-0.29024887,0.3061794,-0.16760442
74932000,-0.95975834,0.3575218,-0.019457571
74936000,-0.18293715,0.23995738,-0.35694513
74940000,0.605561,0.14578587,-0.79303116
74944000,0.5498191,-0.1295913,-0.7182745
74952000,0.2551654,-0.12809218,-0.16470896
74956000,-0.38763458,0.39721853,-0.029003128
74964000,-0.72113717,0.8827104,-0.4843766
74968000,-0.32152724,0.70860684,-0.7804277
74972000,-0.3376859,0.25587976,-0.44834805
74980000,0.14045382,-0.501686,0.34471685
74988000,0.32619703,-0.53300524,-0.24323046
74992000,-0.76822853,-0.05506876,-0.2030778
74996000,-1.6293765,0.5403068,0.08065685
75000000,-1.3724663,0.78943515,0.20188047
75004000,-0.6481184,0.35394984,-0.3265663
75008000,-0.036145642,0.29564157,-0.52804095
75012000,0.49137115,0.32715875,-0.40892708
75016000,0.8202176,-0.24435805,-0.60342145
75020000,0.52745384,-0.7146413,-0.61547416
75028000,-0.91293037,0.019468829,-0.12124349
75036000,-0.09071985,-0.06717004,-0.24028493
75044000,0.14038534,-0.34392798,-0.2093839
75052000,-0.39993295,0.31128195,-0.16660364
75056000,-1.0015985,0.78800726,-0.40597525
75064000,-0.30470303,-0.3069902,-0.36365524
75068000,-0.105469204,-0.64001524,-0.50121593
75072000,-0.09377608,-0.09456213,-0.123443455
75076000,0.14542787,0.58363503,0.39388657
75080000,0.24870259,0.60950685,0.025560185
75084000,-0.04325068,0.2545721,-0.25014436
75088000,-0.27515316,-0.34126246,0.08605786
75092000,-0.37393904,-0.9016653,-0.14420807
75100000,-0.1918577,0.33505863,-0.23259744
75104000,0.22280997,0.6997206,-0.15666685
75108000,-0.018344969,0.28109732,-0.23117971
75112000,-0.18421051,-0.21681821,-0.064747736
75120000,-0.32812077,-0.20455082,0.08136331
75124000,-0.28435203,-0.19677484,-0.6744077
75128000,-0.027715787,0.114867,-1.0941975
75132000,0.2711864,0.2879903,-0.78296417
75140000,0.10481294,-0.080429174,-0.016257308
75144000,-0.069004774,-0.052698623,-0.07046693
75148000,-0.38633454,0.072992936,-0.30997705
75152000,-0.54756844,0.30619827,-0.45551187
75156000,-0.4919911,0.4721913,-0.29860276
75160000,-0.53100073,0.74347085,-0.20446587
75164000,-0.09100236,0.80557173,-0.018438011
75168000,0.33942133,0.69613135,0.08108379
75172000,0.011694878,0.6046953,-0.06869224
75176000,-0.32031223,0.1608352,-0.46403462
75184000,0.20048484,-0.8269657,-0.18532172
75192000,-0.19494545,-0.7059457,-0.05115226
75196000,-1.1055408,-0.20287435,0.4138083
75200000,-1.2909276,0.71160215,0.19766818
75204000,-0.5153889,0.8510225,-0.29211473
75212000,0.020034961,-0.31026936,-0.66933376
75216000,0.32385534,-0.3021632,-0.50738096
75220000,0.34404933,-0.1213495,-0.21706694
75224000,-0.3374119,0.08369536,-0.06324346
75228000,-0.6274346,0.30158645,-0.17243846
75232000,0.08580378,0.54496956,-0.27592072
75240000,0.99351615,0.12329748,-0.091756254
75248000,0.05874026,0.01049237,-0.35871178
75256000,-0.60379255,0.24157053,-0.14086995
75260000,-0.5715668,0.1360392,-0.43356755
75264000,-0.57315797,0.072382264,-0.10525945
75272000,0.16646098,0.008739088,0.10539609
75276000,-0.17621705,0.113627784,-0.111420594
75280000,-0.12938672,0.000277884,-0.31646255
75284000,0.23437262,-0.018928386,-0.56657314
75288000,0.043932676,0.009114262,-0.8647269
75292000,-0.48738858,-0.08668975,-0.5151377
75300000,-0.38004443,0.5357585,-0.28026646
75304000,0.11735989,0.067418754,-0.2334016
75308000,0.4006155,-0.15065184,0.42168063
75312000,0.28888094,-0.26356548,0.71644926
75316000,0.111797415,-0.36566755,0.2966443
75320000,0.006724783,-0.24068974,-0.24742767
75328000,-0.4713311,0.4836158,-0.16276993
75332000,-0.315418,0.66134214,-0.08124383
75336000,0.32618657,0.003093481,-0.30388796
75340000,0.5841855,-0.47395307,-0.6517017
75348000,-0.053733192,0.41173026,-0.59364945
75352000,0.07643384,0.7486936,-0.18773553
75356000,-0.168105,0.7971954,-0.15987866
75360000,-0.37990668,0.26430824,-0.3512541
75364000,-0.29698846,-0.086928084,-0.48839527
75372000,0.32090503,-0.17603901,-0.12723011
75376000,-0.17849177,-0.051216945,0.013573609
75384000,0.09941569,0.10318181,0.4247688
75388000,-0.045218334,0.6262709,0.4077268
75392000,-0.45639277,0.7703581,-0.3451232
75396000,-0.18793274,0.71354467,-1.2077765
75400000,0.07144661,0.16121188,-1.0368505
75408000,-0.22319192,-0.20091765,-0.76987964
75412000,-0.18060337,0.35014448,-0.958904
75416000,0.037628025,0.16341914,-0.36836523
75420000,-0.1282342,-0.30928177,0.48567218
75424000,-0.58410215,-0.35107204,0.49515772
75428000,-0.5324553,-0.18366168,0.043561026
75432000,0.08555055,0.3370921,0.071921185
75436000,0.43778208,0.4600593,0.18724847
75444000,0.07065223,0.09536025,-0.16663691
75448000,0.07370536,0.18128166,-0.3461217
75452000,0.025028378,0.20048621,-0.4914204
75456000,0.120845735,0.23879455,-0.46132675
75460000,0.13100953,0.43423694,-0.3675242
75464000,0.15473984,0.5304289,-0.449695
75468000,0.3722026,0.16949585,-0.3976101
75472000,0.51898855,0.066692285,-0.11717452
75476000,0.17892237,0.09145761,-0.14201163
75480000,-0.4261594,-0.18529099,-0.23451774
75484000,-0.33741227,-0.3764825,0.10090059
75492000,-0.41179723,0.04648243,0.24845219
75500000,0.32618842,0.3455496,-0.9793741
75504000,0.6347188,0.4359032,-0.68779606
75508000,0.7229711,0.3185244,-0.15091279
75512000,0.61586905,0.19152181,0.38404167
75516000,0.3101008,0.35835403,0.29885477
75520000,-0.22125039,0.33420375,-0.24724671
75524000,-0.39706486,-0.09683773,-0.5847553
75528000,0.16354653,-0.03344644,-0.6328953
75532000,0.20871823,0.46418804,-0.25421023
75536000,-0.25970182,0.68391484,0.06838312
75540000,-0.53280354,0.7997682,-0.061055213
75544000,-0.49411076,0.6511697,-0.014589451
75548000,-0.34768724,-0.12506722,-0.037194286
75556000,-0.031620562,-0.15291938,-0.3518134
75560000,0.22652616,-0.018145584,-0.15447989
75568000,-0.16322067,-0.20431623,-0.008656301
75572000,-0.0211258,0.17210224,-0.2264733
75576000,0.5045376,0.49668166,-0.4674168
75580000,0.5240009,0.5017101,-0.8478534
75588000,0.2361227,0.7490384,-0.7866579
75596000,0.44328573,0.17602962,0.28662348
75600000,0.32995564,0.035809115,0.70132273
75608000,0.13332362,-0.53129214,0.27212697
75612000,-0.33467105,-0.09078853,-0.19566564
75616000,-0.5318124,0.26685122,-0.49126482
75620000,-0.48588115,0.27787519,-0.5263507
75624000,-0.5195742,0.21628083,-0.42323554
75628000,-0.58726776,0.2957995,-0.13709481
75636000,0.2719574,0.65384716,-0.5134533
75640000,0.3584303,0.12729748,-0.54866374
75644000,0.2757208,-0.20474613,-0.23325881
75652000,-0.106998205,-0.13946617,0.11747309
75660000,0.3438263,0.5031606,-0.6622922
75664000,0.4753917,0.49544597,-0.5053721
75668000,0.21587135,-0.029220045,-0.1224602
75672000,-0.22719961,-0.16522533,-0.06737112
75676000,-0.08337653,0.22729121,-0.19521606
75680000,0.14398628,0.27051938,-0.11570524
75688000,-0.041655004,0.57159036,0.2002965
75692000,0.4276408,0.22670177,-0.8134742
75696000,0.33164698,-0.5436114,-1.0419464
75700000,0.022015736,-0.59445757,-0.5300361
75704000,0.04934509,0.10786544,-0.24372375
75708000,0.1422601,0.81797284,-0.18275304
75716000,0.19785637,0.17459907,-0.09370031
75720000,0.031699616,0.25637454,0.15440871
75728000,-0.11547245,0.10937231,0.26639432
75732000,0.2083462,-0.28471783,-0.2753348
75736000,0.43457156,-0.2419738,-0.35718894
75744000,0.48557037,0.17816155,-0.22661547
75752000,-0.19307557,0.6141956,-0.4749118
75756000,-0.48444384,0.91528267,-0.11258873
75760000,-0.4080695,0.7914783,0.051366538
75764000,-0.4833823,0.3810432,-0.2484761
75772000,0.06292261,-0.25371954,-0.2856475
75780000,0.57197315,-0.22392203,-0.0541936
75784000,0.4956556,-0.29141006,-0.000679076
75788000,0.13310632,-0.15383495,0.23182209
75792000,-0.43551946,0.082768224,0.099463195
75796000,-0.57464266,-0.19061925,-0.31556857
75800000,0.030919403,-0.35525924,-0.29637212
75804000,0.68303376,0.20286636,-0.15240404
75808000,0.74878156,0.91421527,-0.12084844
75816000,0.24423745,0.4900515,-0.117786095
75820000,0.11157891,0.29605034,-0.33132708
75824000,0.08370674,0.40649894,-0.24275161
75828000,-0.2336943,0.30764842,-0.12030392
75836000,-0.38976672,0.8760207,-0.500049
75840000,0.5847255,0.6355499,-0.6876136
75844000,1.1753043,-0.07537493,-0.57641304
75848000,0.58457977,-0.59569836,-0.15379716
75852000,-0.055439733,-0.8049809,-0.00495832
75856000,-0.14867792,-0.51252717,-0.07546142
75864000,-0.2556673,0.55918676,-0.4071126
75872000,0.002002209,0.65246093,-0.24371329
75876000,0.71617335,0.19170485,0.2846843
75880000,0.86333776,0.11104477,0.4165985
75884000,0.66317666,0.4094718,0.08266269
75888000,0.28439185,0.6387183,-0.34829205
75892000,0.050104313,0.44950783,-0.4649035
75896000,-0.03447255,-0.000498302,-0.18157177
75900000,-0.044529706,-0.4649939,-0.31516027
75904000,0.0424117,-0.3199379,-1.025984
75912000,-0.25845456,0.4527061,0.3665902
75920000,0.001726598,0.251443,0.10065437
75924000,0.062904686,0.3566804,-0.48306245
75928000,0.12011112,0.25460598,-0.5713344
75932000,0.41048813,-0.054124296,-0.15874629
75936000,0.41017348,-0.16735315,-0.0620652
75940000,0.07709635,-0.09396328,0.04357943
75944000,-0.17375897,0.001340791,0.08464733
75948000,-0.19358672,0.035720207,-0.32538852
75952000,0.10387409,0.09457114,-0.6613863
75956000,0.24395084,0.35759714,-0.57544684
75960000,0.19469123,0.5876867,-0.2826187
75964000,0.43069193,0.83158517,-0.049929116
75968000,0.6122634,0.80037016,0.32841724
75972000,0.32102323,0.2999889,0.5415312
75976000,0.024977632,-0.075330675,0.15490384
75980000,-0.028752998,-0.5379237,-0.024863433
75984000,0.092360534,-1.034472,0.13802266
75988000,-0.22104529,-0.73780966,0.10428627
75992000,-0.7044618,0.116589755,0.012898425
75996000,-0.22496726,0.6451641,-0.30655262
76004000,1.03025,1.303553,-0.33118486
76008000,0.7184303,0.96832764,-0.16505353
76016000,0.25409395,-0.2527569,-0.75908613
76024000,-0.15170693,-0.24744487,-0.21367255
76028000,-0.40222454,0.297589,-0.0860835
76032000,-0.005964354,0.41943243,-0.1026241
76036000,0.52810705,0.44668055,-0.009605765
76044000,0.39394227,0.26362583,0.6831486
76048000,0.15603876,0.26813555,0.10461422
76052000,0.13735783,0.28038785,-0.55757254
76056000,0.109290995,0.29191703,-0.5907428
76060000,-0.25220948,0.044220835,-0.1553015
76064000,-0.30455866,-0.22648509,0.16424137
76068000,0.47805274,-0.19065298,0.22270328
76076000,-0.022722304,0.66667277,-0.054094516
76080000,0.036808804,0.47285017,-0.42930934
76084000,0.437451,0.26569045,-0.28802663
76088000,0.51767474,0.3805138,0.077488214
76092000,0.28562987,0.36335307,0.2672673
76100000,0.19121675,0.2157552,-0.52836436
76104000,0.17884895,-0.040633142,-1.0328275
76108000,0.30674377,-0.49560353,-0.84366924
76112000,0.2876054,-0.51073235,-0.086381346
76116000,0.08604593,0.115939856,-0.0383694
76120000,-0.09501845,0.59044814,-0.544628
76128000,-0.3671367,0.56732345,0.12987202
76132000,-0.059824176,0.75028014,0.34555513
76140000,0.44333866,0.27365392,-0.25852054
76144000,0.4480935,0.31525332,-0.5749533
76148000,0.27956858,0.6024088,-0.030116647
76156000,-0.6890395,0.20566556,0.34645087
76164000,0.43449852,-0.66392803,-0.35006166
76168000,0.83263165,0.042280227,-0.0517319
76176000,0.7562876,0.11863445,-0.080186546
76180000,-0.040401578,0.38488373,-0.2418185
76184000,-0.3515592,0.32298028,-0.87204576
76188000,-0.04765939,0.16582164,-0.71298397
76192000,0.56373966,0.26580906,-0.019334286
76196000,0.97878456,0.007942095,0.51799196
76200000,0.82915425,-0.22920316,0.50435734
76208000,-0.23050393,0.55930674,-0.3271941
76212000,-0.42658284,0.8383915,-0.08749523
76220000,0.39813858,0.6180729,0.011799343
76224000,0.8151248,0.023563221,0.32787076
76228000,0.8098014,-0.18634117,0.5408468
76232000,0.2530363,-0.009074625,0.13772576
76236000,-0.2930068,0.28655672,-0.50689614
76240000,-0.2130759,0.18503076,-0.8130189
76244000,0.22720295,-0.20742895,-0.40575224
76248000,0.49635065,-0.2518135,0.3012578
76252000,0.65519446,-0.027287856,0.41416776
76256000,0.6070577,0.08341582,-0.011144549
76260000,0.405141,0.3895448,-0.43627208
76264000,0.5521699,0.649274,-0.53595126
76272000,0.02250871,0.000788847,0.015084952
76280000,-0.578634,0.27297196,-0.49738908
76284000,-0.043172568,-0.08141344,-0.07361519
76292000,0.77447873,0.30352518,-0.22557636
76296000,0.6045053,0.25389558,0.004607894
76300000,0.6020295,0.216571,0.36627173
76304000,0.9367522,0.111566626,0.032549173
76308000,1.0579177,0.11669291,-0.13605997
76312000,0.6261411,0.2528934,0.011626586
76316000,-0.37909284,0.1392875,-0.31321326
76320000,-0.80364907,-0.17960957,-0.28581864
76328000,0.3161277,0.15051147,0.058057822
76332000,0.5494634,0.40715486,0.065430954
76336000,0.67892224,0.21359369,0.32521865
76344000,-0.10157978,0.70318776,-0.2825349
76352000,0.027614325,0.35441908,-0.60993093
76356000,0.76213026,0.45182383,-0.19063659
76360000,0.7650994,0.0966491,0.15921794
76364000,0.5268301,-0.3049933,0.11970312
76372000,0.60669076,0.27117214,-0.015159056
76376000,-0.20853469,0.097527266,0.15093601
76380000,-0.5832431,0.12747462,-0.03736341
76384000,-0.13997702,0.30040166,-0.13777724
76392000,0.4325558,-0.099326216,-0.13347907
76396000,0.32864174,-0.032250654,0.12706985
76404000,0.3240905,-0.3223678,-0.30330566
76408000,0.6163897,0.059441417,-0.40968332
76412000,0.9251431,0.41525182,-0.38804823
76420000,0.015355036,0.30900264,0.042903893
76424000,-0.15113488,0.3012196,-0.22451001
76428000,0.17156716,0.19772679,0.016323745
76436000,0.19181567,0.35024935,0.40559053
76440000,-0.014670027,0.20033476,-0.1046041
76444000,0.34992328,-0.01875591,-0.46438345
76452000,0.15020347,0.4711301,-0.2086895
76460000,0.3805395,0.37980267,0.27966967
76464000,1.1427305,-0.15586784,-0.40738553
76468000,0.96210027,-0.6747672,-0.5598734
76472000,0.11074713,-0.5382916,-0.095378086
76476000,-0.14813092,0.2847883,0.07142423
76480000,0.40558398,0.8275353,0.10574317
76484000,1.0281581,0.83082455,0.062042914
76488000,1.270141,0.5665296,0.13011026
76492000,0.78373027,-0.031326964,0.123221524
76496000,0.11221121,-0.5037347,0.044302892
76504000,-0.21759179,0.006932601,0.2696576
76512000,0.46248618,-0.06356855,-0.30924273
76516000,0.38019854,0.37260264,-0.2778971
76520000,0.29366264,0.46312034,0.091768414
76524000,0.40704605,0.22266263,0.5905216
76528000,0.71369016,0.13967434,0.4537668
76532000,0.79328376,-0.10614426,-0.292398
76536000,0.42083284,-0.30431706,-0.5393735
76540000,0.013356328,-0.22038673,-0.50804555
76544000,0.3403982,0.022235591,-0.82998145
76548000,1.030381,0.52080274,-0.8955927
76556000,-0.250979,-0.043698564,0.2599131
76560000,-0.27753907,0.032548316,0.50676316
76564000,0.09308291,0.58097684,0.45407796
76568000,0.39893833,0.69306916,0.39265674
76572000,0.4784153,0.23552197,0.17959464
76576000,0.5305602,-0.53865623,-0.6802652
76580000,0.4738869,-0.618777,-1.0209879
76584000,0.05778116,0.19065124,-0.15673852
76588000,0.018608429,0.70554084,0.48016256
76592000,0.5197437,0.61670464,0.48761562
76596000,0.822085,0.26594996,0.12067199
76600000,0.68169355,-0.03782049,-0.20726803
76604000,0.45910206,0.21170086,-0.09842688
76608000,0.4413503,0.72570175,-0.06269255
76612000,0.4486542,0.54022956,-0.24043821
76616000,0.37848872,-0.2807006,0.021199167
76620000,0.5204382,-0.67774606,0.548278
76624000,0.50008214,-0.6364387,0.657066
76628000,0.17207815,-0.6204193,0.4181874
76636000,-0.056773588,0.18259716,-0.49962246
76640000,0.21945003,0.353576,-0.16694969
76644000,0.72115403,0.53936183,0.35872453
76652000,0.71475077,0.16916928,-0.1219514
76656000,0.91429883,-0.23646754,-0.5419444
76660000,0.723771,-0.29061246,-0.25509262
76664000,-0.064705715,-0.17101406,0.13053674
76668000,-0.56961733,-0.09503981,0.13653958
76672000,-0.123584986,0.37921298,-0.17893939
76676000,0.7191889,0.79130906,-0.79934883
76680000,1.1136987,0.6895039,-0.9203656
76688000,1.1201683,0.07822895,0.394948
76692000,0.55268395,0.00684993,0.748717
76700000,0.595796,-0.06431882,0.56703
76708000,0.030828029,-0.48168597,-0.50814974
76712000,-0.15231736,-0.61405885,-0.5954602
76716000,-0.1700234,-0.27980036,-0.053163633
76720000,-0.1950292,-0.11113622,0.43254113
76724000,-0.06467412,0.0769088,0.20536466
76728000,0.27350762,-0.04354097,-0.036132656
76732000,0.37770554,-0.17209306,-0.13225785
76736000,0.27056426,0.28556913,-0.30767196
76740000,0.6421644,0.5679095,-0.42844507
76744000,1.0410906,0.57843506,-0.085347496
76748000,1.0528929,0.6621233,0.51717913
76752000,1.0698497,0.38011372,0.5521136
76756000,0.9091476,-0.11221871,0.57410395
76760000,0.44412434,-0.13652013,0.44575447
76764000,0.03801263,0.06266731,-0.26368254
76768000,0.0576064,-0.06618224,-0.59441537
76772000,0.50511175,-0.57611275,-0.31335405
76776000,0.8224886,-0.7221372,0.047833025
76780000,0.78025216,-0.15546602,0.26523256
76788000,0.5522456,0.010796551,0.07325102
76792000,0.4107188,0.2858881,-0.091401994
76800000,0.1020568,0.3185544,0.04111725
76804000,0.19309156,-0.45546144,-0.29395336
76808000,0.24801108,-0.46403396,-0.49239656
76812000,0.2849839,-0.07383081,-0.00460808
76816000,0.49279517,0.20826876,0.31461912
76824000,0.74388695,-0.03589502,0.000255885
76828000,0.26073885,-0.10866451,-0.046631236
76836000,1.5111601,-0.24351013,0.33687037
76840000,1.1417372,-0.13335453,0.47197443
76844000,0.32393467,0.041305214,0.4864102
76848000,0.32081833,-0.1977549,-0.057070076
76852000,0.6338155,-0.43082097,-0.64897764
76856000,0.42524916,-0.22088423,-0.6221663
76864000,0.2573051,0.5244903,0.114450864
76872000,0.6747098,-0.2339416,-0.3714629
76876000,0.63646615,-0.4409816,0.057272494
76880000,0.6189945,-0.22732365,0.2989837
76884000,0.7264345,-0.34016374,0.43098927
76888000,0.5680213,-0.38732994,0.8358974
76892000,0.36067712,0.006605595,1.074089
76900000,0.034591824,0.15255857,0.21632326
76904000,0.10149464,0.120510004,-0.12375465
76908000,0.46812987,-0.06878655,-0.4981236
76912000,0.5884732,-0.16165963,-0.41361156
76916000,0.5937624,-0.26984242,-0.011883438
76924000,0.79449487,0.4043278,-0.65171504
76928000,1.1339798,0.16502348,-0.61766577
76936000,0.80989194,-0.36960238,0.3225043
76940000,0.84331965,0.051289923,0.65352184
76944000,0.5544056,0.28211078,1.0545329
76948000,0.72070444,0.12849934,0.97400105
76952000,1.0910976,-0.018600693,0.29165286
76956000,1.1456697,0.055716235,-0.35577
76964000,-0.13322368,-0.4978447,0.041595787
76972000,0.66627383,-0.08336477,0.109948575
76976000,0.8531166,-0.398161,0.37619227
76980000,0.36171058,-0.83596426,0.09309329
76988000,-0.11148937,-0.6777227,-0.2542994
76992000,0.41966882,-0.5304433,-0.21480994
76996000,0.687702,-0.22315012,0.10892035
77004000,1.2435919,-0.13598828,-0.25861076
77008000,0.8424764,-0.08697862,-0.31426635
77012000,0.7913327,-0.22324222,0.35478204
77016000,0.8731983,-0.2254774,0.6000489
77024000,0.20992464,0.17739612,-0.20515053
77028000,0.39455092,-0.29517958,0.02685988
77036000,1.047084,-0.3081272,0.011604846
77044000,0.534336,-0.1266853,-0.012702309
77052000,0.078633636,-0.31734696,0.1385037
77056000,0.69837695,-0.23154965,0.41175842
77060000,1.2128855,-0.30599472,0.5212537
77064000,1.4013757,-0.7328236,0.57582337
77068000,0.9930278,-0.8641332,0.22751519
77072000,0.4510006,-0.61035216,-0.28529477
77076000,0.2764287,-0.46923202,-0.3606854
77080000,0.4076584,-0.22222354,-0.121933855
77084000,0.7976273,0.32267466,-0.10922609
77088000,1.2214886,0.55687594,-0.28746518
77092000,1.1342252,0.009877831,-0.022017688
77096000,0.90487355,-0.8551669,0.43245554
77104000,0.6053829,0.007100254,0.0733644
77108000,0.33979,-0.46472603,-0.002110124
77112000,0.111943714,-0.7311064,0.119454384
77120000,0.2239949,0.068822995,0.3300062
77124000,0.6690594,-0.1927064,-0.10320939
77128000,1.0290766,-0.15184858,-0.28775033
77136000,0.35963064,0.033876356,0.5893531
77140000,1.3627133,-0.2178217,0.33130425
77144000,1.6894417,-0.4617865,-0.28254017
77152000,0.14465566,-0.08357501,0.30441374
77156000,0.2904156,-0.24532622,0.42132723
77160000,0.76589197,-0.5229396,0.19675532
77164000,1.3316497,-0.64216757,0.2327187
77168000,1.335177,-0.46441114,0.108241186
77176000,0.6642077,-0.02675119,-0.25991136
77180000,0.78352445,-0.5499561,-0.19144794
77184000,0.5547956,-0.5481788,0.2612028
77188000,0.4470083,-0.43945974,0.5951747
77192000,0.7367443,-0.48777148,0.44797987
77196000,0.90888715,-0.5488202,0.08080061
77200000,0.8752518,-0.81156033,-0.03613636
77204000,0.36863312,-0.73199713,0.1594739
77208000,-0.33048868,-0.15829645,0.13645358
77212000,-0.18221189,0.38700724,-0.1564779
77220000,1.1896032,0.18289527,0.058716282
77224000,0.97072256,-0.2661802,-0.30725145
77228000,0.44270062,-0.31228018,-0.2614755
77236000,1.574132,-0.55476165,0.44348654
77240000,1.5094395,-0.5535288,0.78750783
77244000,0.90238976,0.000562757,0.5585808
77252000,0.15535958,-0.03680587,0.42283034
77256000,-0.04073333,-0.29811376,0.36400256
77260000,0.019570434,-0.7196914,-0.29303294
77264000,0.4529106,-0.7016853,-0.5442158
77268000,0.79005396,0.011621356,-0.17811279
77272000,1.0830591,0.34620237,0.27525213
77276000,1.457821,0.069814555,0.5824491
77280000,1.5728717,-0.3672794,0.35464427
77284000,1.3347176,-0.52254075,0.053223945
77288000,0.9733412,-0.66858363,-0.06333228
77292000,0.88148135,-0.9892588,0.13350683
77296000,0.6918789,-0.51856,0.50844705
77300000,0.060750753,0.51337147,0.31992906
77304000,-0.21388532,0.68400675,-0.091304034
77308000,0.24144301,-0.014378667,-0.14720553
77312000,1.0318595,-0.41067055,0.122134544
77316000,1.2653345,-0.20880564,0.4827053
77324000,0.72087485,0.3724956,0.061698854
77328000,1.1031936,-0.28066993,-0.3102681
77332000,0.88822263,-0.9270103,-0.018643297
77336000,0.21860853,-1.0820103,0.4821946
77340000,0.03430854,-0.80965346,0.57472765
77344000,0.40036798,-0.29631576,0.2900756
77352000,1.29965,-0.121638946,-0.023889191
77360000,1.2722261,-0.87661976,-0.25988966
77364000,0.7717841,-0.34079415,-0.07008816
77368000,0.26736686,0.3784215,0.33205178
77372000,0.14231396,0.30881613,0.35779536
77376000,0.65764666,-0.097015426,0.1257652
77380000,0.88398933,-0.314013,0.13840508
77384000,0.6782785,-0.21279582,0.4466879
77392000,0.88083524,-0.06861677,0.3566863
77396000,0.6517302,-0.24764493,0.49253878
77400000,0.72636366,-0.49802348,0.2596712
77408000,1.3915402,0.1611004,-0.28489742
77412000,0.9063977,-0.025269225,-0.03183138
77416000,0.41762173,-0.13133666,0.34370956
77420000,0.3335874,-0.06179323,0.61263293
77424000,0.4248305,-0.30785853,0.73658425
77428000,0.43967983,-0.22312489,0.1644724
77432000,0.49631953,-0.04347802,-0.28317925
77436000,0.29312575,-0.38364774,-0.062089533
77444000,0.33069184,-0.60815024,0.44132233
77448000,0.7677377,-0.33457345,0.6161463
77452000,1.0280719,-0.27181762,0.42161393
77456000,1.1972152,-0.2851493,0.21336159
77464000,0.8589643,0.22994766,-0.3150358
77472000,1.0527653,0.002155364,0.056605734
77476000,0.9316556,-0.90495974,-0.041594997
77480000,0.5953665,-1.1700348,0.30404615
77488000,0.95009995,-0.38557172,-0.32301682
77492000,1.020115,0.25490582,-0.34480202
77496000,0.85209215,0.44689226,0.27151784
77500000,0.73173094,-0.05259697,0.6028644
77504000,0.74062175,-0.6806569,0.8585291
77508000,0.5222759,-0.8296479,0.75122344
77512000,-0.073401526,-0.49332425,0.19996291
77520000,0.89790857,-0.069242336,-0.050880857
77524000,1.0807668,-0.15647785,0.120647304
77528000,0.6670514,-0.2592028,0.4091508
77532000,0.44756436,-0.062028334,0.5661527
77536000,0.81797534,0.18227899,0.28865132
77540000,1.6911194,0.06326164,-0.24836455
77548000,0.67874,-0.11653398,-0.1282632
77556000,-0.09635039,-0.38786536,0.83315814
77560000,0.31609613,-0.80409056,0.81505585
77564000,0.7008285,-1.0700374,0.41271454
77568000,0.6723911,-0.7929462,-0.10358947
77572000,0.6103691,-0.20704192,-0.3805279
77576000,0.6978958,0.18036923,-0.21363254
77584000,0.6116199,-0.2550602,0.5298883
77592000,0.3459796,-0.40727526,0.20732182
77596000,0.9257734,-0.09166359,0.0820823
77604000,1.3978901,-0.38955274,0.4836142
77608000,1.3254675,-0.17675161,0.3186586
77612000,0.81047475,0.028749298,-0.001753196
77616000,0.38738614,-0.11680153,-0.18647683
77620000,0.26509538,-0.51058537,0.19749029
77624000,0.117762476,-0.58302367,0.5834383
77628000,0.1599197,-0.44390428,0.39819723
77636000,0.67686456,-0.24136898,0.27121937
77640000,0.93997514,0.2780932,0.6255475
77648000,0.65964377,0.16175446,0.23373884
77652000,0.40625986,-0.42264408,0.32606515
77656000,0.6173797,-0.5702293,0.4879024
77660000,0.7859534,-0.37797964,0.35178524
77664000,0.4178392,-0.19257715,0.000843149
77672000,0.76095647,0.117664725,0.005835474
77676000,0.49557525,-0.02446412,0.2898675
77680000,0.16662072,-0.12754448,0.2833864
77684000,0.6547364,0.09228396,0.34538302
77688000,1.2119716,0.20259935,0.3498712
77692000,1.3981386,0.0985943,0.23641676
77696000,1.2152549,0.022978548,0.24580172
77700000,0.4930845,-0.29595444,0.40371
77704000,-0.053714275,-0.7364461,0.51903844
77708000,0.060246736,-0.8604521,0.3290185
77712000,0.11294284,-0.3792969,0.15068872
77716000,0.35171574,0.17735744,0.2873397
77720000,1.0900153,-0.04562758,0.35774472
77724000,1.1602403,-0.512801,0.26849174
77728000,0.46325976,-0.2394403,0.32842875
77732000,0.061145544,0.48175058,0.1641905
77736000,0.43265703,0.53038967,-0.09718227
77740000,0.7261903,-0.25924665,0.23101038
77744000,0.3660898,-0.60215074,0.46361804
77752000,0.77739,0.21694651,0.043287426
77756000,0.80360526,-0.115254685,0.112382926
77760000,0.8046856,-0.23896551,0.4647036
77764000,0.8094329,-0.2070385,0.7125912
77768000,0.2583386,0.109841034,0.6169161
77776000,0.5768224,-0.4164672,-0.33955753
77780000,0.8998686,-0.98647106,-0.0723948
77784000,0.94790304,-0.77394545,0.23076168
77788000,1.0580138,-0.26919743,0.3209048
77796000,0.083728574,0.2856303,0.30359384
77800000,0.5174813,0.35597026,0.51959616
77804000,0.89959896,0.38928363,0.49780655
77808000,0.49416098,0.46237403,0.533484
77812000,0.24382947,0.24889907,0.7743986
77816000,0.34801474,0.03174367,0.8489634
77820000,0.45932308,0.19351065,0.43951812
77824000,0.6194326,0.71424496,-0.101068005
77828000,0.51532173,0.9586843,-0.08715463
77832000,0.15604913,0.5608753,0.15738639
77836000,0.15917173,-0.12016955,-0.03109594
77840000,0.17116967,-0.42846152,-0.3006686
77848000,-0.13240188,-0.20895652,0.57781816
77852000,0.23157695,-0.28638825,0.7653191
77856000,0.36280406,-0.21348368,0.60780835
77860000,0.3369055,0.040576115,0.40294963
77864000,0.4072242,0.23974426,0.16408253
77868000,0.53564465,0.29451525,0.19999462
77872000,0.77149856,0.47968492,0.6645177
77880000,1.1274167,-0.45735168,0.43889284
77884000,1.2353177,-0.7797283,0.23100096
77888000,1.0299342,-0.053002834,0.7380504
77892000,0.23521523,0.4512802,0.8577018
77896000,-0.41765308,0.38662672,0.1115599
77900000,-0.3363668,0.61251557,-0.36881214
77904000,0.36470276,0.7120658,-0.29923356
77908000,0.79244477,0.08733174,-0.28638846
77912000,0.38816774,-0.67224175,-0.122293964
77916000,0.06964482,-0.87435615,0.19127554
77920000,0.16615316,-0.34656882,0.38475353
77928000,0.5414359,0.42991927,1.3889432
77936000,0.72504574,0.5004901,0.36127862
77940000,0.7475023,0.4311306,-0.06201704
77944000,0.58057684,0.37728918,-0.121872336
77948000,0.3219806,0.017182082,-0.036839902
77952000,0.3591131,-0.032823913,0.044458903
77956000,0.3267895,0.12997061,0.1997408
77964000,-0.20240423,0.22306271,0.5607303
77968000,0.20696656,0.04492762,0.46189758
77972000,0.076239094,-0.24677524,0.05469884
77976000,-0.08479658,-0.42527652,-0.103635736
77980000,0.40785503,-0.44563916,0.35940892
77984000,0.41110748,-0.068968385,0.7603391
77988000,-0.06856826,-0.008468136,0.87189186
77992000,-0.004413366,-0.24142066,0.63176703
78000000,0.82118356,0.16938871,-0.28827477
78004000,0.72185093,0.45689893,-0.24708694
78008000,0.095076114,0.6272384,-0.003700092
78016000,0.26934543,-0.28289354,0.6633128
78020000,0.29211396,-0.8365264,0.9229045
78024000,-0.006423578,-1.0423793,1.0264885
78032000,0.5691276,0.46497694,0.62795293
78036000,0.897225,0.8618858,0.15670288
78040000,0.4992652,0.7012896,-0.14985518
78044000,0.11759983,-0.3487991,0.10281085
78048000,-0.28208545,-1.1484652,0.6184376
78052000,-0.47242934,-0.9675892,0.59677815
78060000,-0.16363142,-0.3739828,0.33675143
78068000,0.78997517,-0.14431371,0.15631586
78072000,0.65067154,-0.4639013,0.45303443
78076000,0.10582335,-0.24801165,0.5635857
78080000,0.031184614,0.060904823,0.6080926
78084000,-0.08842978,-0.005009502,0.5106289
78088000,-0.42704415,0.002222925,0.553169
78092000,-0.1748237,-0.037284553,0.4956092
78096000,0.30622187,-0.11531684,-0.23379344
78100000,0.32429305,-0.34297848,-0.5399441
78104000,0.15586928,-0.98424155,-0.23550569
78108000,-0.19869873,-1.2825412,0.12400443
78116000,-0.3893174,0.38499367,0.7667127
78120000,0.22073565,0.44898233,0.5573745
78124000,0.4021527,-0.000509396,0.24797165
78128000,0.25433046,-0.390199,0.24228232
78132000,0.22038966,-0.55747765,0.23032221
78136000,0.2323278,-0.24798931,-0.1514785
78144000,0.15748958,0.021655954,0.37464285
78148000,0.19613752,-0.52140725,0.78800714
78156000,-0.73218274,-0.3187827,0.5939979
78160000,-0.54198295,-0.19593452,0.7362849
78168000,0.20565777,-0.3591413,-0.007971756
78176000,0.1824506,-0.3329515,1.0276793
78180000,-0.004937463,0.3075569,0.4850062
78184000,-0.44448823,0.3365407,0.17680141
78188000,-0.898752,-0.22560683,0.47980905
78192000,-0.90333736,-0.6578276,0.56738377
78196000,-0.082591206,-0.6079957,0.2795887
78200000,0.5721976,-0.3383035,-0.08914484
78208000,0.006939504,-0.62579507,0.02710098
78212000,-0.09442505,-0.42901695,0.5927637
78216000,-0.14870758,-0.42096034,0.57693976
78220000,-0.24375519,-0.47509933,0.5360001
78228000,-0.50994366,-0.23887883,0.5890442
78232000,-0.9323561,-0.3184693,0.5306079
78236000,-0.64384747,-0.14606386,0.58458006
78244000,0.78857774,0.19592878,0.4477511
78248000,0.4973706,-0.35267,-0.014794953
78252000,-0.2381913,-0.6457037,-0.1233961
78256000,-0.6113558,-0.36086458,0.22536752
78260000,-0.6033316,0.31592816,0.62008226
78264000,-0.46509987,0.5688508,0.5267705
78268000,-0.3393207,-0.09948096,0.38063225
78272000,-0.24480668,-0.40214986,0.38515607
78276000,-0.26910657,0.15523975,0.2834743
78280000,-0.5125341,0.49185672,0.09875381
78288000,-0.7303318,-0.036675617,0.6852282
78292000,-0.4660807,-0.3683251,1.0791093
78296000,-0.27219188,-0.93812764,0.3908394
78300000,-0.28372574,-0.7971407,-0.081193954
78304000,-0.23556642,-0.123995855,0.11582805
78308000,0.028263845,0.25479352,0.18991107
78312000,0.43393284,0.344882,0.3053339
78316000,0.4062366,0.25248104,0.4278548
78320000,0.09918573,-0.07866136,0.609543
78324000,0.044142686,-0.49620923,1.0077109
78328000,0.072820425,-0.8081377,0.8397394
78332000,-0.07878758,-0.7605985,0.19090778
78336000,-0.30777436,-0.47027278,0.014240766
78340000,-0.48727462,-0.20745428,0.3427602
78344000,-0.38909274,0.36525294,0.4730416
78348000,-0.19935119,0.7521772,0.35757297
78356000,-0.23397681,0.060147833,0.8202212
78360000,-0.28844473,0.3445862,0.72070146
78364000,-0.51666373,0.24577051,0.16381277
78368000,-0.2474595,0.28687036,-0.26205802
78372000,-0.24411766,0.4708089,0.25811332
78376000,-0.4258216,-0.044132978,0.67808527
78380000,-0.29225096,-0.46574697,0.51380503
78384000,-0.4577506,-0.32498524,0.44817132
78388000,-0.71656835,-0.22240502,0.36612403
78392000,-0.5555419,-0.10285935,0.19834206
78400000,-0.27675134,0.09025194,0.11937106
78404000,-0.46000752,-0.37627572,0.22987199
78408000,-0.22249435,-0.4156112,0.17728488
78412000,0.054882906,0.16908237,0.236806
78416000,0.010691255,0.29202932,0.49836913
78424000,-0.072826974,-0.14461769,0.37634665
78432000,-0.118886665,0.1762672,0.7538106
78436000,-0.10169308,0.10791866,0.8229717
78440000,-0.19087994,0.0997518,0.44208944
78444000,-0.42294395,0.03855274,0.236818
78448000,-0.8576385,0.01418274,0.28292984
78452000,-0.75047684,0.062966086,0.5368006
78456000,-0.14783329,0.077735305,0.79205936
78460000,0.061041,-0.033149175,0.5534492
78464000,-0.19180542,0.002538551,-0.059747055
78468000,-0.74185294,0.056166764,-0.2515687
78472000,-0.7169418,0.083044454,0.11882101
78476000,0.072108746,0.3437584,0.43959737
78480000,0.16651529,0.38638598,0.4657255
78484000,-0.40945768,0.33107144,0.4300701
78488000,-0.49412864,0.33836317,0.5814745
78496000,0.14600459,-0.19073954,0.7714816
78504000,-0.62343615,0.5010538,0.034474716
78508000,-0.45945,0.19524422,-0.3583829
78512000,-0.13289878,-0.042066894,-0.159813
78520000,-0.416316,0.026226774,0.29282895
78524000,-0.5418466,-0.5148345,0.35379165
78528000,-0.5100523,-0.73733574,0.57898045
78532000,-0.6572421,-0.16318259,0.7004093
78540000,-0.14396769,0.6113698,0.12250166
78544000,-0.11566892,0.37242347,0.1875102
78548000,-0.18612978,0.12082218,0.6920625
78552000,-0.30444014,-0.03873241,1.0848465
78556000,-0.41533887,-0.016057625,0.92968786
78560000,-0.37797076,0.25986952,0.2997079
78564000,-0.23004583,0.4970525,-0.29551166
78568000,-0.2905261,0.327489,-0.3139042
78576000,-1.0084877,-0.47967273,0.59090793
78580000,-1.0160016,-0.39237922,0.6321921
78584000,-1.0658072,0.48786098,0.55456495
78588000,-1.1799986,0.9774385,0.47739545
78592000,-0.83452696,0.22938704,0.0809134
78596000,0.090293884,-0.7187293,-0.17258176
78600000,0.6553189,-0.76079,-0.03475104
78604000,0.35990047,-0.012630776,0.1528445
78608000,-0.27186352,0.66529983,0.17810075
78612000,-0.6507501,0.7332565,0.04303705
78620000,-1.0590192,0.004852586,0.73885906
78624000,-1.108079,0.21108294,0.9564448
78628000,-0.48306313,0.3747744,0.951994
78632000,-0.13315547,0.16497284,0.6221688
78636000,-0.4915635,0.014773255,-0.017792374
78640000,-0.39897615,0.04046408,-0.21329206
78644000,0.000941046,-0.19911167,-0.094977185
78648000,-0.171112,-0.29322097,-0.119187824
78652000,-0.76436806,0.1520381,-0.114805795
78656000,-1.0704046,0.5951233,-0.053760506
78660000,-0.85139537,0.53807867,0.14475873
78664000,-0.2874952,-0.034976393,0.66975427
78668000,0.27698672,-0.2576247,0.96098953
78676000,-0.39203355,0.27563527,-0.18168673
78684000,-0.8603432,0.28172183,0.3737899
78688000,-0.55403304,0.034934137,0.31508428
78692000,-0.27563834,0.002646767,-0.09447276
78696000,-0.513251,0.29225987,0.2767735
78700000,-0.7956809,0.48506585,0.89348274
78708000,-0.39831167,-0.1412942,-0.30877534
78716000,-0.22481795,0.7380341,-0.28771108
78720000,-0.14614767,0.65087265,0.22598925
78724000,-0.32361144,0.103304476,0.904262
78728000,-0.449283,-0.27916926,0.91110086
78736000,0.31582326,-0.07582937,0.41720134
78744000,-1.2393053,-0.23201287,0.6586211
78752000,-0.23452015,-0.062136002,0.12690395
78756000,-0.25358737,0.412997,0.3068731
78760000,-0.24707767,0.96068776,0.18521741
78768000,-0.39595938,0.2219979,0.3573226
78772000,-0.8396033,-0.06731433,0.7258184
78776000,-1.0826709,-0.36502007,0.51601946
78784000,0.3502208,0.29968613,-0.3143485
78792000,-0.9746988,-0.05942049,-0.032061115
78796000,-0.58313984,0.49580777,0.4623558
78800000,-0.054757208,0.83008564,0.7308956
78804000,-0.57686615,0.34082678,0.43050545
78808000,-0.61963034,-0.13855319,-0.14677131
78816000,-0.19010141,0.2538047,0.11845658
78820000,-0.16629429,0.42141834,-0.17246841
78824000,-0.31517285,0.028950334,0.37793398
78828000,-0.66828585,-0.52782387,0.7385503
78832000,-0.7574096,-0.37859416,0.057952195
78836000,-0.30526185,0.21825908,-0.3281473
78840000,0.17641602,0.49688107,0.3875121
78844000,0.20394892,0.43188298,0.9699313
78848000,-0.079100564,0.10771843,0.44475824
78852000,-0.50846577,-0.13021204,0.006639232
78856000,-1.0501595,0.4196816,0.29895508
78860000,-1.3283358,0.9753531,0.6379354
78864000,-0.7760258,0.8014183,0.5402817
78868000,-0.09913644,0.4165241,0.4163241
78872000,-0.10361182,0.031207837,0.4404187
78876000,-0.29314062,-0.17824474,0.009174719
78880000,-0.33767527,-0.20874241,-0.39538994
78884000,-0.08263734,-0.110130854,-0.2993722
78888000,0.119543076,0.14456773,-0.06701989
78892000,-0.124967515,0.36525536,0.30751294
78900000,-0.33806726,-0.08101137,0.8174331
78904000,-0.34236276,-0.14025927,0.39578387
78912000,-0.5060977,0.17792782,-0.15331456
78916000,-0.704668,0.19701284,-0.4193951
78920000,-0.553814,0.000123143,-0.020372286
78924000,0.23754595,-0.08712334,0.69850606
78928000,0.50635976,-0.1044776,0.6026808
78932000,-0.21029493,-0.00111843,0.25507885
78936000,-0.83518314,0.41827363,0.18400717
78940000,-0.7224662,0.63022214,0.03645648
78944000,-0.3155353,0.68965673,-0.10774442
78948000,-0.20051028,0.58655834,-0.27681407
78952000,-0.20364249,0.16569462,-0.53103423
78956000,0.06578742,-0.3492045,-0.09483442
78960000,-0.076007426,-0.33450952,0.68005925
78964000,-0.5177876,0.3647701,0.78257954
78968000,-0.67266166,0.26554775,0.46806926
78976000,-1.0416112,0.19525006,0.15661058
78980000,-0.7472029,0.6975562,0.1196499
78984000,-0.45085156,0.729568,0.36349764
78988000,-0.34750402,0.56050223,0.5172054
78996000,-1.0365393,-0.17805324,0.18240614
79000000,-0.72395337,0.05619283,0.20100282
79004000,0.038198203,-0.005603522,0.2106376
79008000,0.4676256,-0.015363609,0.31196317
79012000,0.33796212,0.14619261,0.058903918
79016000,-0.10324248,-0.22234663,-0.21109919
79020000,-0.53795034,-0.26307258,-0.037992466
79024000,-0.40621662,0.51755244,0.2181109
79028000,-0.15826531,0.9815115,0.21547495
79032000,-0.556258,0.590584,0.2800416
79040000,-0.8704958,-0.4954027,0.76680046
79044000,-0.54956096,0.30695587,0.4678284
79048000,-0.68686324,0.096823215,0.26445347
79052000,-0.83917844,-0.7523576,0.45443815
79056000,-0.6151348,-0.37398058,0.4025241
79064000,0.16697815,1.0327818,-0.24693134
79072000,-0.72453016,0.2965143,-0.33482996
79080000,-0.017380312,0.038900334,0.6029315
79084000,-0.032076247,0.17417473,0.50682026
79088000,-0.4950354,-0.3400496,0.084901206
79092000,-0.67130554,-0.63387346,0.14019386
79100000,-0.028143987,0.28079522,0.09396586
79104000,-0.23439409,0.64439535,-0.49178565
79108000,-0.85603285,0.37635642,-0.44947854
79112000,-1.134654,-0.025640756,0.2655774
79120000,0.17964432,0.78602564,0.97436285
79124000,0.08342594,0.7872846,0.46947765
79132000,-0.4370215,0.05168525,0.058876976
79136000,-0.35941252,-0.2439219,-0.22299902
79140000,-0.24521515,-0.15619141,0.06341612
79144000,0.039106116,0.08754452,0.48377886
79148000,-0.06137313,0.4061622,0.37398303
79156000,-0.63227797,0.4253412,0.092293456
79160000,-1.0176015,0.017721295,0.46828008
79164000,-0.7895217,-0.12020846,0.7073214
79168000,-0.40216336,0.1806925,0.24702191
79176000,0.029901147,-0.06559299,-0.14617407
79180000,0.28806788,-0.5131585,0.10678448
79184000,-0.11018629,-0.54197925,0.24680743
79188000,-0.6015196,-0.05201754,0.23062596
79192000,-0.80011964,0.47397038,0.14016216
79196000,-1.0478338,0.59123355,0.035632357
79200000,-0.9612914,0.36010867,-0.17520902
79204000,-0.5797554,0.2536277,-0.11996296
79212000,-0.8235033,0.26518124,-0.27476642
79216000,-0.10714808,0.28592926,-0.15182339
79220000,0.22075203,0.5379462,0.31666955
79224000,0.2225325,0.6780807,0.2058782
79232000,0.75109845,0.6505018,-0.25654352
79236000,0.2873342,0.01551038,0.10633156
79240000,-0.6839972,-0.64391446,0.4252041
79248000,-0.5973588,-0.055005334,0.6293887
79252000,-0.95675355,0.14792104,0.17718665
79256000,-0.54913276,0.6395236,-0.07965075
79260000,0.083827876,0.6683006,0.29224682
79268000,0.046761367,-0.032802522,-0.34365332
79272000,-0.15967488,-0.0675367,-0.71673846
79280000,-0.7281924,-0.08168714,0.35337415
79288000,-0.39331126,0.3991909,0.47317094
79292000,-0.3437684,0.13195069,0.36678687
79300000,-0.16739398,0.000347087,0.16570705
79304000,-0.43914166,0.26409206,0.07249997
79308000,-0.5482488,0.05401186,-0.013826747
79312000,0.17073864,-0.40231192,-0.18214355
79316000,0.6338743,-0.37303454,0.0454631
79320000,0.18706422,0.24818434,0.40198198
79328000,-0.7988565,0.6905073,0.004717574
79332000,-0.9067903,0.48791593,-0.15584275
79336000,-0.80680144,0.1467231,-0.10242076
79340000,-0.53963006,-0.051364884,0.33760244
79344000,-0.21596013,0.02308321,0.58806777
79348000,-0.1786155,-0.1973247,0.09904097
79352000,-0.44664174,-0.21092847,-0.23497574
79356000,-0.57348007,0.26466626,-0.12277827
79360000,-0.3450793,0.46811625,-0.07947938
79364000,-0.53584975,0.31125027,0.07715219
79368000,-1.0505981,0.09733945,0.22340316
79372000,-1.1673828,-0.1664413,0.18147603
79380000,-0.65491605,0.06959231,0.2370334
79384000,-0.060418308,0.13069256,0.30186516
79388000,0.3112886,0.2741869,0.31198063
79392000,0.44225597,0.6978175,-0.011512578
79396000,0.2731384,0.71856016,-0.3467829
79400000,0.0708081,0.38818645,-0.47153842
79404000,-0.078160934,0.03314195,-0.33173692
79408000,-0.091606945,-0.2388924,0.36629367
79412000,-0.010186821,-0.043245435,0.9535529
79416000,-0.0831403,0.034276515,0.57794976
79420000,-0.11816561,-0.20346333,0.012842596
79424000,-0.23373622,-0.18132645,-0.20773773
79428000,-0.38550004,0.25843865,-0.29962668
79432000,-0.4538126,0.7320071,0.16828859
79440000,-1.081111,-0.007105082,0.7107955
79444000,-1.0780487,-0.6630055,0.42323285
79448000,-0.12807739,-1.014599,0.2163442
79452000,0.55782956,-0.5947812,-0.2452462
79456000,0.13256857,0.005741134,-0.48002917
79460000,-0.07875331,0.48258305,-0.16234414
79464000,-0.036638193,0.8263602,0.28615707
79472000,-0.44166243,0.7623543,0.33051968
79476000,-0.13121125,0.22384124,-0.04207217
79480000,0.10059953,0.08271431,-0.26079488
79484000,0.06201472,0.10217519,0.050423056
79488000,-0.15568346,0.22104156,0.018191472
79492000,-0.56698275,0.45889777,-0.37545112
79496000,-0.8663249,0.04580149,-0.74654114
79500000,-0.86514807,-0.3473807,-0.44295013
79504000,-0.33793113,-0.35961685,0.2430289
79508000,0.23130788,-0.25943235,0.59136707
79512000,0.11989052,0.054682434,0.85053355
79516000,-0.056338713,0.25511873,0.6331947
79520000,-0.32905245,0.28412554,0.4605981
79524000,-0.77644515,0.47355783,0.7139395
79528000,-0.45823565,0.67873263,0.3857817
79532000,0.2867192,0.28730816,-0.37185502
79536000,0.23952232,-0.24494311,-0.6756554
79540000,-0.5523943,-0.1717186,-0.5418037
79544000,-0.90111536,-0.18372084,-0.32697034
79552000,-0.6845546,-0.00122112,0.32677466
79556000,-0.46069074,0.3364215,0.4838096
79560000,-0.046789356,0.43331403,0.050299436
79564000,-0.067067325,0.39691967,-0.23853698
79568000,-0.4190097,0.22883496,-0.23676321
79572000,-0.59969616,0.19849417,-0.09704694
79576000,-0.5499495,0.25042608,0.22243962
79584000,-0.08188173,-0.18496777,0.654584
79588000,0.457605,-0.5344633,0.27558532
79592000,0.28791946,-0.5535264,0.26168853
79596000,-0.33011314,-0.35539973,0.20417222
79600000,-0.38623136,0.17200318,-0.45825616
79604000,-0.24938835,0.06845055,-0.52961415
79608000,-0.3889303,-0.61594015,0.08703303
79612000,-0.48892155,-0.3846938,0.39219588
79616000,-0.31740713,0.35830978,0.03861496
79620000,-0.12933159,0.71371734,-0.19946896
79624000,0.020189337,0.39584723,-0.03587717
79628000,-0.03197053,-0.069060296,0.18701163
79632000,-0.43504,0.2783044,0.42185816
79636000,-0.4353825,0.52143866,0.38112137
79644000,-0.97980505,-0.04933728,-0.45065114
79648000,-0.7467803,0.41653153,-0.29479486
79652000,-0.38465488,0.4824914,0.41221094
79656000,-0.55599886,-0.029475003,0.49622405
79660000,-0.4148199,-0.083731726,0.28241163
79664000,-0.40793294,0.004169989,0.02225297
79668000,-0.4474169,-0.11367771,-0.5497422
79672000,-0.11169465,0.15658134,-0.6219183
79676000,0.03254524,0.55196196,0.14280295
79684000,-0.19629636,0.15247047,0.002874553
79692000,-0.21050751,-0.4807374,-0.16172174
79696000,-0.13838698,-0.51330304,-0.06159299
79700000,0.12226752,0.0678788,0.010431021
79704000,0.16004646,0.56240845,0.22211476
79708000,0.046683073,0.5662637,0.3642469
79712000,-0.09034375,0.23674992,0.29951063
79716000,-0.5415864,-0.17650741,0.13977319
79720000,-0.9743106,-0.20915131,0.29016453
79724000,-1.070735,0.0726618,0.2832567
79728000,-0.5619131,0.10646659,-0.059142753
79732000,0.33363187,0.063624494,-0.12062157
79736000,0.60667634,0.25278196,0.06819633
79740000,0.26042843,0.32518885,-0.18275025
79744000,-0.14456786,0.305997,-0.5540446
79748000,-0.4091856,0.15333407,-0.29423213
79756000,-0.5280556,-0.1597861,0.33088768
79760000,0.032006204,-0.14752306,0.33117148
79768000,0.07001787,0.025893673,0.16425587
79772000,0.047900364,-0.2569557,0.034957215
79776000,-0.2161595,-0.20869574,0.2469203
79784000,-0.51726884,0.34278017,0.014238671
79788000,-0.77311647,0.2048049,-0.19965369
79792000,-0.72771513,0.22281538,0.16470319
79796000,0.001221478,-0.00844752,0.49358585
79800000,0.29425249,-0.5388493,0.52713424
79804000,-0.14258891,-0.23453924,0.3245797
79808000,-0.40245003,0.46619773,-0.013977587
79812000,-0.16781296,0.3054298,-0.34731743
79816000,0.08294387,-0.031169184,-0.53521115
79820000,-0.11508555,0.22481605,-0.27532142
79824000,-0.42306668,0.31513643,0.119577244
79828000,-0.1312894,0.01628393,0.13848467
79832000,-0.08654647,-0.017274357,0.31539822
79836000,-0.60114795,0.00274864,0.6055845
79840000,-0.41676784,-0.1127598,0.270504
79844000,0.037568077,-0.18612969,-0.15375035
79848000,-0.006999448,-0.042261478,-0.21107265
79852000,-0.11763759,0.56875056,-0.08939325
79860000,-0.70365596,0.67835236,0.4071468
79864000,-0.5542778,-0.035241872,0.17219704
79868000,0.11822751,-0.329246,-0.2477752
79872000,0.34576365,-0.17058696,-0.42362154
79876000,-0.048893828,-0.028670847,-0.24107856
79884000,-0.47665006,0.60691303,0.025545292
79888000,-0.24775237,0.17637213,-0.11108813
79892000,-0.23680139,-0.4504242,-0.15062669
79896000,-0.22544362,-0.2952453,0.27415976
79900000,-0.5241895,0.22432068,0.6746777
79904000,-0.4261314,0.40432397,0.2812012
79908000,0.116359204,0.49724114,-0.12893929
79912000,-0.10469813,0.32346454,-0.30137873
79916000,-0.70913225,-0.13483956,-0.38154754
79920000,-0.4617482,-0.18120176,0.011135474
79924000,0.083844624,0.09620677,0.5413341
79928000,0.36474755,0.14717445,0.7602469
79932000,0.46438295,0.008963125,0.5282595
79936000,0.23732701,0.000346875,0.02316764
79940000,-0.1385054,0.14800356,-0.35729188
79944000,-0.31095377,0.045994587,-0.56049114
79948000,-0.2439781,-0.23755401,-0.3094848
79956000,0.11326456,-0.22823961,0.035536185
79964000,-0.20151298,-0.28262252,0.36898896
79968000,0.06720441,0.25830692,0.60790294
79972000,-0.07083091,0.34936658,0.29966208
79976000,-0.36904436,0.111956134,0.19091025
79980000,-0.2496504,0.02826387,0.83639175
79984000,-0.14177896,0.27718,0.82423747
79988000,-0.21256065,0.62486213,-0.0564439
79992000,-0.26228076,0.48220164,-0.9962381
79996000,-0.22742751,-0.10929415,-1.3000711
80000000,-0.35250112,-0.48965696,-0.4020066
80004000,-0.5828037,-0.50021446,0.44813308
80008000,-0.54009986,-0.22493389,0.29670882
80012000,-0.39579064,0.04963982,0.06742935
80016000,-0.36220142,0.259921,0.19642961
80020000,-0.30402708,0.7582283,0.14477283
80024000,-0.17852306,0.8843391,-0.14495483
80028000,-0.083303824,0.47695902,-0.1068266
80032000,-0.14424103,0.09184582,0.15579493
80036000,0.055043597,-0.29128537,0.4358848
80040000,0.34271508,-0.43453848,0.52779317
80044000,0.041564062,-0.28663075,-0.13320175
80048000,-0.16878153,-0.07420664,-0.6758578
80052000,-0.047848724,-0.09148793,-0.2735166
80056000,-0.078302845,-0.22077642,0.2538911
80060000,-0.26392066,-0.11315961,0.24827147
80068000,-0.31018615,0.026200652,-0.5668128
80072000,0.09540396,-0.1639931,-0.33353347
80076000,0.1708417,0.071551695,0.18914239
80084000,-0.78977555,0.53456557,0.11000395
80088000,-0.027130038,-0.08832219,0.0445764
80096000,0.27528167,-0.5000674,-0.012966421
80100000,0.04799734,-0.018724516,0.084704965
80104000,0.21216011,0.52921283,0.12202923
80112000,0.000320889,-0.22273421,0.003470665
80116000,-0.5953582,-0.2033796,-0.018592127
80120000,-0.89179546,0.10703443,0.28570163
80124000,-1.0185065,0.1388626,0.4746015
80128000,-0.9724055,-0.001446299,0.22141713
80132000,-0.3655601,-0.079870686,0.07250147
80136000,0.34385324,0.11188031,-0.15488572
80140000,0.5007912,0.17800409,-0.4689407
80148000,0.2444979,-0.012116201,0.34702194
80152000,0.40192908,0.73069364,0.4336089
80160000,-0.835032,0.342313,0.009816337
80168000,-0.0430637,0.1537953,-0.04253619
80172000,0.6982138,-0.027329078,0.25347993
80176000,0.42395937,-0.3194677,0.70496523
80184000,-0.5935007,-0.24498594,-0.09664719
80188000,-1.0109091,0.14070444,-0.7515038
80192000,-1.0963353,0.33584568,-0.91808665
80196000,-0.5511669,0.25482383,-0.48768795
80200000,-0.29028195,-0.08811702,0.13251397
80204000,-0.051328138,0.021265179,0.3989303
80208000,0.28707844,0.35936177,0.38472632
80212000,0.06324528,0.3404504,0.09324519
80216000,-0.11635676,0.090881824,-0.39610845
80220000,-0.015406698,-0.16565566,-0.28250355
80228000,-0.12676094,0.15648223,0.685342
80232000,-0.27347213,0.30023417,0.5726281
80236000,-0.13333617,0.023638085,0.15789175
80244000,0.34204945,-0.75860095,-0.5738214
80248000,0.003182828,-0.21238731,-0.18598416
80252000,-0.6214612,0.122130066,0.1491036
80256000,-0.73109365,-0.122007556,0.21968704
80260000,-0.10285744,-0.23657599,-0.002605267
80264000,-0.034770295,-0.10103609,0.002498043
80268000,-0.38947573,0.046153784,0.20694956
80272000,-0.24169977,0.20144477,0.09410051
80276000,-0.092135146,0.47100413,0.052976914
80284000,-0.18950535,0.17049289,-0.057664305
80292000,0.3037729,0.19178726,-0.24036676
80296000,0.12632859,0.47106266,-0.32728878
80304000,-0.63522696,-0.50208676,-0.13888377
80308000,-0.32265246,-0.53443485,0.1792922
80312000,-0.023435555,-0.2510795,0.55966884
80316000,0.114305556,-0.16414459,0.39495188
80320000,-0.000809804,0.3957195,-0.012038533
80328000,-0.3769693,0.6656093,-0.55828357
80332000,-0.5814713,0.21560824,-0.0407044
80336000,-0.40441903,0.28500894,0.49925753
80340000,-0.18251508,0.31594777,0.39389545
80344000,0.2213166,0.25846773,0.015811749
80348000,0.46983868,0.20528637,0.00691852
80352000,-0.18120477,-0.3555298,-0.0882908
80356000,-0.64592415,-0.96004796,-0.27071974
80360000,-0.2690375,-0.63634,0.010883153
80364000,0.019890493,0.103535205,0.088141635
80368000,-0.075735,0.3161044,-0.1251674
80372000,-0.16543153,0.30324703,0.022874929
80376000,0.0601912,0.23785646,0.48060167
80384000,-0.3143621,-0.13773113,0.3939857
80388000,-0.26059353,-0.051102176,0.064883046
80392000,0.30778664,0.26084575,0.03380902
80396000,0.41053206,0.53633755,0.3328257
80404000,-0.35001695,-0.008738145,-0.53692335
80412000,-0.2933981,-0.071342215,-0.47834265
80416000,0.08226025,-0.37427986,-0.32891637
80420000,0.05173117,-0.3561848,-0.44827268
80428000,0.27362138,0.75645006,0.28097627
80432000,-0.15763465,0.5502702,0.6168203
80436000,-0.5909607,-0.19226857,0.22556229
80440000,-0.58760214,-0.7098123,0.030851351
80444000,-0.000574976,-0.6082906,0.34031868
80448000,0.2266141,-0.12403675,0.35152453
80452000,-0.30442053,-0.032514848,0.11870639
80456000,-0.50815856,-0.2649623,-0.2204595
80460000,-0.018859416,-0.13785914,-0.50075996
80464000,0.33392274,0.32062373,-0.43668666
80468000,0.0388695,0.39666563,0.004386693
80472000,-0.2589955,0.04376273,0.38175723
80476000,0.019814223,-0.20951557,0.55113006
80480000,0.12604824,-0.28089985,0.5240519
80484000,0.16052708,-0.14790532,0.29340369
80488000,0.6507503,0.17334642,0.54588634
80492000,0.40075618,0.49654305,0.8476529
80496000,-0.6207105,0.6493112,0.5243263
80500000,-0.6708256,0.6120895,0.25550354
80504000,0.036836177,0.4643658,-0.033171058
80508000,0.18491443,0.14851281,-0.61686987
80512000,0.05868652,-0.31961963,-0.7635591
80516000,0.12308182,-0.7038315,-0.45385605
80520000,-0.17793289,-0.4360754,0.11958201
80524000,-0.60427225,0.25860474,0.5134584
80528000,-0.29416597,0.40408644,0.40702593
80536000,0.033671178,-0.36642334,-0.36174652
80540000,-0.26623878,-0.2527188,-0.46989027
80544000,-0.4070813,0.092205316,-0.3299514
80548000,-0.62378466,-0.003121138,-0.3255519
80552000,-0.8137815,-0.15287323,-0.10623149
80556000,-0.5991443,-0.017139645,0.16689642
80560000,-0.020408824,0.31381074,0.31303087
80564000,0.40693092,0.38588333,0.10353034
80568000,0.6178012,-0.012346551,-0.248822
80572000,0.63609856,-0.12412082,-0.3991325
80576000,0.22101095,0.23636995,-0.56381744
80580000,-0.27067813,0.48639232,-0.40434736
80584000,-0.24040549,0.44204283,0.46376866
80592000,-0.34333453,-0.003640875,0.9409296
80596000,-0.5758245,0.14423609,-0.005458117
80600000,-0.33140305,0.007868968,-0.2578483
80604000,-0.22650391,-0.2194606,-0.060738742
80608000,-0.07226169,0.22590049,0.14783852
80612000,0.22993171,0.5594757,0.1495026
80616000,0.07646155,0.18208961,-0.1562301
80620000,-0.4455092,-0.1441295,-0.24209437
80628000,-0.546608,-0.62368584,-0.057890046
80636000,0.75089055,0.3244025,-0.47187245
80640000,0.61222684,0.714304,-0.07335074
80644000,0.10145914,0.50247777,0.37816873
80652000,-0.09574172,-0.5317257,0.14515878
80656000,0.29095748,-0.4282291,0.28996193
80660000,0.06808099,0.06607722,0.30878028
80664000,-0.3780496,0.42917255,-0.06622794
80672000,-0.6013415,0.24810351,0.26916564
80676000,-0.7085442,0.047021918,-0.07101427
80684000,-0.23425405,-0.2622332,-0.17636034
80688000,-0.108222894,0.08946078,-0.0212239
80692000,0.17595804,0.46383673,0.1441457
80696000,0.22501199,0.6171211,0.123184085
80704000,0.034388468,-0.34457105,-0.19672266
80708000,0.69234043,-0.35129908,-0.22236341
80716000,-0.091544434,0.03268706,0.6989913
80720000,-0.76874435,0.14206131,0.36919254
80724000,-0.88580894,0.78467673,-0.001425162
80728000,-0.52345085,0.85497475,-0.22307429
80732000,0.17240062,-0.011517197,-0.26428568
80736000,0.49056587,-0.6105275,-0.09006471
80740000,0.19089967,-0.5726106,0.120115414
80748000,0.18654862,0.06409841,0.13470629
80752000,-0.013504364,-0.0940527,-0.28209242
80756000,-0.12554283,0.04779178,-0.10256137
80764000,-0.64107263,-0.24602008,-0.24258927
80768000,-0.56063294,-0.124180034,-0.35795927
80772000,0.31961074,0.37487727,-0.002426766
80776000,0.8869142,0.5195231,0.2917811
80780000,0.32392666,0.063307315,0.37921035
80784000,-0.554383,-0.5088277,0.54150444
80788000,-1.197758,-0.7284941,0.39542258
80792000,-1.0424522,-0.47169805,-0.28289914
80796000,-0.23339142,0.015707731,-0.5299625
80800000,-0.022902586,0.10178134,0.04853937
80804000,0.13088293,0.04729802,0.5730559
80812000,0.42919278,0.4051436,0.48584408
80816000,0.35292625,0.39627853,0.18928711
80824000,0.21375144,0.19487478,-0.61663634
80828000,0.07777707,-0.095327914,-0.19889115
80832000,-0.1875214,-0.4297625,0.42149872
80836000,-0.4900989,-0.5489352,0.45333242
80840000,-0.48088327,-0.3963354,-0.16474336
80848000,-0.3467844,0.49203798,-0.3517515
80852000,-0.21411282,0.485951,-0.13487163
80856000,0.21982574,0.40255314,-0.13314387
80860000,0.05108749,0.13211691,-0.08647126
80864000,-0.20967627,-0.064897165,0.2925506
80868000,0.041827664,0.06370323,0.8366599
80872000,0.03144128,0.09903969,0.74571097
80876000,-0.24967715,0.0440782,0.10000366
80880000,-0.06229441,-0.084220454,-0.28296292
80884000,0.019014042,-0.5720916,-0.23924801
80892000,-0.06127487,-0.09274304,0.004949763
80896000,0.032133162,0.7649588,-0.13772762
80904000,-0.25756013,0.89743066,0.05169797
80908000,-0.536252,0.26857522,-0.32045126
80912000,-0.28161466,-0.45975673,-0.49518198
80916000,0.22910056,-0.63512087,0.03787534
80920000,0.11439714,-0.20031315,0.21329969
80924000,-0.19951653,0.43373778,-0.15034059
80932000,0.13046023,-0.1275131,0.51775974
80936000,-0.061670754,-0.048109755,0.5106449
80940000,-0.11653089,0.063813254,0.22466214
80944000,0.42452836,0.27431145,-0.044597402
80948000,0.72272915,0.24046606,-0.119789824
80952000,0.0837623,0.3346341,0.24453609
80956000,-0.7015161,0.36853763,0.71875435
80960000,-0.88391286,-0.2766391,0.39638942
80964000,-0.25410005,-0.8397705,-0.30406582
80968000,0.67875814,-0.56388867,-0.52941704
80972000,0.77196217,0.50527364,-0.28005904
80976000,-0.09487504,1.2040111,0.10231078
80980000,-0.78828126,0.8000977,0.28670865
80984000,-0.7334887,0.027630985,0.22038868
80988000,-0.3794451,-0.47933468,-0.18508132
80992000,-0.0565266,-0.49478155,-0.3587966
80996000,0.14800483,-0.29874995,-0.13754493
81000000,0.06490104,-0.09988776,-0.020585593
81004000,-0.12768646,0.39523596,0.1775023
81008000,-0.03390549,0.49034065,0.27606863
81012000,0.12719505,-0.17986283,0.21069676
81016000,0.11498301,-0.49716222,0.14040741
81020000,0.34397984,-0.033169463,-0.0997233
81024000,0.5126187,0.52314097,0.023981318
81028000,0.16017167,0.4886202,0.2588796
81032000,-0.31735265,0.09337181,-0.000171855
81040000,-0.31293565,-0.34010214,-0.08359175
81048000,-0.6143621,0.73237973,-0.16431642
81052000,-0.2234883,0.28818214,0.07145472
81056000,-0.10985073,-0.32934636,0.1626069
81060000,-0.11640797,-0.5703525,0.50876427
81064000,0.12562427,-0.23525605,0.80431145
81068000,0.2726393,0.25284266,0.1357142
81072000,0.05120061,0.19552574,-0.6657126
81076000,-0.2842319,0.022307098,-0.45699555
81080000,-0.3464012,0.21914122,-0.05035144
81084000,-0.37280384,-0.03448151,0.019130973
81088000,-0.11330958,-0.49314883,0.0560946
81092000,0.6403043,-0.24782138,0.100842
81096000,1.044071,0.21578617,0.1796885
81100000,0.3944865,0.30075085,0.104089364
81104000,-0.5065313,0.2947219,-0.22833905
81108000,-0.43544847,0.7090902,-0.2881402
81116000,-0.7315882,0.20091705,0.09744506
81120000,-0.4970152,-0.14569014,0.23580033
81124000,0.01862903,-0.17714135,0.4738433
81132000,-0.09618901,-0.37202808,-0.14381239
81136000,0.04149568,-0.30496824,-0.20234844
81140000,0.4774732,0.106537394,-0.088360414
81144000,0.71991265,0.6377211,0.113314226
81148000,0.040206015,0.69434077,0.23614831
81152000,-0.2637993,0.18713155,0.40101546
81156000,-0.10465129,-0.153834,0.319054
81160000,-0.47264117,-0.06282708,-0.0619251
81168000,-0.21677963,0.33599702,-0.109117836
81172000,0.3372017,0.19957206,0.26191607
81176000,0.5007439,-0.22182664,0.25843
81184000,-0.752569,-0.26397228,0.053725
81188000,-0.3497213,0.3628438,0.24390511
81192000,0.2602458,0.048071593,0.44016775
81196000,0.22855371,-0.25545263,0.085502476
81200000,-0.041678376,-0.28611183,-0.34844413
81204000,0.022614889,-0.26394674,-0.3474724
81208000,0.20101632,0.06784718,-0.29897004
81216000,-0.14880475,0.5467349,-0.14253749
81224000,0.46540803,-0.18458629,-0.04164992
81228000,0.58432436,0.5911634,0.018639509
81232000,0.16474736,0.8564197,0.24388912
81236000,-0.5678914,0.22386637,0.4728531
81240000,-0.8649579,0.07049958,0.41100383
81244000,-0.68356764,0.27173102,-0.057025686
81248000,-0.4100982,0.25484943,-0.22880192
81252000,-0.2202127,0.1060721,0.12531814
81256000,0.18113618,-0.35244557,0.17736647
81264000,-0.19628301,-0.17648745,-0.12927756
81268000,-0.5296652,-0.13020839,0.26838788
81272000,0.02724035,-0.26232252,0.32335976
81276000,0.2716465,-0.12401121,-0.011585832
81280000,0.002696246,0.10895494,-0.035154887
81284000,-0.10276015,0.40280542,0.06702511
81288000,-0.26549217,0.48121846,0.09335136
81296000,-0.046159282,-0.017890433,0.35683823
81300000,0.18695554,-0.3077598,0.13045324
81304000,0.10169141,-0.26216143,-0.053853095
81308000,0.059310395,0.0705021,-0.46014893
81312000,0.003975522,0.25876012,-0.514906
81316000,-0.40751386,0.600775,0.2621422
81320000,-0.66350186,0.92410105,0.89335865
81324000,-0.44848812,0.4073712,0.6079099
81328000,-0.002934359,-0.3452507,0.15281871
81332000,0.030082155,-0.3427882,-0.11384904
81336000,-0.59704936,-0.17942932,-0.43647447
81344000,0.44052285,-0.003853969,-0.44504687
81348000,0.5561013,0.248745,-0.03582205
81356000,-0.16075292,-0.018477976,0.6620918
81360000,-0.5023027,-0.22283679,0.39400166
81364000,-0.20914945,-0.14589944,-0.2745895
81368000,0.13271102,-0.09544885,-0.8118604
81372000,0.3488916,0.25856158,-0.7109481
81376000,0.08943322,0.47794205,-0.38793838
81380000,-0.6042692,-0.030821264,-0.07627917
81384000,-0.51335996,-0.33592188,0.43063545
81388000,-0.11914933,-0.36092734,0.60030633
81392000,-0.49755237,-0.5004368,0.5342625
81396000,-0.5863936,-0.56134224,0.50527817
81400000,0.12196286,-0.056534827,0.08765447
81404000,0.5568779,0.712552,-0.5152901
81408000,0.5018369,0.869352,-0.61900705
81412000,0.4335144,0.4769359,-0.3006564
81420000,-0.114673376,0.10845328,-0.040191468
81424000,-0.38236433,0.31769022,-0.19026153
81432000,-0.5609928,0.1067818,0.62939817
81440000,0.068725094,0.0438976,0.1634974
81444000,-0.08824677,0.27065372,-0.15424418
81448000,0.04594345,0.08390784,-0.24014167
81452000,0.23341852,-0.26177055,0.12575999
81456000,0.20985812,-0.407196,0.6605393
81464000,0.32338595,0.13908786,-0.37136382
81468000,-0.09428186,0.52538025,-0.241382
81472000,-0.23783399,0.35766333,-0.12470414
81476000,0.000460327,-0.027246289,-0.14918947
81480000,-0.23379424,-0.21747398,-0.029519998
81484000,-0.4984269,-0.071852684,0.22753271
81488000,-0.39158905,-0.034078605,0.694035
81492000,-0.70041305,-0.30451888,0.7706846
81500000,0.15256378,0.045641914,-0.8087591
81504000,0.60465866,0.27859417,-0.80908436
81508000,0.28510338,0.17269437,0.42660898
81516000,-0.2877829,-0.2283186,0.530022
81520000,-0.17208877,-0.3161156,0.29894072
81524000,-0.24018244,-0.012944505,0.34482858
81532000,0.095290825,0.58584994,-0.33100358
81536000,0.34328976,0.4112267,-0.2927959
81540000,0.22930086,0.4164981,-0.09147711
81544000,0.049097728,0.34689704,-0.02738592
81548000,-0.16718663,0.1268873,-0.17434406
81552000,-0.2576928,0.49001867,-0.519204
81556000,-0.045861572,0.81318665,-0.628778
81560000,0.22825417,0.48242468,-0.19795358
81564000,0.13223368,0.107619956,0.17020251
81568000,-0.30376488,-0.14366911,0.32706022
81576000,0.22339013,-0.45675096,0.49652284
81580000,0.7087604,-0.5004382,-0.09163648
81584000,0.49437106,-0.4456156,-0.16816457
81592000,-0.6191524,0.26966685,-0.018744454
81600000,-0.7208221,-0.000497669,0.42271987
81604000,-0.6152516,-0.33518362,0.2745621
81608000,-0.3612508,0.36470595,-0.29905826
81612000,-0.11218575,0.77301526,-0.20250127
81616000,0.13521813,0.42091346,0.07150707
81620000,0.4745033,0.008756693,-0.030439839
81624000,0.64850897,-0.17589588,-0.36923915
81628000,0.6375213,0.04116884,-0.6900259
81632000,0.24874039,0.18237866,-0.46801606
81636000,-0.40645984,-0.22664048,-0.08745289
81644000,-0.79959285,-0.638866,0.5392233
81648000,-0.8574004,-0.31389362,-0.16092369
81652000,-0.66630495,-0.009323999,-0.46758363
81656000,-0.2797472,0.0974779,0.07515094
81664000,0.58907276,0.16597849,0.32912454
81668000,0.6056825,0.20250937,0.6516545
81672000,0.5177581,0.20930487,0.46475086
81676000,0.2690801,-0.1101817,0.17106263
81680000,-0.010287702,-0.4940616,-0.29805046
81684000,-0.039125003,-0.51211417,-0.36788562
81692000,0.107490525,0.60588443,0.11935228
81700000,-0.43116814,0.4126057,-0.29761875
81708000,-0.34116885,0.3825143,0.14944586
81712000,-0.09177333,0.6949133,0.9126186
81716000,-0.07814865,0.17253405,0.761189
81720000,-0.6289583,-0.24596618,-0.04179725
81724000,-0.83077204,-0.4950378,-0.30205765
81728000,-0.044170916,-0.7124357,-0.098578036
81736000,0.39491868,-0.2602005,0.025637649
81740000,0.25506443,-0.057399563,0.08099078
81744000,-0.09563475,0.32463175,-0.09757268
81748000,-0.40828684,0.34769875,-0.020313501
81752000,-0.19888483,0.088672236,0.46481487
81760000,-0.14717858,0.6099644,0.25901344
81764000,0.003578141,0.34821057,-0.11405859
81768000,0.15801364,-0.3100496,-0.4081918
81772000,-0.18394078,-0.2705507,-0.7484628
81776000,-0.52999765,0.12509073,-0.7822959
81780000,-0.2694001,-0.081067756,-0.38542116
81784000,-0.011195969,-0.34947446,0.07574905
81788000,-0.20625082,0.09761016,0.29862618
81792000,-0.44192237,0.5152613,0.30130935
81796000,-0.32432023,-0.07179469,0.27009147
81804000,0.14682081,-0.050168633,0.5282127
81808000,0.23630965,0.47103027,0.3985321
81812000,0.05875601,0.045226038,-0.0944307
81816000,-0.27275226,-0.45873633,-0.3270876
81820000,-0.33630964,-0.60665226,-0.34333995
81824000,0.07359806,-0.34657967,-0.4931105
81832000,-0.11991959,0.35022718,-0.03397876
81836000,-0.3731169,0.2558375,0.30790392
81840000,-0.19389232,0.25214604,0.38843203
81844000,0.19692357,0.3261386,0.20396411
81848000,0.09345921,0.28173196,-0.014327534
81856000,0.07266981,0.079180494,0.003452353
81860000,0.14228171,0.13655277,-0.1227078
81864000,-0.116022676,0.08080402,-0.3981273
81872000,0.051251985,0.22801022,-0.08162683
81876000,0.18716842,0.3383318,0.2960373
81884000,-0.49852282,-0.26041362,-0.104044616
81888000,-0.7052421,-0.48634782,0.069198415
81892000,-0.27815616,0.14687225,0.336086
81896000,0.13151976,0.9584195,-0.12777974
81904000,0.08207248,-0.19685626,-0.15265962
81908000,-0.34886146,-1.0473323,0.11693133
81912000,-0.23925442,-1.1477911,-0.12870958
81916000,0.31390607,-0.70412445,0.06620523
81920000,0.48908874,0.09487961,0.46353304
81924000,0.13029614,0.4936698,0.5031724
81932000,-0.89123607,-0.55628085,-0.22318928
81936000,-0.90493834,0.06471878,-0.4695649
81940000,-0.3051951,0.6331297,-0.6637935
81944000,0.09106447,0.18790111,-0.386674
81948000,-0.14333388,-0.1369901,0.459517
81952000,-0.061395623,-0.0819204,1.2477082
81956000,0.14168113,0.20840013,0.7201599
81960000,0.09833036,0.27551576,-0.39751935
81964000,0.41354144,-0.24008584,-0.466832
81968000,0.21387427,-0.4384523,-0.29012153
81972000,-0.6788229,0.02881211,-0.44373706
81980000,-0.16068661,0.090367004,0.25312936
81984000,0.52006155,0.021954471,0.36381477
81988000,0.6227137,-0.20168053,0.051207148
81992000,-0.019413188,-0.6579984,-0.52942204
81996000,-0.73866403,-0.49449956,-0.6233954
82000000,-0.6835227,0.065878846,0.23408428
82004000,-0.37012357,0.53599715,0.8556293
82008000,-0.1591177,0.26796615,0.50337756
82016000,0.35841548,-0.7380396,-0.3136414
82024000,-0.608232,0.39794105,0.38097256
82028000,-0.56595206,0.37468946,-0.07091299
82032000,0.024823382,-0.1689991,-0.10936365
82036000,0.2557158,0.06515542,0.09251868
82040000,0.24425566,0.8613736,0.22655451
82048000,-0.18959577,0.2130774,-0.27052164
82052000,-0.37332195,-0.17033657,-0.5398559
82056000,-0.19435565,-0.49960425,-0.3339929
82060000,-0.025225788,-0.6365458,-0.1457191
82068000,-0.2285161,-0.23142113,-0.19932988
82072000,-0.31615832,-0.03153833,0.016096607
82080000,0.07174793,-0.50443053,-0.26878834
82084000,0.3425977,-0.09324665,-0.31054533
82088000,0.3007552,0.7312336,-0.04975492
82092000,-0.37629086,0.41649115,-0.14847863
82096000,-0.553301,0.015767198,-0.388718
82100000,-0.06887595,0.16608348,-0.08106651
82104000,-0.13257077,0.18654484,0.44952297
82108000,-0.40221882,0.09169632,0.68300444
82112000,-0.14863746,-0.16117626,0.68223983
82116000,0.13872212,-0.4264224,0.45930886
82120000,-0.043111622,-0.20581497,0.20163986
82124000,-0.23648524,0.021432322,-0.12114162
82128000,-0.22727934,-0.33413285,-0.47505602
82136000,-0.056604125,0.23308788,-0.3610531
82140000,0.22666845,0.25751776,-0.004179448
82144000,0.674441,-0.19006616,-0.18311128
82148000,0.32338488,-0.005520821,-0.43258503
82152000,-0.53606796,0.37174806,-0.29714543
82156000,-0.82801324,0.118348375,-0.028828172
82160000,-0.67548406,-0.44537568,0.27685395
82164000,-0.23595099,-0.4584116,0.27767503
82168000,0.26443842,-0.107061416,0.24264994
82172000,0.1809379,-0.048548162,0.21207985
82176000,-0.21134996,-0.1931659,-0.12994806
82180000,-0.19205034,-0.3479664,-0.28778872
82184000,0.19733676,-0.26646033,-0.21933392
82188000,0.18295284,-0.054417804,-0.094893225
82196000,-0.38784796,-0.2385458,-0.08247349
82204000,0.33647066,0.2527992,-0.2415753
82212000,0.32393718,-0.16150112,0.11453928
82216000,0.0975817,-0.2196002,0.25822684
82220000,-0.43734598,-0.0509153,0.42793608
82224000,-0.78340554,-0.018580562,0.50420433
82232000,-0.16632542,0.17462698,-0.3286996
82240000,0.013055429,-0.40960714,-0.38727817
82244000,0.040803283,-0.29307708,-0.43499276
82248000,0.42021444,0.029609486,-0.26299626
82252000,0.59301126,0.1151577,0.103987485
82256000,0.08201788,0.28299856,0.06690752
82264000,-0.60041475,-0.5384674,-0.009766199
82268000,-0.14802249,-0.54856914,0.49866873
82272000,-0.17832398,-0.3051357,0.6433666
82276000,-0.31219557,-0.3079622,0.36593544
82284000,0.037034508,-0.1296773,-0.2541802
82288000,0.3569736,0.3357699,-0.071975365
82296000,0.13495195,0.8701173,-0.64034015
82300000,-0.30412918,0.1937053,-0.4668609
82308000,-0.57579714,-0.8976519,-0.11843265
82312000,-0.7279447,-0.32151222,-0.13248384
82316000,-0.28437364,-0.15542343,-0.14372088
82320000,0.048109308,-0.34243613,-0.27932784
82324000,-0.1877742,-0.21250133,-0.117659554
82328000,-0.16702552,-0.035897136,-0.007116998
82332000,0.014049847,-0.38080913,-0.21322717
82336000,-0.001433756,-0.5409274,-0.27049416
82340000,0.02446761,-0.016823828,-0.16648959
82344000,-0.04342346,0.45635527,-0.026550056
82348000,-0.47148156,0.32850516,0.3806732
82352000,-0.8775767,-0.09495881,0.7532024
82356000,-0.58701473,-0.13153562,0.35441768
82360000,-0.026960492,0.11593083,-0.14520594
82364000,0.3559213,0.07236675,-0.12353885
82368000,0.5360238,0.017069139,-0.28226596
82376000,0.19504426,-0.61090493,-0.19165723
82380000,0.047180377,-0.45746756,-0.021097783
82384000,-0.16402088,-0.083555795,-0.05316371
82388000,-0.39793542,0.18323049,-0.001449682
82392000,-0.21804127,0.33990222,0.123773105
82396000,0.307632,0.3040834,-0.1251891
82404000,0.15070194,-0.04961303,-0.49985388
82408000,-0.17808636,-0.22806275,-0.22082597
82412000,-0.40810612,-0.52346313,0.115976855
82416000,-0.15761259,-0.67024463,0.28651115
82420000,0.3619342,-0.39074028,0.17406733
82424000,0.48563534,-0.14557122,0.36424214
82428000,0.047706783,0.1532911,0.42614248
82432000,-0.34989867,0.16883451,0.050202847
82436000,-0.48603225,-0.14615384,-0.04900462
82440000,-0.77937853,-0.12971766,0.032401256
82444000,-0.6854812,-0.14159337,0.054341126
82448000,-0.25748706,-0.48661962,-0.038356215
82452000,-0.05864858,-0.65995836,-0.13085443
82456000,0.20451963,-0.13427809,-0.22994837
82460000,0.34948114,0.36738208,-0.5858236
82468000,-0.228326,-0.07939798,-0.11419538
82476000,-0.6172457,0.0767817,0.24178287
82480000,-0.062433153,-0.30410945,-0.13987973
82484000,0.13499992,-0.888706,-0.47113705
82492000,0.5515508,-0.46409684,0.026221208
82500000,-0.47869527,0.15885492,0.34949604
82504000,-0.5187956,0.5967359,-0.03798706
82508000,-0.52181786,0.82189333,-0.013258944
82512000,-0.084661946,0.6589049,-0.016130969
82520000,0.4010297,-0.32616574,-0.65871704
82524000,0.22922991,-0.5847904,-0.4639887
82528000,0.112463385,-0.6102409,-0.36769122
82536000,-0.13591097,-0.24109972,0.339218
82540000,-0.67255896,0.12836458,0.58100307
82544000,-0.50466746,-0.029437691,0.28518048
82548000,0.054956496,-0.36369205,-0.29984728
82552000,0.14057714,-0.5900556,-0.6021386
82556000,-0.12692574,-0.60301924,-0.35668176
82560000,-0.33361983,0.21277505,-0.3507205
82564000,-0.15377012,0.9629168,-0.4693789
82568000,0.5260874,0.71360576,-0.23639321
82572000,0.69209146,0.22866842,-0.19168358
82576000,0.13448842,-0.28292376,-0.37076885
82580000,-0.1917392,-0.6558193,-0.16609496
82584000,0.022119693,-0.73030365,0.11552193
82588000,0.087855145,-0.7704729,0.05726824
82592000,-0.2341339,-0.49491948,0.16920951
82596000,-0.22128999,0.017592609,0.15896104
82600000,-0.014689036,0.17186144,0.07553006
82604000,-0.18735456,-0.24242076,0.53448266
82608000,-0.4264909,-0.6553262,0.69307154
82612000,-0.278813,-0.56548536,0.19006266
82620000,0.19388649,0.23973472,-0.4061773
82624000,-0.09962158,0.7573849,-0.4797598
82628000,0.036308944,0.49665686,-0.38061482
82632000,0.2811922,-0.16895135,-0.5314985
82636000,-0.0360668,-0.5100853,-0.39591992
82640000,-0.24066675,-0.18896873,0.23908997
82644000,0.08046533,0.05957686,0.53949755
82648000,0.2686817,-0.20696703,0.057691216
82656000,0.30582657,-0.22380415,-0.41437107
82660000,0.1704617,-0.448092,-0.32744414
82664000,-0.18849114,-0.340527,-0.06564661
82668000,-0.39936852,-0.37046584,0.630324
82672000,-0.3217626,-0.5817233,0.57848585
82680000,0.11303757,0.25918412,-0.73384404
82684000,0.2482084,0.83307254,-0.21489155
82688000,0.15154088,0.68597424,0.028859243
82692000,-0.12205401,-0.18058765,-0.070858516
82696000,-0.39194584,-0.84405786,0.13923058
82704000,-0.32867393,-0.37198168,0.2723257
82708000,-0.16533923,-0.30755597,-0.08908363
82712000,0.006065385,-0.29006958,-0.27547172
82716000,0.10483605,-0.000277512,-0.43016097
82720000,-0.39960867,0.23966204,-0.54932743
82724000,-0.57575643,0.10911157,-0.43875593
82728000,0.05410263,-0.25064033,-0.3566068
82732000,0.34153405,-0.28075904,-0.3442402
82740000,-0.022215236,-0.4261941,0.43969572
82744000,-0.23757002,-0.20066573,0.16311005
82748000,-0.056813568,-0.08552078,-0.08023325
82756000,0.4722825,-0.18479557,0.3213755
82760000,0.19756673,0.20822042,0.050603323
82764000,0.0554177,0.27594355,-0.56171346
82768000,-0.13206357,-0.032516062,-0.9306332
82772000,-0.4797524,-0.10978848,-0.7541226
82776000,-0.36667648,-0.27762973,-0.06376061
82780000,0.15494011,-0.7259265,0.40875223
82784000,-0.038239956,-0.69746953,0.12500302
82792000,-0.19567898,0.2875562,-0.005449042
82796000,0.4576108,0.3720494,0.017298859
82800000,0.8971686,0.2384359,-0.053182475
82804000,0.7706522,0.18324314,-0.247713
82808000,0.12503225,0.08420915,-0.10493374
82812000,-0.5290755,-0.23123595,0.72117776
82816000,-0.8453821,-0.42094812,1.0878894
82820000,-0.6340444,-0.51726997,0.17193432
82824000,0.09225762,-0.23561823,-1.046526
82828000,0.44572204,0.28514105,-1.2195662
82832000,0.22194353,-0.00698255,-0.44945037
82840000,0.18080015,-0.7233781,0.23622006
82848000,-0.30466893,0.4267974,-0.22572346
82852000,-0.39143527,0.27590865,-0.89480764
82856000,-0.24253696,-0.21056306,-1.0218055
82864000,0.3299781,0.042819574,0.26271743
82868000,0.39243782,0.12536286,0.2511936
82872000,0.14602193,-0.10828377,0.12242439
82880000,0.6682809,-0.80226696,0.43093225
82884000,0.8870009,-0.54555947,-0.16598211
82888000,0.120383084,-0.086536646,-0.29758438
82892000,-0.8659539,0.2706241,-0.1190681
82896000,-1.0334592,0.5313084,-0.1991283
82900000,-0.66124445,0.29578474,-0.29433316
82904000,-0.16763522,-0.084018946,-0.3175676
82908000,0.2709194,-0.18881229,0.073479205
82912000,0.49766117,-0.23399675,0.3533232
82916000,0.5166494,-0.5262299,0.06489144
82924000,-0.50675344,-0.22513501,-0.15009716
82932000,-0.46053988,0.39223808,-0.12782443
82940000,-0.001061589,-0.37051892,0.09556517
82944000,-0.24432585,-0.5644736,-0.26579726
82948000,0.14859708,-0.17275852,-0.6929083
82952000,0.7157413,0.17185363,-0.77759874
82956000,0.5979017,0.0659013,-0.47952592
82960000,0.038264066,-0.22415648,0.025585502
82964000,-0.08740527,-0.30784482,0.36602813
82972000,0.30599183,0.19049886,0.0792318
82976000,0.5725722,-0.055633653,0.0443276
82980000,0.42399597,-0.6437047,0.1762625
82984000,0.02144545,-0.30389935,0.132799
82988000,-0.1691713,0.48219958,0.06465438
82992000,-0.07553965,0.49442196,-0.23168641
82996000,-0.04325384,0.06084536,-0.34568536
83004000,-0.46551472,-0.5178781,-0.27259246
83008000,-0.65776384,-0.3618101,-0.3143386
83012000,-0.51800185,-0.5895013,-0.4478894
83016000,-0.16169521,-1.0564847,-0.6495191
83020000,0.29591116,-0.7895483,-0.27762592
83024000,0.6883317,-0.085134074,0.39938232
83028000,0.5869602,0.34234315,0.69969755
83032000,0.097692385,0.3470173,0.52933335
83036000,-0.1239899,0.2552695,0.35238302
83040000,-0.16197506,0.09092039,0.43506542
83044000,0.001809902,-0.1827103,0.20833473
83052000,0.20141143,0.071738645,-0.47554612
83056000,-0.32419342,0.22194499,-0.44467553
83064000,-0.14601241,0.13859765,-0.18022905
83068000,-0.047793724,-0.19342439,0.06580917
83072000,0.39832568,-0.37744403,0.009396032
83076000,1.0190148,-0.32113716,-0.28570345
83080000,0.8869196,-0.375364,-0.38966352
83088000,-0.42096755,-0.42788288,0.054017693
83096000,-0.7885251,-0.065394945,0.17633626
83104000,-0.112075776,0.23633751,0.09332856
83108000,0.5280668,0.052133925,-0.052788567
83116000,-0.01748885,-0.5572339,-0.492015
83120000,0.22675222,-0.011834309,-0.34897828
83124000,0.5389029,0.43275434,-0.4067627
83132000,0.33648133,-0.19091342,-0.14057523
83136000,0.3041034,-0.36872113,0.38685223
83140000,0.4182269,-0.6126225,0.54948974
83148000,0.2694919,0.2656852,0.1780948
83152000,0.14452593,0.5419814,0.052473146
83156000,0.2535618,0.013291806,-0.16944805
83160000,0.16451411,-0.3681026,-0.29395556
83164000,-0.012715027,-0.23590393,-0.357078
83168000,0.0504208,0.31988025,-0.4957361
83172000,-0.2234659,0.5110934,-0.36052787
83176000,-1.014851,-0.09955135,0.12555617
83180000,-1.2132992,-0.55078715,-0.009116508
83184000,-0.64864004,-0.40802646,-0.5145946
83192000,-0.036337234,-0.2895186,-0.25318682
83196000,0.5844396,-0.40432864,-0.045582615
83200000,0.9149741,-0.17242749,0.17763437
83204000,0.9207032,0.13155974,0.19847582
83208000,0.65928066,-0.11141638,-0.029968873
83212000,0.37504444,-0.65813345,-0.25597826
83216000,-0.036798798,-0.7076308,0.088303
83224000,-0.675789,0.35492006,0.68267393
83228000,-0.16651149,0.30062205,-0.16729257
83232000,0.2926309,-0.396645,-0.39473614
83240000,0.20863348,-0.4049008,0.024682287
83244000,0.43339,-0.12014724,-0.6903597
83248000,0.41389143,0.09141959,-1.0278909
83252000,0.016647875,0.23495202,-0.61062884
83256000,-0.379846,0.028396428,-0.3145476
83260000,-0.47501612,-0.4703027,-0.2893794
83264000,-0.5076581,-0.5640433,0.2061424
83272000,-0.33966938,0.19253056,0.7314712
83280000,0.37641904,0.32205296,-0.4095578
83284000,0.8805039,-0.17576604,-0.32211024
83288000,1.2839086,-0.2931402,-0.050978072
83292000,0.7949003,0.063417844,0.22364548
83296000,0.079451405,0.23060761,0.08959204
83300000,0.050006256,0.11971695,-0.16682816
83304000,0.20051143,-0.00449359,-0.1547766
83308000,-0.03883829,-0.14784817,-0.20126243
83312000,-0.30954003,-0.030836873,-0.39139602
83316000,-0.400126,0.41772324,-0.22691558
83320000,-0.36800018,0.32622266,-0.06651607
83328000,0.5993991,0.10150181,0.29402873
83332000,0.92718226,-0.1832492,0.5426184
83340000,0.74109733,-0.56383556,-0.67621195
83344000,0.38267225,-0.08382045,-0.5680326
83352000,-0.37976485,-0.122860156,-0.063301735
83356000,-0.63185334,-0.44794333,0.118870914
83360000,-0.4598859,-0.2692361,-0.017466426
83364000,-0.08940313,-0.007261708,-0.14085765
83368000,0.34987986,-0.21084239,-0.113764666
83372000,0.18019697,-0.45986456,-0.13661301
83376000,-0.25899684,-0.17622465,-0.15911701
83380000,0.017854422,0.18990237,-0.17641795
83388000,-0.046552114,0.13132696,0.2748642
83392000,0.0207138,0.08300215,-0.038339958
83396000,0.30316016,0.12415177,-0.47006425
83400000,0.33155462,-0.18219112,-0.21183291
83404000,0.39650127,-0.58117455,0.08397528
83412000,0.37939978,-0.5272849,0.09303037
83416000,0.006081015,-0.026646644,-0.085864946
83420000,0.030679546,0.54955614,-0.24224927
83424000,0.040773623,0.42710885,0.09170726
83428000,-0.100565836,0.03699387,0.36215505
83432000,-0.24965298,-0.21906348,0.1319393
83436000,-0.22061217,-0.5685337,-0.1765976
83440000,-0.1319061,-0.64538646,-0.22217652
83448000,0.21363994,0.2078495,0.09993368
83452000,0.1706289,0.6207043,0.17783836
83456000,0.4083889,0.6099024,-0.11009972
83460000,0.48718762,0.31465277,-0.2564809
83464000,0.13059424,0.155414,0.09159845
83468000,-0.1675903,-0.51653594,0.5960239
83472000,-0.27186248,-1.2321815,0.43070292
83476000,-0.30890858,-0.69397616,-0.44169688
83480000,-0.23178196,0.21032739,-0.59066075
83484000,0.040564865,0.52710015,-0.03322321
83488000,0.49599597,0.48636755,0.2679482
83496000,0.52335864,-0.6725119,0.19100152
83500000,0.54844,-0.59226215,-0.31048426
83508000,-0.189296,0.031545527,0.06061074
83512000,-0.004259571,0.106658116,-0.30722606
83520000,0.94989157,0.17498365,-0.56872743
83524000,0.23134205,0.08664615,-0.31996036
83528000,-0.37835214,-0.07140348,-0.06155832
83536000,-0.19602528,-0.54735756,-0.16279724
83544000,-0.74059224,0.30983657,-0.19413392
83548000,-0.2081528,0.21174173,0.12287265
83552000,0.45624563,-0.10199814,-0.011340916
83556000,0.7247949,-0.3865888,-0.16501302
83560000,0.57354796,-0.32190526,-0.38655972
83568000,0.4146722,-0.38752574,-0.17871788
83576000,0.5229956,0.040363066,0.72170645
83580000,-0.19859403,0.16175239,0.4222477
83584000,-0.4803368,0.09844828,-0.054889962
83592000,0.14098366,0.28774032,-0.39780277
83596000,0.31593353,-0.14312737,-0.10512495
83604000,-0.16632496,-0.15031894,0.17078096
83608000,-0.7098887,-0.22390589,-0.3130256
83612000,-0.62789327,-0.7010596,-0.39822695
83616000,0.008884117,-0.65061706,-0.07478408
83620000,0.36472166,-0.086462915,-0.07825891
83624000,0.5668718,0.41769224,-0.25582847
83628000,0.8652605,0.8236072,0.18738285
83632000,0.89036757,0.5901422,0.61566675
83636000,0.29899457,-0.052025825,0.015909702
83640000,-0.28982303,-0.30256802,-0.42621145
83648000,-0.044292137,-0.2495163,0.17955858
83652000,0.37403747,0.17994973,0.1954112
83656000,0.27347398,0.57219756,0.0943867
83660000,-0.22686559,0.61289704,0.000234179
83664000,-0.27342322,0.296973,0.19677128
83668000,0.13930511,-0.13983566,0.17720933
83672000,0.34246048,-0.30813673,-0.47957578
83680000,-0.10886441,-0.18989763,-0.33928996
83684000,0.20015107,-0.38881907,0.54107916
83688000,0.5268878,-0.5118622,0.71219987
83692000,0.639309,-0.13150568,0.22761413
83696000,0.23628706,0.20133093,-0.38972795
83700000,-0.44383803,0.3355803,-0.43681973
83704000,-0.3960781,0.28330266,-0.16271326
83708000,0.03135915,-0.046646103,0.13188149
83712000,0.29409206,-0.30621698,0.2855163
83716000,0.48814285,-0.36631402,0.21852612
83724000,0.076572016,-0.17353989,-0.38241488
83728000,0.12452563,0.4041627,-0.76390886
83732000,0.11342384,0.5514974,-0.70391524
83736000,-0.06364446,-0.13918172,-0.35454
83740000,-0.09201883,-0.72932166,0.014458291
83748000,0.010356493,0.05695674,0.4879312
83752000,-0.1374841,-0.19952089,0.6358598
83756000,-0.17003176,-0.3184675,0.14148404
83760000,0.31479225,-0.152064,-0.40847975
83764000,0.70781064,0.115371965,-0.41512418
83768000,0.53984,0.23002349,-0.2650261
83772000,0.26253763,0.41726518,0.001465619
83780000,-0.1378127,0.24491301,-0.035795808
83788000,0.40247524,-0.18375704,-0.3731559
83792000,0.2198828,-0.037003957,-0.19972572
83800000,-0.1501699,-0.27935097,0.17280295
83804000,0.005186796,-0.21310122,0.12817061
83812000,0.23330958,0.051741198,0.19345146
83816000,0.1698804,0.08634432,0.27188444
83820000,-0.09121531,0.518167,-0.053779826
83828000,0.16337952,0.098272234,-0.3571126
83836000,0.20687269,-0.38009635,-0.3712636
83840000,0.15867265,-0.3032393,-0.10506977
83844000,0.049345516,-0.24850343,-0.07056504
83848000,-0.10598182,-0.23307168,0.046912596
83852000,0.018587679,0.024515577,0.36767694
83856000,0.39484164,0.3171598,0.43046117
83860000,0.8319703,0.21742052,0.33188045
83864000,0.82415354,0.19129065,0.053949207
83868000,0.3014921,0.14823136,-0.29204503
83872000,-0.15640187,-0.17720942,-0.5013504
83876000,-0.23418368,-0.37052992,-0.1777616
83880000,-0.09473572,-0.77967435,0.36635563
83884000,-0.07452394,-0.99078685,0.36707705
83892000,0.13139363,0.1168996,0.29739058
83896000,0.47716275,-0.04894138,0.13443972
83900000,0.49468395,-0.042094715,0.0728121
83904000,-0.052192643,0.20710123,0.41409013
83908000,-0.50446534,-0.048437998,0.33305115
83912000,-0.12771165,-0.34448665,-0.6034845
83916000,0.39776874,0.28887013,-1.2188878
83920000,0.1907071,0.77508634,-0.8486688
83924000,-0.23235716,0.25884098,-0.44439894
83928000,0.0230356,-0.18840241,-0.32219127
83932000,0.482507,0.035546537,0.11080673
83940000,0.105699524,0.2023093,0.75780433
83944000,0.08530557,-0.5231532,0.5958264
83948000,-0.10691889,-0.81735444,-0.11193995
83952000,-0.30570635,-0.78687555,-0.5712127
83956000,-0.023592874,-0.42129928,-0.38986915
83960000,0.054705933,0.57733643,-0.038125057
83964000,-0.006629769,0.90645725,0.11762801
83968000,0.41523638,0.1598246,-0.12923366
83972000,0.6036875,-0.1673986,-0.28437883
83976000,0.11247043,-0.016086087,0.11288344
83984000,-0.09624441,0.08923088,0.32728624
83988000,0.1851885,0.14793767,-0.06737138
83992000,0.40134084,-0.016829714,-0.29620913
83996000,0.6672787,-0.24826844,-0.3821667
84000000,0.37225237,-0.32100984,-0.25831872
84004000,-0.074867725,-0.12971152,-0.0078343
84008000,0.24814278,0.24575783,-0.001086501
84016000,0.3934132,0.33484843,-0.11668666
84020000,-0.17783087,-0.26763323,0.29427263
84024000,-0.4065344,-0.6545885,0.15272027
84028000,-0.030322269,-0.48030645,-0.20085394
84032000,0.20197897,0.003902748,-0.18071556
84036000,-0.34676248,0.40743318,0.046580788
84040000,-0.7221545,0.45802152,0.34275842
84044000,-0.21546994,0.44084814,0.041553482
84048000,0.31275,0.44870818,-0.4486943
84052000,0.512532,0.07696061,-0.12129755
84056000,0.5280895,-0.3883034,0.45517772
84060000,0.07459864,-0.609751,0.41597068
84064000,-0.4498088,-0.61433005,0.19613582
84068000,-0.20373367,-0.09541927,0.041960254
84076000,0.52945995,0.610524,-0.7419337
84084000,0.22996248,-0.29841685,0.18500897
84088000,0.24308339,-0.4655131,-0.07191081
84092000,0.36086583,-0.12580137,-0.086056545
84100000,0.39190996,0.30358988,-0.031190708
84108000,-0.35744318,0.06637468,0.45243475
84112000,-0.472692,-0.08405489,0.4559073
84120000,0.25409955,-0.5777491,-0.006054387
84124000,0.32562485,-0.3829934,-0.17129277
84132000,-0.16443081,0.014277995,0.043281395
84136000,-0.030802857,-0.1927436,-0.040642418
84140000,0.17609163,-0.22332174,-0.33722776
84148000,-0.29073125,0.7425314,-0.40389782
84152000,0.30521464,0.40381268,0.7500422
84156000,0.52347404,-0.21891476,1.1209054
84160000,0.4058137,-0.12946177,0.20764486
84164000,0.38835943,0.2517175,-0.3900935
84172000,0.0340935,0.0419828,-0.46902013
84176000,0.007107031,-0.05629845,-0.25844595
84184000,-0.20680672,0.18073419,0.37149417
84192000,0.43317184,0.013000578,-0.057054054
84196000,0.27529567,-0.50765175,-0.47610113
84200000,-0.19997428,-0.538826,-0.50655055
84208000,-0.7783192,-0.31142107,0.05859519
84212000,-0.1893791,0.10682808,-0.044083454
84216000,0.35793614,0.5462208,-0.11542637
84224000,0.42920646,0.07025654,0.1524257
84228000,0.28496546,-0.26953653,0.29029623
84232000,0.060630143,-0.46171114,0.13132533
84236000,0.36277878,-0.25583357,-0.15311128
84240000,0.4282952,-0.05051771,0.021948293
84244000,0.22409295,0.010810168,0.504247
84252000,0.28312424,0.32575092,-0.3234706
84256000,0.07594372,0.056557223,-0.21395972
84260000,-0.17003138,-0.22421293,0.119809285
84268000,0.07552031,-0.07283546,-0.6185272
84272000,0.08640094,-0.39431337,-0.50293005
84276000,-0.10469937,-0.59184057,-0.18380421
84280000,-0.1911711,-0.15451032,-0.29358009
84284000,0.116905645,0.29144278,-0.20262149
84288000,0.4586309,0.29392454,0.20762244
84292000,0.36270455,0.32530198,0.45697817
84300000,0.44499072,0.29935676,0.056962565
84308000,-0.25354332,0.26598552,-0.37471014
84312000,-0.23507135,0.4057044,-0.22540748
84316000,-0.08939672,0.092286386,0.26988044
84324000,0.6700709,-0.67742664,0.3412177
84332000,0.20648567,-0.13360056,-0.12421566
84336000,-0.46215326,-0.12104221,-0.3827101
84340000,-0.58003086,-0.08151937,-0.45901358
84344000,-0.25487453,-0.032191373,-0.08720033
84348000,-0.28516436,0.1870084,0.48742023
84352000,-0.11375815,0.49149415,0.6837018
84360000,0.39634794,0.1898978,0.4287946
84364000,-0.19072953,-0.2708348,0.39537248
84368000,-0.35538876,-0.29948163,0.113811314
84372000,-0.010647774,-0.14965898,-0.14842118
84376000,0.11004539,0.07154733,-0.31951195
84380000,0.31602,0.43821448,-0.14895764
84384000,0.6088507,0.21236503,0.028551582
84388000,0.35953078,-0.31114677,-0.13019049
84392000,0.2771374,-0.44230703,-0.26754335
84396000,0.39431575,-0.39755267,-0.1959298
84404000,-0.06272426,0.49966177,-0.01698839
84408000,0.22289576,0.5332449,0.48776639
84412000,0.32224768,0.005304486,0.53028
84416000,0.14443296,-0.29454905,-0.103107244
84424000,-0.052867778,0.35154736,-0.3597978
84428000,0.010318119,0.015682727,-0.16461568
84432000,-0.043435656,-0.4667364,-0.006730847
84436000,-0.19111238,-0.44210228,-0.16078338
84444000,0.28512025,0.09312497,0.3984425
84448000,0.2344792,-0.13755532,0.18590504
84452000,0.35921705,-0.046123117,-0.07846728
84456000,0.38806325,-0.085500255,-0.32724452
84460000,-0.2589327,-0.4858238,-0.32270128
84468000,-0.5618891,-0.12983683,-0.1422072
84472000,0.12357478,0.6027924,0.18448588
84476000,0.7992447,0.8245444,0.2774773
84480000,0.6692705,0.6691581,0.18339665
84484000,0.32812166,0.54078674,0.14515388
84488000,0.28599456,0.057745323,0.47115618
84492000,0.16094026,-0.5656381,0.44498962
84496000,0.10753829,-0.41767132,-0.30633673
84500000,0.003195802,0.31266358,-0.7144643
84504000,0.011000969,0.4863419,-0.55569005
84508000,0.43594265,0.26330876,-0.14473262
84512000,0.2639581,0.3087026,0.15847397
84516000,-0.31098434,-0.03313352,0.2849986
84520000,-0.16996817,-0.6208363,0.5342431
84524000,0.03614146,-0.547642,0.5304494
84528000,-0.2455591,-0.07962589,0.28543532
84532000,-0.37383908,-0.080548674,0.06643559
84540000,-0.042170014,0.29592973,-0.5201339
84544000,0.23037878,0.44394237,0.079624206
84548000,0.000347212,-0.04929608,0.18356195
84556000,-0.10856835,-0.20534155,0.08251164
84564000,0.5801606,0.16438794,0.16977364
84568000,0.57186335,0.006787248,0.2642799
84572000,-0.24041513,-0.21023355,-0.32803267
84576000,-0.65277433,-0.08276904,-0.61733866
84584000,-0.48102033,0.36330318,0.1435466
84588000,0.017467022,0.21008569,0.33320713
84592000,0.29153866,-0.003742486,0.46416193
84596000,0.7064901,-0.089641444,0.20236783
84604000,0.88651466,-0.26064396,-0.3753883
84612000,-0.40643382,0.23934998,-0.3850096
84616000,0.17511854,0.3679886,0.17757754
84620000,0.09368503,0.21200776,0.61606604
84624000,-0.19090639,0.030313667,0.6062021
84628000,0.31167868,-0.30394292,0.49033162
84632000,0.93184227,-0.35365447,-0.030279174
84636000,0.6012547,-0.00141637,-0.6716262
84640000,-0.18491752,0.17668302,-0.6254101
84644000,-0.40810022,0.3549788,0.006248742
84648000,-0.1738714,0.33665663,0.7169182
84652000,0.08335148,-0.056544974,0.8990714
84656000,-0.122346275,-0.2929831,0.3100856
84660000,-0.4814347,-0.2503135,-0.15366536
84668000,0.30319178,-0.44924396,0.003404608
84672000,0.40916374,-0.28702936,-0.3001431
84676000,0.16377392,0.37543404,-0.34321865
84680000,-0.16651484,0.7941692,0.019968748
84684000,-0.5161172,0.6490233,0.06517244
84688000,-0.6169368,0.19838776,-0.041345112
84696000,0.23378573,-0.630137,0.42713264
84700000,0.5790122,-0.24881144,0.27627647
84708000,0.6403293,0.6419676,0.05912534
84712000,0.18940832,0.41120344,-0.3435501
84716000,-0.052620497,-0.06376889,-0.51359874
84724000,0.033930253,0.3431546,-0.051475152
84728000,-0.16283727,-0.027592897,0.40498644
84732000,0.001013026,-0.050856244,0.51747
84736000,0.37888524,-0.034558035,0.2504338
84740000,0.4925523,-0.330167,-0.16353643
84744000,0.2616693,-0.3906597,-0.545693
84748000,-0.36649796,-0.18095249,-0.51473725
84756000,-0.2099784,-0.21069494,0.4819809
84760000,-0.001496544,-0.24309151,0.4829494
84764000,-0.08912781,-0.2857356,0.11859659
84768000,0.20202175,-0.30354795,-0.41686165
84772000,0.6819816,-0.016463406,-0.6867696
84780000,0.32745636,0.9533278,0.074143484
84784000,0.06659915,0.66106683,0.67469025
84792000,-0.33535817,-0.40245363,0.009789452
84796000,-0.31098098,-0.37396902,-0.31394288
84800000,0.18002251,-0.12615547,0.041321963
84804000,0.18734732,-0.17303866,0.43255836
84812000,-0.20202899,-0.31866857,0.01652283
84816000,0.027944498,0.2563451,-0.47036138
84824000,0.02378184,0.65145445,-0.3261693
84828000,0.36594877,0.3863538,0.42441934
84832000,0.7270357,0.32222095,0.7120462
84836000,0.31086218,0.3838751,0.26503065
84844000,0.07166228,-0.038850486,-0.37531653
84848000,0.06979512,0.031091198,-0.09793283
84852000,-0.17343637,-0.22637585,0.1949814
84856000,-0.15933816,-0.43545252,-0.18508074
84860000,-0.000169981,-0.008858874,-0.34315592
84864000,-0.04546227,0.37092325,0.26794994
84868000,-0.013278239,0.27532002,0.6792284
84876000,0.046711348,-0.34804457,0.50272226
84880000,-0.16768782,-0.05466657,0.28487015
84884000,0.25981772,0.20204842,-0.050850965
84888000,0.66863936,0.4151168,-0.5451525
84892000,0.17083892,0.5975782,-0.5205223
84896000,-0.36722365,0.20905085,-0.22409005
84900000,0.050409496,-0.53191584,-0.10667478
84904000,0.36206856,-0.66554224,0.099433586
84908000,-0.07189052,-0.042567134,0.41358986
84912000,-0.31741968,0.46411827,0.58946097
84916000,-0.5266044,0.2699032,0.33342177
84920000,-0.8543618,-0.20862289,-0.003747068
84924000,-0.39411995,-0.30186707,-0.08003226
84928000,0.44501632,-0.06688833,-0.27068207
84932000,0.68596756,0.2378665,-0.463866
84936000,0.5023588,0.41950253,-0.2464253
84940000,0.12358877,0.16864638,0.14191899
84944000,-0.23845287,-0.3349068,0.057225585
84948000,-0.31351244,-0.21491715,-0.041410368
84956000,0.27666935,0.28897068,1.1548014
84960000,0.12596117,0.1289329,0.35867566
84968000,-0.108715564,-0.6049004,-0.90693355
84972000,0.18935888,-0.22080176,-0.8506385
84976000,0.25036356,0.36852115,-0.19021991
84984000,0.5238012,0.6722628,0.14277118
84988000,0.5165491,0.12349424,0.27867424
84996000,-0.37231636,0.07467492,0.06636034
85000000,-0.2351497,-0.082752064,-0.054390114
85004000,0.38213855,-0.2565555,0.29157537
85008000,0.295357,-0.24025989,0.5369525
85012000,-0.31755212,-0.074489266,0.5310825
85016000,-0.5693807,0.07094274,0.25162542
85020000,-0.43149075,-0.22992434,-0.18938285
85024000,-0.12388416,-0.51722556,-0.2624154
85028000,0.009732198,-0.43173122,-0.2798726
85032000,0.20056792,0.05514881,-0.45916045
85036000,0.60991246,0.47408202,-0.36765215
85040000,0.46011636,0.3512037,-0.07453672
85044000,-0.025361754,0.20211868,0.24298838
85048000,-0.23471962,0.044706553,0.5651518
85052000,-0.28005454,-0.2292114,0.5334658
85056000,-0.21366556,0.06489837,0.13332587
85060000,0.038624614,0.45622367,-0.24230194
85064000,0.21023473,0.05456534,-0.27492523
85068000,-0.003448371,-0.45431435,-0.006502688
85072000,-0.060703706,-0.42526695,0.06227675
85080000,-0.08466023,0.06400513,-0.15021783
85084000,-0.091132306,0.2731316,-0.11408201
85088000,0.4745878,0.539131,-0.0902731
85096000,0.04615666,-0.107273646,0.045232385
85100000,-0.5066689,-0.31925255,0.4226281
85104000,-0.62417483,0.25673714,0.5075815
85108000,-0.20519331,0.64694214,0.54842985
85112000,0.15525432,0.35454336,0.40185404
85116000,0.27008447,0.19425082,-0.040765777
85124000,-0.26064396,-0.37583762,-0.6385647
85128000,-0.06833702,-0.21038428,-0.47102758
85132000,0.27485555,0.09858949,0.035650298
85136000,0.2725166,-0.18020262,0.41425163
85144000,0.20775305,0.20835154,0.3674984
85152000,-0.32016674,-0.13362457,-0.5265765
85156000,0.27387774,-0.065927744,-0.44892025
85164000,-0.02388613,0.8002145,0.076390706
85168000,-0.2327942,0.5062448,0.26844093
85176000,-0.41362202,-0.16778558,0.12121823
85180000,0.055123344,-0.29192296,0.18156978
85184000,0.55937535,-0.39070284,-0.14605893
85188000,0.46391428,-0.018200204,-0.09133663
85196000,-0.23212387,-0.035778075,0.42467612
85204000,-0.45792562,-0.57022643,-0.30433035
85208000,0.078044534,-0.27632934,-0.07987046
85212000,0.38531393,0.32804152,0.0630018
85216000,0.07104388,0.46291482,0.15170255
85220000,-0.2769033,0.5078927,0.20133358
85224000,-0.27779767,0.72509104,0.3358351
85228000,0.12197423,0.23014781,0.18078664
85232000,0.34546065,-0.19174296,-0.1547115
85236000,0.083422184,-0.22554022,-0.21176755
85240000,-0.17879012,-0.45701015,-0.092691764
85244000,-0.085639745,-0.38415742,0.183301
85248000,0.18157098,-0.034609072,0.5010343
85252000,0.004730716,0.09641896,0.060404003
85256000,-0.25601384,-0.05933836,-0.9045945
85260000,-0.11916624,-0.028976128,-0.92861843
85264000,-0.000817526,0.48617017,-0.16587074
85272000,0.049866796,0.094331354,0.12611292
85276000,0.20179711,-0.08041167,0.27977228
85280000,0.046759233,0.13298436,0.37679344
85284000,-0.22026902,0.16578306,0.5080438
85292000,0.33259913,-0.6987061,0.45038867
85296000,0.66008526,-0.96231276,0.0396638
85304000,0.005898207,0.3702648,0.027027437
85308000,-0.5129007,0.521037,-0.12637118
85312000,-0.22831845,0.16546553,-0.28677928
85316000,0.16938262,0.16666813,-0.4267194
85320000,0.36387604,0.6100742,-0.12922426
85324000,0.13974607,0.89130604,0.2919777
85332000,-0.39847445,0.6052338,-0.48240253
85336000,0.11100643,-0.03405392,-0.5436916
85340000,0.20844238,-0.31365052,0.079968706
85344000,-0.16227502,-0.18541518,0.5548632
85352000,-0.20089261,0.077085964,0.400283
85356000,0.12951663,-0.19042131,0.27319914
85360000,0.29199272,-0.35497925,0.09462326
85368000,-0.3492285,0.26454052,0.03130379
85372000,-0.4400261,0.62356275,0.47179532
85376000,-0.62598944,0.7878343,0.69971055
85384000,0.74821186,0.067222215,-0.24085169
85388000,0.774594,-0.56970906,-0.34167755
85392000,0.2658327,-0.5485963,-0.21481988
85396000,0.071865566,0.11314875,-0.21627572
85400000,0.06334257,0.42925304,-0.357563
85404000,0.15133238,0.6820797,-0.43525758
85408000,0.16896771,0.91013956,-0.12354585
85416000,-0.21476686,-0.2488398,0.5208439
85420000,-0.40571177,-0.5663126,0.32148153
85424000,-0.7430263,-0.7129613,0.21399494
85428000,-0.6906035,-0.76419693,0.42336592
85432000,-0.3641984,-0.36529317,0.42306238
85436000,-0.08214889,-0.007989984,0.1910443
85440000,0.37504894,0.14250745,0.033342257
85444000,0.77733696,0.3667077,-0.33634847
85452000,0.2754687,-0.14087601,-0.35792273
85456000,-0.18726663,0.013008855,0.034322795
85460000,-0.27162468,0.49283808,0.3821224
85464000,-0.41503173,0.38219312,0.77561235
85472000,0.031668186,-0.2590733,0.18486133
85476000,0.33153206,0.15687227,0.10750028
85480000,0.085225105,0.4829883,-0.020576142
85484000,0.17635019,0.32366168,-0.046927866
85488000,0.5863042,0.035533085,0.12177433
85492000,0.4626401,0.28627682,-0.39652482
85496000,-0.14787453,0.54790944,-0.7920243
85500000,-0.56328666,-0.12509537,0.14379409
85504000,-0.46118587,-0.6636623,0.79060143
85508000,-0.13352951,-0.4575024,0.16770604
85512000,0.024579037,-0.09150106,-0.027537435
85516000,-0.08941067,0.4712845,0.18959364
85520000,-0.23280856,0.5670371,0.13868783
85528000,0.36543807,-0.53770834,0.22522095
85532000,0.24774933,-0.25975406,-0.07855368
85536000,-0.02177684,-0.01750253,-0.65472215
85540000,0.26097846,0.3884047,-0.8470363
85544000,0.3691711,0.8708059,-0.50296223
85548000,-0.3017072,0.74157983,0.088789135
85552000,-0.9081983,0.40258226,0.499943
85556000,-1.0092672,0.16522788,0.5481478
85560000,-0.5899906,0.1441826,0.63908356
85564000,0.082293764,0.48316664,0.57931745
85568000,0.49498647,0.17338957,-0.029569685
85572000,0.7522338,-0.5374106,-0.66601825
85580000,0.34243834,-0.64339495,0.11553897
85584000,-0.14237463,-0.10067658,0.07227037
85588000,0.041554153,0.491866,-0.18378212
85592000,0.11525751,0.6533804,0.10696423
85596000,-0.45609254,0.4842406,0.5732907
85600000,-0.5952555,0.3763591,0.23167625
85604000,-0.34796935,0.12122187,-0.4189421
85608000,-0.055304684,-0.13045985,-0.44693837
85612000,0.45169178,0.14079675,-0.3355388
85616000,0.4275508,0.48961157,0.1358066
85620000,0.122486115,0.33739483,0.9228873
85628000,-0.31290942,0.19049023,-0.30455446
85632000,-0.36766165,0.09034231,-0.5855964
85640000,-0.21175542,-0.24128346,0.40058118
85644000,-0.07493901,-0.20222071,0.5345388
85648000,0.07811975,-0.12164771,0.27534848
85652000,0.14311886,0.031805556,0.011284912
85656000,0.22584632,0.26138645,0.035546318
85664000,-0.3020277,0.023539033,0.3245979
85668000,-0.5902562,0.27954006,0.12355197
85676000,-0.4860881,-0.2397735,-0.52444977
85680000,-0.26890224,-0.43825746,-0.16773652
85684000,0.2281094,-0.1570016,0.13795796
85692000,0.032810986,-0.010872122,0.2725564
85696000,0.19685541,0.45704275,0.21627735
85704000,-0.23642242,1.0475056,0.08805941
85712000,-0.09512978,-0.8125186,-0.03084343
85716000,-0.007545043,-0.65426433,0.19362122
85720000,-0.24213345,-0.039885223,0.36649388
85724000,-0.35563752,0.26857233,0.058477283
85728000,-0.09179258,0.44376007,-0.20592096
85732000,0.11866015,0.2065073,0.040985674
85736000,0.064336486,-0.21144602,0.17317604
85744000,0.057394557,-0.27868894,0.3094557
85752000,0.05514706,-0.23059407,0.09398395
85756000,-0.17181262,0.15051278,0.08717565
85760000,-0.10835998,0.17433731,0.26634955
85764000,0.11326069,0.21669716,0.020525396
85768000,0.45736104,0.41488174,-0.39579934
85772000,0.49847052,0.36757326,-0.8196154
85776000,0.18425718,-0.032462142,-0.7093497
85780000,-0.26092687,-0.13346115,0.21201517
85788000,-0.55499434,-0.087838605,0.43750572
85792000,-0.02951353,0.3446409,0.78795314
85800000,0.66670376,0.10785296,0.28648096
85804000,0.16093034,0.033525966,-0.31912327
85808000,-0.37998635,0.037125047,-0.4360569
85812000,-0.279194,-0.040298097,-0.34882188
85816000,0.042554945,0.20622972,-0.2864405
85824000,-0.016731989,0.01900287,0.028614145
85832000,0.43623877,0.028148636,-0.8008963
85836000,0.108350724,0.02097813,-0.22546914
85844000,-0.22511576,-0.0789634,0.63490915
85848000,-0.17930579,-0.056356777,0.4925334
85856000,-0.24627092,0.35191718,-0.03602288
85860000,-0.16556706,0.26321465,-0.14201842
85864000,0.09972311,0.05687823,0.17829585
85868000,0.16418748,-0.26883602,0.45555037
85872000,-0.16884714,-0.8454248,0.39041048
85876000,-0.54126674,-0.77558714,0.2267354
85884000,0.0766739,0.69819194,-0.56882656
85888000,0.49462932,0.8271348,-0.608991
85892000,0.5506452,0.39332038,-0.16981
85896000,0.29259032,-0.43189812,0.67414135
85900000,-0.031578794,-0.64498353,0.92291236
85904000,-0.29846215,-0.004100442,0.23083931
85908000,-0.13144115,0.24892806,-0.4302752
85916000,0.51438016,0.13432468,-0.39590338
85920000,0.18082486,0.4562384,-0.22400817
85924000,-0.37576783,0.20804444,-0.3139029
85932000,-1.0812492,0.34111756,-0.052677296
85936000,-0.41961926,0.8179364,0.20391127
85944000,0.90600955,-0.16485585,0.89671916
85952000,-0.591499,-0.13388458,0.545455
85956000,-0.9401189,-0.16169293,0.29136872
85960000,-0.8175774,-0.06184431,-0.19071306
85964000,-0.21675614,0.1145359,-0.56238675
85968000,0.16149144,0.084558114,-0.3726748
85976000,-0.089825585,-0.20878825,0.12855192
85980000,-0.22820763,0.15550955,0.28092897
85984000,-0.18128286,0.39671943,0.39178616
85992000,0.8122502,0.046254486,0.20930976
85996000,1.0216395,-0.48982346,-0.025151506
86000000,0.503072,-0.19253878,-0.01790988
86004000,-0.5067452,0.44087982,-0.07274952
86012000,-0.68430126,-0.12414039,0.22595534
86016000,0.5440619,0.15158963,0.7807895
86020000,0.8160008,0.33536202,0.10040018
86024000,0.2460116,0.044271592,-0.7006503
86028000,-0.33472815,-0.20245081,-0.6508136
86032000,-0.304551,-0.100927904,-0.14500198
86036000,0.118744746,0.08781253,0.37406713
86040000,0.0381826,0.16865693,0.5215885
86044000,-0.23024179,-0.03346467,0.4660715
86048000,0.051413186,-0.064573646,0.21633916
86056000,-0.23998256,0.30077916,0.07768892
86060000,-0.7359675,0.049509734,0.040855765
86064000,-0.78025055,0.021768413,-0.030861437
86068000,-0.60266674,0.35639918,-0.10149024
86072000,-0.4114684,0.5336886,-0.23038909
86080000,0.43120497,-0.7026888,-0.043358117
86084000,0.18864,-0.38251567,-0.16425955
86088000,0.20261608,0.16566525,0.04121627
86092000,0.19821596,0.69347644,0.5091308
86096000,-0.27552652,0.9465821,0.6614974
86100000,-0.4152186,0.7544818,0.33417076
86108000,-0.10943483,-0.17842254,-0.31442434
86112000,0.2723374,-0.48278782,-0.44577163
86116000,0.3895751,-0.15194634,-0.3556322
86120000,0.3921398,0.3384666,-0.08202114
86124000,-0.016254917,0.49130005,0.27812698
86132000,-0.8067542,-0.08921505,0.64022887
86136000,-0.67763066,-0.06453226,0.24302274
86140000,-0.13858089,0.15070137,-0.1635527
86144000,0.50973195,0.2160247,-0.38550067
86148000,0.5333958,0.15493482,-0.26626652
86152000,-0.05682385,0.012269333,0.08372387
86156000,-0.24863145,-0.12881473,0.27789128
86164000,0.40739408,0.26789793,-0.37905273
86168000,-0.032836124,0.5786687,-0.19544244
86172000,0.12520283,0.006550729,-0.095953554
86180000,0.054757357,-0.3415011,0.24166259
86184000,-0.8414581,-0.046468645,0.7488643
86188000,-1.1498027,-0.32674843,0.4752475
86192000,-0.4506191,0.003699139,0.15946648
86196000,0.30033058,0.783962,-0.091901615
86200000,0.550152,0.9599302,-0.51133305
86204000,0.4583974,0.6529294,-0.5091423
86208000,0.35667112,0.113143295,-0.16818112
86216000,0.2755199,0.05049281,0.82579136
86220000,0.002078593,0.004365645,0.5060564
86228000,-0.48551458,-0.048424542,-0.24269484
86232000,-0.7305541,-0.20586944,0.22207575
86236000,-0.5845776,-0.27060172,0.28053987
86240000,-0.14590779,-0.066934586,-0.16819245
86248000,0.32979333,-0.13379748,-0.17691553
86252000,-0.21230547,-0.20487076,0.14227602
86256000,-0.44105065,0.040798843,0.11174215
86260000,-0.29281524,0.0770696,0.13301036
86264000,-0.005786859,0.07752259,0.2665172
86268000,0.15623349,0.031624794,0.1207429
86276000,-0.103585064,0.05075498,-0.3339197
86280000,-0.022599367,0.55678487,-0.41934457
86284000,0.19990408,0.5589433,-0.32492375
86292000,-0.07944872,-0.26129803,0.22326733
86296000,-0.3381487,-0.17628992,0.41134596
86300000,-0.28423727,0.25357533,0.90318555
86304000,0.14002296,0.7277768,0.66455734
86312000,-0.6354877,-0.15992607,-0.5342408
86316000,-0.55490327,-0.58587927,0.012059927
86320000,0.15656096,-0.43421346,0.2100583
86324000,0.2639143,-0.105805986,0.16011934
86328000,0.14407587,0.17455076,-0.100253485
86332000,-0.107763626,0.2681348,-0.017507453
86336000,-0.34443387,0.2134896,0.51530814
86340000,-0.3884313,0.09031061,0.45912918
86348000,-0.16434374,-0.26508284,-0.02287052
86352000,0.22765708,0.34155107,-0.042785082
86356000,-0.020240456,0.6604157,-0.12626833
86364000,-0.51150334,-0.052878518,0.13954574
86368000,0.29264557,-0.105998315,0.15628499
86372000,0.5632217,0.09058082,-0.25673723
86376000,0.09580703,0.30312786,-0.4023509
86384000,0.6647331,-0.5492992,0.22786577
86388000,0.55601305,-0.53542197,0.56133175
86392000,-0.09485595,-0.30657947,0.6637426
86396000,-0.28745008,-0.16463757,0.22880755
86400000,-0.18956122,-0.06260839,-0.15494227
86404000,0.001064464,0.24995016,-0.36506203
86408000,0.13560206,0.70544773,-0.31601104
86412000,0.02703742,0.5359331,-0.21136266
86416000,-0.2781294,-0.16630222,-0.29686832
86420000,-0.4626213,-0.35745865,0.03058754
86424000,0.13158742,-0.11352648,0.65375996
86428000,0.61883426,0.26213706,0.7501783
86432000,-0.026983231,0.5831014,0.16135305
86436000,-0.8694323,0.22380596,-0.49996093
86440000,-1.0162064,-0.33969933,-0.4362229
86444000,-0.42433634,-0.38366747,0.39099595
86448000,0.20477456,0.033287324,0.5300512
86452000,0.06807043,0.4031511,-0.18936923
86460000,-0.21006455,-0.54661894,-0.11071652
86464000,-0.32979062,-0.58972645,0.20793682
86468000,-0.49163327,-0.1260508,0.39178753
86472000,-0.6159712,0.024972107,0.44236895
86476000,-0.52204204,0.54974675,0.077928826
86480000,7.47E-05,1.251512,-0.40132025
86488000,0.35901287,-0.3715333,-0.52414817
86492000,0.04774954,-0.1142246,-0.23164141
86500000,-0.01637359,0.16677043,0.0841414
86504000,-0.056769315,-0.07583986,0.35256794
86508000,-0.17410976,-0.42393613,0.8724378
86512000,0.06398839,-0.7328046,0.5716497
86520000,0.2079212,0.48720366,-0.6825684
86524000,-0.038486443,0.6168788,-0.23139223
86528000,-0.49595487,0.7165826,0.23830207
86532000,-0.63011444,0.47876477,0.111909695
86536000,-0.14814878,-0.056912005,-0.03588108
86544000,0.2039434,-0.8448462,-0.075700365
86548000,0.1461175,-1.0018798,-0.3642905
86552000,-0.16085139,-0.646157,-0.4658146
86556000,-0.20171386,-0.012730598,0.20553848
86564000,-0.057251386,0.6768182,0.5027039
86568000,0.33846286,0.09687367,0.042154834
86572000,0.57443947,-0.40684277,-0.02292195
86576000,0.34955925,-0.17190486,-0.27528846
86580000,-0.21096464,-0.021351162,-0.30303207
86584000,-0.27259016,0.010138327,0.13139044
86592000,-0.21121758,0.17374551,0.4246001
86596000,0.060560912,0.14581391,0.21464573
86604000,0.21117803,0.34635365,-0.37241164
86608000,-0.19167154,0.14748544,-0.37166017
86612000,-0.83931476,-0.38999537,-0.069645345
86616000,-0.4895824,-0.59013444,-0.064706504
86620000,0.32002738,0.18135107,-0.13818431
86624000,0.31505555,0.719618,0.04690139
86628000,0.09829704,0.38377017,0.1421242
86632000,0.22268936,0.07477753,0.01972021
86636000,-0.1967642,-0.31633157,0.110335946
86640000,-0.9801654,-0.6367634,0.5594156
86644000,-0.99380714,-0.3115458,0.56418514
86648000,-0.50059247,0.20497623,-0.08704521
86652000,0.1167749,0.5404797,-0.72716004
86656000,0.43385255,0.48632896,-0.7618947
86660000,0.2653201,0.018883273,-0.34532762
86664000,-0.03334659,-0.46498132,-0.22602741
86672000,-0.23419935,0.2539661,0.60302544
86676000,-0.08042228,0.32591578,0.9344779
86680000,-0.001651734,0.23257823,0.50079465
86688000,-0.14566122,0.18572554,0.17179191
86692000,-0.08791069,-0.09422532,-0.13300455
86696000,0.12864454,-0.34924155,-0.45411694
86700000,-0.013122782,-0.10783859,-0.55084527
86704000,-0.07732029,0.062453005,-0.505952
86708000,-0.005296504,-0.1575541,-0.15583289
86712000,0.15388691,-0.025476396,0.15880111
86716000,0.3926336,0.31593168,0.026256531
86720000,0.08692672,0.24291015,-0.10008906
86724000,-0.3478595,-0.012319505,0.09999071
86728000,-0.4283368,0.122326314,0.38882935
86736000,-0.3216501,-0.024749584,-0.32876092
86740000,-0.24797857,-0.29297122,-0.61370647
86744000,-0.39074066,-0.4316895,-0.21430686
86752000,-0.13874376,0.2747612,0.20632172
86756000,-0.52814573,0.4310025,0.47850987
86760000,-0.2204134,0.3875542,0.46631184
86764000,0.4504605,0.33971196,-0.05609937
86768000,0.60392004,0.12125096,-0.25354308
86772000,0.33989275,-0.5046936,0.027019367
86776000,0.10732755,-1.3748063,-0.08331598
86780000,0.05153285,-1.2729461,-0.4735714
86784000,-0.21269394,-0.2055996,-0.20871888
86788000,-0.25566724,0.73241,0.46572098
86792000,-0.09493755,1.0822092,0.56308687
86796000,-0.004577668,0.5983033,0.22674403
86804000,-0.1138155,-0.12318571,-0.41060376
86808000,-0.21905918,-0.33162627,-0.48964638
86812000,0.124204546,-0.34566408,0.017322749
86816000,0.42241585,0.089743026,0.50341743
86820000,0.24701636,0.25122535,0.6374702
86824000,0.017320346,0.005603045,0.6476762
86832000,-0.7400335,0.16971949,-0.12985314
86836000,-0.53561616,0.397307,-0.7295127
86840000,-0.09863439,0.28707755,-0.61653805
86844000,-0.1620935,-0.17452903,-0.19007105
86848000,-0.28897732,-0.24284743,0.19818084
86852000,-0.48213026,-0.12138212,-0.000730634
86856000,-0.40961182,-0.25446722,-0.59532
86860000,0.052502543,-0.22014692,-0.5264716
86864000,0.23036978,0.22605899,-0.18621576
86868000,-0.020114824,0.62152195,0.017904025
86872000,-0.14895016,0.2395989,0.19562492
86876000,0.18262999,-0.29999703,0.051423475
86880000,0.2864484,-0.23581694,0.013910919
86888000,-0.09716924,0.43894455,0.4175123
86892000,-0.045942552,0.9354782,0.48540315
86896000,0.18612012,0.54126203,0.49571395
86900000,0.41380686,-0.24698418,0.22641644
86904000,0.26688778,-0.9019249,-0.03349273
86908000,-0.33282405,-0.74796104,-0.15954307
86912000,-0.6530045,0.26562825,-0.34940535
86916000,-0.41241872,0.52912,-0.6537888
86920000,-0.30958533,0.11082873,-0.59404314
86924000,-0.37946865,0.043035723,-0.28387195
86928000,-0.093850635,-0.21414408,-0.004339436
86932000,0.23390247,-0.6564844,0.1287108
86936000,-0.039499708,-0.60117316,0.027540833
86940000,-0.4865864,-0.20305261,0.25276986
86948000,-0.32134387,-0.021567158,-0.32103825
86952000,0.07096438,-0.1284382,-0.23223643
86956000,0.46970966,0.04886859,0.034577884
86960000,0.3352384,0.29146948,0.7173286
86964000,-0.11580229,0.47517908,1.0180659
86968000,-0.41365567,0.34776753,0.27417076
86972000,-0.46278816,-0.07274833,-0.4351989
86976000,-0.042008683,-0.4581997,-0.8333559
86980000,0.32443935,-0.5505098,-0.83815897
86984000,-0.16143748,-0.3000105,-0.24225026
86988000,-0.59082097,0.056253385,0.4937137
86992000,-0.47082803,0.23711449,0.7181668
86996000,-0.36568284,0.038604647,0.2725449
87004000,0.12039285,-0.3154487,0.3311992
87012000,0.22775753,-0.18578392,-0.08713646
87016000,0.08730074,-0.46981505,0.035191372
87020000,-0.12955286,-0.2346274,-0.17940122
87024000,-0.22879796,0.2159249,-0.58506256
87028000,-0.12520166,0.3427604,-0.6057541
87032000,0.092154644,0.3150329,-0.23360375
87036000,0.22687024,0.23976718,0.25926477
87040000,0.07781972,0.11939263,0.23633507
87044000,0.076457836,0.14033476,-0.14275527
87052000,0.26376826,-0.029284976,0.3903436
87056000,0.05620023,0.09147686,-0.36456317
87064000,-0.28223482,0.009732217,-0.5542901
87068000,0.1431525,-0.638868,0.11027639
87072000,0.2809676,-0.734017,0.284997
87076000,0.076147385,-0.4640513,0.3489052
87084000,-0.6052791,0.17603672,0.17630944
87088000,-0.27193618,0.138497,-0.25611383
87092000,0.1630677,0.1311559,-0.66351956
87096000,0.23968807,0.50947475,-0.68360424
87100000,0.02593609,0.6578015,-0.2537524
87104000,-0.32129106,-0.21109615,0.36864728
87108000,-0.64994586,-1.2608513,0.7477811
87112000,-0.5763831,-1.0319505,0.72420657
87116000,-0.35512233,-0.22589004,0.16683044
87120000,-0.19728032,0.038240895,-0.5071991
87128000,0.6352182,0.058156997,-0.024478763
87132000,0.5360253,0.005141497,0.0330419
87136000,0.41778898,0.109739184,-0.24275634
87140000,0.1348682,0.2958767,-0.13115454
87144000,-0.36043358,0.029912658,0.3187792
87148000,-0.46410155,-0.33043158,0.40014455
87152000,-0.28507006,-0.14086187,-0.11051008
87156000,-0.13456066,0.23159099,-0.42262238
87160000,0.16340806,0.18988681,0.07253711
87164000,0.3239382,0.102825284,0.51127285
87168000,0.004212424,0.23261055,0.27909693
87176000,-0.5682758,0.05013515,-0.6015459
87180000,-0.3084879,-0.4521386,-0.37743598
87184000,0.1884939,-0.6708038,-0.17242444
87188000,0.44153756,-0.40110838,0.04887181
87192000,0.45009544,-0.26425883,0.21795407
87196000,-0.027692586,0.00797534,-0.047374845
87200000,-0.30974114,0.49221975,-0.15950704
87204000,-0.038617715,0.41773236,0.15338549
87208000,-0.08483906,-0.16309743,0.6194322
87212000,-0.28650242,-0.4116424,0.34213525
87216000,-0.36849067,-0.20915268,-0.5012827
87224000,0.03374196,-0.61952955,-0.16960129
87232000,-0.29958147,0.17731935,0.17199813
87236000,0.2643512,-0.03072922,0.18663374
87240000,0.61363375,-0.17562474,-0.2884603
87244000,0.5084518,0.15266219,-0.20883977
87248000,-0.24943109,0.21884936,0.16184156
87252000,-0.96857506,-0.064307526,0.25368863
87256000,-0.65372646,-0.15650046,-0.12312354
87264000,0.20315225,0.00807205,0.013583168
87268000,0.28004807,-0.32580432,0.34536737
87272000,0.27696753,-0.21769613,0.2625488
87276000,-0.22698274,0.25210607,0.04549978
87284000,-0.8809974,0.24683785,0.14882672
87288000,-0.80025446,0.34275696,-0.26761353
87292000,-0.17907216,0.044346966,-0.91057295
87296000,0.7436671,-0.28696585,-0.92190945
87304000,0.46662748,-0.62777734,0.25418013
87308000,-0.036091037,-0.48220974,0.39975032
87312000,-0.23813747,-0.18597114,0.32403398
87316000,0.024972767,-0.1382916,0.29489785
87320000,0.028285742,0.010395632,0.34514305
87324000,-0.09445276,0.42086393,0.09881894
87328000,0.20098232,0.4253042,-0.15418053
87332000,0.26771483,0.009236448,-0.02307067
87336000,-0.1434435,-0.20143446,-0.24321021
87340000,-0.3075048,-0.34515834,-0.79077965
87344000,-3.15E-05,-0.63364434,-0.8505728
87352000,-0.18686368,0.4599481,0.3701452
87360000,-0.32945377,-0.1702674,-0.033864707
87364000,-0.3109529,-0.13802686,-0.3331443
87368000,0.072845414,-0.005746689,-0.20115966
87372000,0.11285052,-0.17548442,-0.004799813
87376000,-0.041042835,-0.05089193,0.091536105
87380000,-0.11455259,0.27246162,0.2090879
87384000,-0.09478845,0.015470833,0.204803
87388000,0.003161177,-0.29662895,-0.05070103
87392000,-0.04820115,-0.29862732,-0.3294974
87396000,-0.017271385,-0.39189628,-0.46748936
87400000,0.23168418,-0.2623284,-0.1884747
87404000,0.60018384,0.30207968,0.1810079
87408000,0.53102636,0.58774704,0.30319488
87412000,0.2595946,0.15573263,0.036756113
87416000,0.49899048,-0.2140913,-0.03133951
87420000,0.24281435,-0.18417598,0.38657016
87424000,-0.7094588,-0.083772615,0.08130969
87428000,-0.9779057,-0.15923508,-0.3951484
87432000,-0.27947208,-0.4425725,-0.3311203
87436000,0.06902552,-0.17506234,-0.1154219
87440000,-0.2966062,0.1243694,0.061896667
87444000,-0.27817416,-0.18089272,-0.16792174
87448000,0.14562795,-0.28593594,-0.39755332
87456000,0.068879716,-0.17537409,0.015637279
87464000,-0.5387114,-0.074890435,0.6283672
87468000,-0.62398225,0.18434367,0.61348015
87472000,-0.48144224,0.236055,0.21050319
87476000,0.19168305,0.023358814,-0.31772077
87480000,0.93536276,-0.09102697,-0.7640705
87484000,1.1856008,0.029426776,-0.57411915
87488000,0.67080486,0.3528421,-0.18300414
87496000,-0.40322036,-0.4027539,-0.19316898
87504000,-0.87832034,0.4092018,-0.18391985
87508000,-0.50543857,0.72021055,-0.116774976
87516000,0.07621735,-0.6705853,0.23537514
87520000,-0.14484248,-0.7581738,0.49179196
87524000,-0.18121353,-0.32477254,0.26099703
87528000,-0.10459991,0.11782346,-0.21336022
87532000,-0.08338152,0.020900339,-0.39493898
87536000,-0.12019423,-0.2217363,-0.11599339
87540000,0.051726848,-0.09903027,0.08886214
87544000,0.48713452,-0.2838821,-0.13037845
87548000,0.8470149,-0.32530218,-0.051787797
87552000,0.8866266,0.2524749,0.2780379
87560000,-0.06848335,-0.11653538,-0.38591543
87564000,-0.61634624,-0.33531827,-0.6331397
87568000,-1.0662012,-0.6677302,-0.29493606
87572000,-0.48118532,-0.26010996,0.17764947
87580000,0.4091006,0.40632078,0.58004487
87584000,0.053290464,-0.35063505,0.31663698
87588000,0.18637405,-0.52644986,0.15663087
87592000,0.30135834,-0.20344907,0.044772394
87600000,0.09085119,0.109075345,-0.5291081
87608000,-0.19965737,-0.3006969,0.77799046
87612000,-0.33151352,0.03556855,0.47502595
87620000,0.3253599,0.17063427,-0.66932225
87624000,0.15222633,0.18614618,-0.74046546
87628000,-0.07086545,-0.23547238,-0.42517984
87636000,-0.09450324,-0.34175122,0.28958443
87640000,-0.079466246,0.05553341,0.52570164
87648000,-0.1248897,0.19330445,-0.14893556
87652000,-0.2952949,0.011584595,-0.27202162
87656000,-0.4186204,-0.24795645,-0.6089044
87660000,-0.3957204,-0.022222087,-0.8931941
87664000,-0.4421997,0.2031619,-0.76724446
87672000,-0.040672213,0.050999418,0.022687335
87676000,-0.001421355,-0.23073971,0.016262397
87680000,-0.11532171,-0.5479679,0.27395275
87684000,-0.050733894,-0.6127217,0.60300374
87688000,0.11605646,-0.3925399,0.39138812
87692000,0.062531695,-0.28198898,-0.33216628
87696000,-0.10306504,-0.3524736,-0.521343
87700000,0.039863177,-0.23685952,-0.19788076
87704000,0.2030758,0.2916115,-0.36686382
87708000,0.18136984,0.59155905,-0.32225233
87712000,0.40688315,0.22726816,0.3917528
87716000,0.65742797,-0.13507456,0.7527952
87720000,0.2566523,0.0466669,0.2872634
87724000,-0.32890892,0.2352877,-0.17248793
87728000,-0.07888965,-0.11521244,0.07350728
87736000,0.12508243,0.12362011,-0.21340983
87740000,0.16561233,0.23431587,-0.277839
87748000,-0.5174343,-0.23410104,-0.4078474
87752000,-0.19993703,-0.16630107,-0.374982
87760000,-0.37467018,-0.4341885,0.0627092
87764000,-0.012161687,-0.7533114,-0.3656014
87768000,0.44665608,-0.7787116,-0.69841546
87772000,0.2843862,-0.46473506,-0.35105133
87776000,-0.28760046,-0.19677822,0.1393517
87780000,-0.39202115,0.13490334,0.4468206
87784000,0.23960088,0.45453852,0.477164
87792000,0.4329189,0.3934602,-0.13240197
87796000,0.27109125,-0.070818394,-0.1585594
87804000,-0.03438934,-0.08790675,0.34120238
87808000,-0.55243975,0.06323908,0.21052949
87816000,-0.123782374,-0.38823986,-0.56605124
87820000,-0.22109035,-0.06321326,-0.2551488
87828000,0.28732076,0.14066792,0.3125818
87832000,0.63216597,0.16904953,-0.21661846
87836000,0.688192,-0.32179984,-0.7479463
87840000,0.2672011,-0.6697481,-0.24478899
87844000,-0.3766217,-0.7117534,0.22607222
87852000,-0.21082585,-0.05157934,0.0828684
87860000,0.12427075,-0.10285892,0.4183213
87864000,-0.02066926,0.006188035,0.47358856
87872000,0.3402202,0.18804145,0.17703654
87876000,0.05251053,0.050697394,-0.22501647
87880000,-0.16027528,-0.18001828,-0.50905025
87884000,-0.005412679,-0.3006782,-0.28031614
87888000,0.31803882,-0.37005952,-0.19112569
87892000,0.47599125,-0.3515917,-0.31632683
87896000,0.36087847,-0.33567685,-0.15740567
87904000,-0.6756765,0.11343309,-0.10612792
87908000,-0.44954723,0.11411298,-0.13865809
87912000,0.1817702,-0.20528436,0.03186
87916000,0.57346493,-0.09508288,0.12466898
87920000,0.5824329,0.27060023,0.003085278
87924000,0.19577536,0.35957658,0.19692154
87928000,-0.17626809,0.042968407,0.35721645
87932000,-0.13032027,-0.29075372,-0.15053265
87940000,0.18447095,-0.09834229,-0.15099037
87944000,0.06917293,0.46667483,0.14172241
87948000,0.009224707,0.8289055,-0.07076379
87952000,-0.1649757,0.5896937,-0.3536928
87956000,-0.102261834,-0.4555171,-0.17758122
87960000,0.08275455,-1.2163304,-0.018353693
87964000,-0.1686074,-0.9214606,-0.4149139
87968000,-0.44271398,-0.39827293,-0.6091789
87972000,-0.2149616,-0.18354726,-0.37444073
87976000,0.44049996,0.0705228,-0.039684527
87984000,-0.14988977,0.5043227,0.6728688
87988000,-0.5489672,0.13372837,0.7053878
87992000,-0.6359018,-0.12596355,0.067662865
87996000,-0.53873515,0.14288616,-0.51310235
88000000,-0.1142603,0.3700782,-0.19373584
88004000,0.15290874,0.05828972,0.36978352
88008000,0.14564629,-0.31157812,0.0618829
88012000,0.002188414,-0.14898121,-0.48206264
88016000,-0.030297471,0.3740701,-0.516528
88020000,0.2627275,0.22919644,-0.2867328
88024000,0.43979877,-0.22792727,-0.077863425
88028000,0.24538362,-0.35466093,-0.09850587
88032000,0.009699151,-0.42212406,-0.1959506
88040000,0.13538629,-0.15468161,-0.16604373
88044000,-0.007469349,-0.40734357,-0.16845345
88048000,-0.13250232,-0.593122,0.0698615
88052000,-0.39878327,-0.32258785,0.3393966
88056000,-0.3354987,0.28936154,0.14545974
88060000,0.09923947,0.82677144,-0.14106646
88064000,0.48639157,0.70094323,-0.15257753
88072000,0.34610382,-0.24031965,0.060994856
88076000,-0.17384005,-0.5429751,0.11365758
88080000,-0.24731158,-0.69133,-0.2913639
88084000,0.26816455,-0.23817632,-0.56295
88088000,0.6397213,0.27515465,-0.3131019
88092000,0.18710513,0.4437679,-0.09727934
88096000,-0.2941049,0.31768358,0.04930254
88104000,0.014792189,-0.20132384,0.34314856
88112000,0.037675805,-0.35435954,0.06262652
88116000,0.4294458,-0.2512905,-0.19027463
88120000,0.57993823,0.29111838,0.032496646
88124000,0.31776977,0.45590097,0.46085525
88132000,-0.0825816,-0.7896392,0.123881504
88136000,-0.05663153,-0.79033524,-0.85695094
88140000,-0.2203153,-0.20607302,-1.1809845
88144000,-0.31503528,0.21376678,-0.6725327
88148000,0.11720474,0.36135542,-0.16650236
88152000,0.45956713,0.4703981,0.18526398
88156000,0.21065588,0.16307583,0.3398089
88160000,0.012018103,-0.20156613,0.17864141
88168000,6.44E-05,-0.11434812,0.16917586
88172000,0.38510942,0.15765943,-0.046972662
88180000,0.18892969,-0.79989207,0.025628379
88184000,-0.09844977,-0.33088052,0.28488147
88188000,0.1497119,0.5079799,0.23883915
88192000,0.14941338,0.40750206,-0.00139883
88196000,-0.24390908,0.07572016,-0.13689655
88200000,-0.5409268,-0.11769149,-0.14681602
88204000,-0.25255722,-0.21076547,-0.31367755
88212000,-0.15254077,0.04104318,-0.7936276
88216000,-0.20317826,-0.21522479,-0.21328926
88220000,-0.039586615,-0.09974311,0.23405707
88224000,0.43972227,-0.060854703,0.36909083
88228000,0.47647887,-0.21373765,0.38422692
88232000,0.1409624,-0.10537283,0.34958857
88236000,0.18915313,0.3671804,0.12582618
88244000,0.24223582,0.1124549,0.10539617
88248000,0.31469414,-0.085565135,0.15458794
88252000,-0.41304746,0.05850295,-0.08813287
88256000,-0.6772089,0.061583392,-0.22346982
88260000,0.068440974,0.022593807,-0.3793338
88268000,0.28438565,-0.09340182,-0.37287715
88272000,0.1436865,-0.12317893,0.23967402
88276000,-0.16740239,-0.3154988,0.7230178
88280000,-0.3381657,-0.3507989,0.27612603
88284000,-0.0900397,-0.18557851,-0.2321501
88288000,-0.05817339,0.06170219,-0.35379493
88296000,0.40720683,0.5668324,0.10501915
88300000,0.38762698,-0.11978382,0.28897926
88304000,0.075376585,-0.8767899,0.16716203
88308000,-0.16127282,-0.46608436,-0.382699
88316000,-0.16572064,0.01740691,0.109528065
88320000,-0.2596204,-0.25457814,-0.0812546
88324000,0.1438782,-0.21186858,-0.25368685
88328000,0.4838509,-0.059006654,0.17300048
88332000,0.46517903,0.15817639,0.3847671
88336000,0.27887937,0.005603682,0.18683693
88340000,0.20684978,-0.36833227,0.04322701
88348000,-0.06446728,0.12072268,-1.0412627
88352000,-0.4294354,0.29834315,-0.6158617
88356000,-0.46339852,0.16534384,-0.058170326
88360000,-0.06232339,-0.257595,0.18361896
88364000,0.000763044,-0.45573843,0.28885138
88368000,-0.006764893,-0.49772346,0.3994516
88372000,0.20855795,-0.33441046,0.13130625
88376000,0.15287413,-0.03830968,-0.19239606
88380000,0.25090352,-0.08124556,-0.02645985
88384000,0.3917361,-0.28283423,0.20669143
88388000,0.099568486,-0.16869506,0.13528413
88392000,-0.22140488,0.13042025,-0.07920001
88396000,-0.3735873,0.21422035,-0.26207677
88400000,-0.33515808,0.02667398,-0.45733798
88408000,0.17840135,0.00337169,-0.52175653
88416000,-0.055959493,-0.44494006,0.28342265
88420000,-0.5381123,-0.31497994,0.28844795
88424000,-0.49339175,-0.005187035,0.24420324
88428000,0.09933372,0.40301162,0.10315046
88432000,0.6079714,0.55230296,0.06082738
88436000,0.47648787,0.17799605,0.3903436
88440000,-0.10549866,-0.08136873,0.44486883
88444000,-0.04723449,-0.13095503,-0.009313956
88448000,0.5751687,-0.05076173,-0.64632255
88452000,0.6018824,0.24846774,-0.77102387
88456000,-0.024548396,0.071623065,-0.34004813
88460000,-0.4517987,-0.33718562,0.05929912
88464000,-0.30479681,-0.18752538,0.36569542
88468000,0.01891629,0.18710838,0.114210814
88472000,0.3871184,0.1637562,-0.4904703
88476000,0.6566638,-0.078506,-0.31569344
88480000,0.38888562,0.16325167,0.29291105
88488000,-0.24816717,0.04071109,0.23442185
88492000,-0.23075476,-0.69192034,0.2537004
88496000,-0.16760768,-0.66030073,-0.07825264
88500000,-0.24849947,0.044267505,-0.070855804
88504000,-0.27451488,0.35246795,0.38582116
88508000,0.32274884,0.12222003,0.3417403
88512000,1.0523114,-0.0933312,-0.061961286
88516000,0.99045414,-0.37210602,-0.22508484
88520000,0.3274922,-0.5152919,-0.130871
88524000,-0.010002536,-0.099293634,-0.112053856
88528000,-0.13567443,0.2277055,-0.18097715
88536000,0.30145675,0.59238756,0.001443692
88540000,-0.1688292,0.5790092,-0.0782075
88548000,0.3644226,0.02860533,-0.15237273
88552000,0.32339203,-0.12569767,0.20585336
88556000,0.12401196,-0.19794802,0.17643273
88560000,-0.29340446,-0.30271983,0.010515422
88564000,-0.4805385,-0.22788757,-0.11828683
88568000,0.27133757,0.073817834,-0.095958814
88572000,0.5926721,0.23083113,0.23074572
88576000,0.08131972,-0.038140833,0.3706464
88580000,-0.19157021,-0.44444188,0.22104946
88584000,0.061991032,-0.59815955,0.22832401
88592000,0.30047125,0.11580585,-0.316063
88600000,-0.22943436,-0.3440718,-0.40274644
88608000,0.6651749,0.4219625,0.25882992
88612000,0.6757417,0.25448686,0.007332847
88616000,0.275932,-0.15882581,-0.10035378
88620000,-0.09906621,0.056193322,0.001929242
88624000,0.10088417,0.5913144,-0.038288273
88628000,0.31172675,0.7418891,-0.3726929
88632000,0.12929013,0.16859148,-0.4371272
88636000,-0.1542655,-0.57650346,0.15730931
88640000,-0.35236606,-0.59229064,0.47451928
88644000,-0.28720853,-0.04135961,0.17693254
88648000,-0.17807767,0.3778747,-0.41103962
88656000,0.065940164,0.1819726,-0.38099515
88664000,0.18179916,-0.78860134,0.35508227
88672000,0.24281016,0.011496425,-0.32584375
88676000,0.54325145,0.2729923,-0.033768132
88684000,-0.035642937,0.40056965,0.09672592
88692000,-0.16821945,0.08437021,0.105504885
88696000,0.22059791,-0.077825114,-0.08353737
88704000,0.3176452,-0.17392346,-0.021948792
88708000,-0.24917546,0.002052531,0.03547769
88712000,-0.25793996,0.08534059,0.21238178
88716000,0.45146668,0.06028346,0.4877457
88724000,0.18024723,0.46617162,0.07155858
88728000,-0.34767318,0.26822874,0.26945874
88736000,0.19481088,-0.092299744,-0.001702685
88740000,0.3878237,-0.08351091,-0.52257425
88744000,0.25206214,-0.18865733,-0.86866605
88748000,0.02185177,-0.23495731,-0.56595385
88756000,-0.40993023,-0.2683486,0.58998644
88760000,-0.3793699,-0.09292538,0.07726276
88764000,-0.07432635,0.5255443,-0.48738024
88768000,0.003101816,0.26953328,-0.49650377
88776000,-0.17376333,-0.50294673,0.45008594
88784000,-0.40087432,0.04646021,-0.17899007
88788000,-0.1357051,-0.12704003,0.07211304
88792000,0.15918998,-0.2011823,0.3334306
88796000,0.25209844,-0.30480492,0.281098
88800000,-0.005240858,-0.13460428,0.023958132
88804000,-0.1871227,0.22244948,-0.20240663
88808000,-0.13177696,0.41560686,-0.1619997
88812000,0.08717243,0.22991657,0.08119055
88816000,0.26063395,-0.12675655,0.16626608
88820000,0.2842077,-0.3201218,-0.11701525
88824000,0.13397452,-0.41496998,-0.38734525
88828000,0.1006342,-0.32786086,-0.010040343
88832000,0.27318922,-0.13300744,0.3434082
88840000,0.646741,0.013135789,0.31455848
88848000,-0.051975578,-0.09621924,-0.61063296
88852000,-0.18108621,-0.012140051,-0.6809572
88860000,-0.19624636,0.2867015,-0.178693
88864000,0.19151194,0.2578729,-0.114988536
88868000,0.1957025,0.23069623,-0.11184521
88872000,-0.013874766,-0.09980628,-0.16782315
88876000,0.042678263,-0.6069835,0.07825576
88884000,0.4224834,-0.0979799,0.671156
88888000,0.50235695,0.52635807,0.29183444
88892000,0.28244153,0.9557832,-0.05583936
88896000,-0.06668239,0.64083916,-0.12570941
88900000,-0.1151901,0.094785824,0.16829146
88908000,-0.16167246,-0.633068,0.17997402
88912000,-0.536795,-0.8578795,-0.10851313
88920000,-0.25142312,0.20259815,-0.14226599
88928000,0.63771504,0.26796332,-0.1595858
88932000,0.18510506,0.29337355,-0.51154864
88936000,0.20305762,0.1604532,-0.36942005
88944000,0.42581975,-0.13111483,0.46629703
88948000,0.050814122,-0.18627185,0.07603193
88952000,-0.11521599,-0.20260543,-0.2644248
88956000,0.10294088,-0.040569708,-0.27196306
88960000,0.15250774,0.14853902,-0.29226708
88964000,-0.035506412,0.41074044,-0.33871615
88972000,0.26651525,-0.35303476,0.41566843
88980000,-0.30592078,-0.18397239,0.041704156
88984000,0.012934715,-0.022011202,-0.53485286
88988000,0.46549216,0.2784658,-0.7579945
88996000,-0.20129919,0.3196168,-0.41695216
89000000,-0.4788317,0.036237016,0.120944425
89004000,-0.30585682,-0.2523942,0.46761164
89008000,0.07170482,-0.14911428,0.26856494
89012000,0.4484588,0.014143627,-0.002738953
89016000,0.8390879,0.14761358,0.06358889
89020000,0.68559396,0.2974047,0.3099965
89024000,-0.10880822,0.23238535,0.6981453
89032000,-0.5196342,-0.23697828,0.13185015
89040000,0.056347378,0.12849139,-0.38274366
89044000,0.05745735,-0.4406905,-0.59871006
89048000,0.105880745,-0.6104352,0.11643815
89056000,0.28751928,0.05843158,0.4458598
89064000,0.3329527,0.20156418,-0.054574735
89068000,0.06546242,0.23975033,-0.072729476
89072000,0.008839432,0.153063,-0.016712207
89080000,-0.29730827,-0.05482953,0.20896451
89084000,-0.4391619,0.11225201,-0.06459433
89092000,0.16825008,-0.12931906,-0.32135874
89096000,0.6358329,0.029941946,-0.18477146
89100000,0.43772608,-0.01750338,-0.07718962
89104000,-0.44632804,0.4473995,-0.044330917
89108000,-0.4609813,0.6353671,-0.08923421
89112000,0.29023814,-0.095398515,-0.19443819
89116000,0.72875667,-0.33404452,-0.17687474
89120000,0.46169397,0.095403686,-0.19097431
89124000,-0.001996085,0.11597235,-0.1293721
89128000,-0.23885718,-0.09716123,0.32029983
89132000,-0.38858214,0.031911865,0.68570095
89140000,-0.47608262,-0.5241804,0.13030958
89144000,-0.097835705,-0.48096317,-0.50500363
89148000,0.19322538,-0.20271407,-0.81867534
89152000,-0.23142609,0.1287928,-0.63942176
89160000,-0.08547184,0.021884665,0.35736006
89164000,0.40921327,0.028739907,0.47228947
89168000,0.37431902,0.39165747,0.397395
89176000,-0.368775,0.10727124,-0.31680363
89180000,-0.20211586,-0.14901222,-0.73865473
89184000,0.11373163,-0.55796725,-0.22957718
89188000,0.6145414,-0.12514897,0.3884463
89196000,0.4096039,0.3360152,0.43797538
89200000,0.05653192,-0.1757535,-0.100694686
89204000,0.052008323,-0.18484324,0.111823246
89208000,0.10321661,-0.125329,0.16313396
89212000,0.07469694,-0.18498258,-0.34089315
89216000,-0.040129732,0.20223126,-0.4762234
89224000,-0.37943706,0.4799816,-0.3157572
89228000,-0.30353817,0.05433709,-0.3463203
89232000,0.06868917,-0.077706926,0.21998574
89236000,0.31493407,-0.3501566,0.684645
89240000,0.4794103,-0.3817916,0.5545852
89244000,0.5490249,-0.123812065,0.015463598
89252000,0.3747641,-0.046241924,-0.2840705
89260000,0.08774429,0.044596653,0.28759184
89264000,-0.13464934,0.3214419,0.44703472
89268000,-0.4350496,0.5377677,0.20832132
89272000,-0.3202384,0.17022754,-0.13510235
89276000,0.10084693,-0.32506374,-0.084359534
89280000,0.30933186,-0.43838227,-0.08892924
89284000,0.06459533,-0.6236078,-0.20319974
89292000,-0.13348708,-0.06904328,0.37365288
89296000,-0.46567625,0.202156,0.3945936
89304000,0.30733418,0.5405616,0.32219377
89312000,0.8554312,-0.023949057,-0.36052045
89316000,0.5317395,-0.22555228,-0.16586812
89320000,0.21534926,-0.14460595,0.19484317
89324000,-0.01492654,-0.1016639,0.47738776
89328000,-0.38184875,0.14653099,0.14662762
89332000,-0.4559983,0.48813623,-0.5140151
89336000,0.09217429,0.3389419,-0.54884183
89340000,0.15492465,0.19731234,0.003385559
89344000,-0.50304633,0.05946412,0.56598413
89352000,0.6988345,-0.52391267,-0.07486227
89356000,0.26562256,-0.6285892,-0.3150475
89364000,-0.5601318,-0.012503177,-0.45250025
89368000,-0.40068352,0.6392783,-0.36728284
89372000,-0.07228834,0.6991222,-0.2965905
89376000,0.17565575,0.5705665,0.020822182
89380000,0.28066987,0.24963999,-0.12759098
89384000,0.23105893,-0.39061403,-0.279356
89388000,0.22136489,-0.5191063,0.5074657
89392000,0.042898845,-0.20072067,1.0789052
89396000,-0.31322342,0.034121167,0.60476434
89400000,-0.046636716,0.202365,-0.14681202
89404000,0.16441736,0.50788695,-0.28225267
89408000,-0.027473569,0.832998,-0.19232193
89412000,0.11388661,0.26789948,-0.36926702
89416000,0.27124342,-0.796091,-0.2977069
89420000,0.15769148,-0.887977,-0.21355511
89424000,-0.027860552,-0.12290244,-0.28730056
89428000,-0.008725436,0.43897116,0.12982634
89436000,-0.034351505,-0.21764182,0.5461588
89440000,-0.13224204,-0.2093927,0.63249165
89444000,0.20625198,0.03120169,0.25218642
89452000,0.41621828,0.5510737,-0.24024773
89456000,0.6518142,0.5751301,0.115531646
89460000,0.44823402,0.065586284,0.23965749
89468000,-0.002277762,-0.33276534,-0.26414382
89476000,-0.6007965,0.00704284,0.24856119
89480000,-0.5351985,0.3648854,0.6232893
89484000,-0.28783834,0.22583014,0.15895924
89492000,0.28776473,-0.25203994,-0.048841026
89500000,0.19937035,-0.14510545,-0.13272934
89504000,0.3156434,0.043687426,-0.09266125
89508000,-0.2775365,0.3531483,-0.001665007
89512000,-0.49659586,0.5958544,-0.23436418
89516000,-0.03480482,0.54092604,-0.5013511
89520000,0.2637691,0.013518125,-0.25319195
89524000,0.28192806,-0.49938843,0.346753
89528000,0.28846088,-0.41794753,0.64749146
89532000,0.33585817,0.14471138,0.08483055
89536000,0.24313179,0.6808106,-0.39471933
89544000,-0.40892637,0.7063784,0.3145032
89548000,-0.28809565,0.49161536,0.14301436
89552000,0.28292868,0.21050489,-0.28070626
89556000,0.4214499,-0.51703584,-0.6685941
89560000,-0.31816983,-1.2068074,-0.4783093
89564000,-0.8019515,-0.6176958,0.27295655
89572000,0.4115427,0.5521071,0.93320274
89576000,0.7883022,0.26122198,0.1406688
89580000,0.840138,-0.05216845,-0.5625911
89584000,0.3730332,-0.29279605,-0.29447314
89588000,-0.19363189,-0.25531393,0.42072755
89592000,-0.33872092,-0.15406513,0.55363685
89596000,-0.44165882,-0.005300162,0.2658849
89604000,0.08620156,-0.39581648,-0.2773306
89608000,0.66541815,-0.3606603,-0.061375655
89612000,0.46363223,0.20888586,0.27357924
89616000,0.04394233,0.36398828,-0.058141455
89620000,0.028902454,0.46023503,-0.579919
89628000,-0.05432775,0.5569241,-0.40698415
89632000,-0.23542099,-0.39986837,-0.1724973
89636000,-0.13354388,-0.903938,0.05884724
89644000,-0.008225337,-0.061814696,-0.0442151
89652000,-0.17407615,0.57512254,0.57429284
89656000,-0.26302943,0.4446458,0.28191257
89660000,-0.07169956,-0.16620113,-0.23980154
89664000,0.19217941,-0.36196446,-0.167894
89668000,0.21153796,-0.45196232,0.15788971
89672000,-0.30920422,-0.41408992,0.17658123
89676000,-0.93995273,-0.07958814,0.40207016
89680000,-0.6290589,0.040771,0.80926204
89684000,0.27250838,0.17321318,0.5544625
89688000,0.6844183,0.65045613,-0.10760768
89692000,0.2861743,0.802455,-0.40415573
89700000,-0.13750055,-0.45172945,-0.39237127
89708000,0.14308923,0.14572228,-0.26682362
89712000,0.31325614,0.71068984,-0.10074581
89716000,0.13102461,0.7839495,0.20695494
89720000,0.35653505,0.22090197,0.8298302
89724000,0.40277135,-0.514935,0.7878581
89728000,-0.005075738,-0.86579823,0.110743225
89732000,-0.090923026,-0.35481182,-0.22375013
89736000,-0.101389654,0.21367222,-0.23312032
89740000,0.07901634,0.023692086,-0.2972818
89744000,0.36900446,-0.23025528,-0.15153623
89748000,0.20932761,-0.16038743,0.22240262
89756000,0.5429094,0.36397362,0.20981878
89760000,0.4679146,0.27975652,0.19413619
89764000,-0.07972604,0.32223654,0.04643169
89772000,-0.03189315,0.26137772,-0.4728284
89776000,-0.54733086,0.057150804,-0.35094768
89780000,-0.728228,-0.16970831,0.08737328
89784000,-0.3248671,-0.38063005,0.38535008
89788000,0.073010676,-0.3409694,0.09984428
89792000,0.30527842,-0.12715606,-0.32810137
89796000,0.2651443,0.1858989,-0.33494335
89800000,0.05906795,0.27399296,-0.013319895
89808000,-0.18044478,-0.08338359,0.6469261
89812000,-0.46567327,-0.016587973,0.7381977
89816000,-0.57873183,0.15764928,0.33238903
89820000,-0.26778877,0.5230533,0.034350254
89824000,0.13971803,0.5090664,-0.014806701
89828000,0.5187319,0.18675521,0.08170257
89832000,0.6385505,0.18593004,0.20297512
89840000,-0.5964315,-0.022250459,0.17190309
89844000,-0.5385443,-0.708099,-0.07950836
89848000,0.043832198,-0.736777,-0.52923965
89852000,0.32874915,-0.26322487,-0.51375556
89856000,0.39721525,0.17713675,-0.41779166
89860000,0.5559654,0.49782252,-0.46238402
89864000,0.48056132,0.629907,-0.16346082
89868000,0.28648767,0.39924818,0.3372204
89872000,0.006110907,-0.12965813,0.5911569
89876000,-0.32108882,-0.25792566,0.30754262
89884000,-0.5264925,0.5610082,0.06803123
89888000,-0.3321144,0.36514246,0.17985007
89892000,0.2700442,-0.08557947,0.04813607
89896000,0.8181968,-0.5109248,0.09512706
89900000,0.5377459,-0.46061245,0.29912424
89904000,-0.033081725,-0.003284805,-0.011749327
89908000,-0.16909267,0.2816996,-0.45794997
89912000,-0.39525172,0.19580187,-0.2707261
89916000,-0.47553465,0.020139161,0.1712343
89920000,-0.24639393,0.13224092,0.3749149
89924000,-0.35464665,0.57882506,0.5721073
89928000,-0.30650622,0.38090354,0.6905258
89932000,0.18698847,-0.3062371,0.17971012
89936000,0.80347127,-0.268103,-0.5266672
89940000,0.9947787,0.37072983,-0.7313821
89944000,0.48404846,0.40813106,-0.31110236
89948000,0.026456488,-0.2270063,0.1994337
89952000,-0.08734385,-0.26064456,0.31230366
89956000,-0.41587698,0.22964425,0.11705167
89964000,-0.47516233,-0.13462906,0.042197138
89972000,0.28260487,0.29844147,0.13802314
89976000,0.16816035,0.52628255,0.0731387
89980000,0.1416461,0.2355509,0.21597685
89984000,0.39346933,-0.058162145,0.5124077
89988000,0.23005377,-0.030358225,0.7645535
89992000,-0.17411524,-0.4228611,0.5394658
90000000,-0.012343098,0.21054024,-0.56126404
90008000,0.046454728,0.5149917,-0.5438981
90012000,-0.6864259,-0.12615576,-0.19913352
90016000,-0.8493614,-0.17394428,-0.17597763
90020000,-0.29506004,-0.2151682,-0.34558374
90024000,0.43439484,-0.14108078,-0.11916945
90028000,0.83453226,0.17139715,-0.014809571
90032000,0.71894145,0.19943014,-0.040657517
90036000,0.19417825,0.000513345,0.17945123
90040000,-0.3511658,-0.27396983,0.4205368
90044000,-0.18625234,-0.5328064,0.6453739
90048000,0.3036763,-0.61549526,0.6627232
90052000,-0.19554737,-0.32332742,0.47524402
90056000,-0.6775254,0.1008943,0.1868437
90060000,-0.057876498,0.49247396,-0.43356213
90064000,0.45278913,0.8430073,-0.5575747
90068000,0.16995542,0.9005424,0.14208132
90076000,-0.3731054,0.45378685,0.2597916
90080000,0.09327172,-0.020171314,-0.4113757
90084000,0.23727164,-0.33580512,-0.443516
90092000,0.35800266,-0.17116398,0.19357085
90096000,0.29459178,-0.21883819,-0.40898472
90100000,0.10655883,-0.27901348,-0.48253936
90104000,-0.45607996,0.09651302,0.0767152
90112000,-0.57896566,0.27966866,0.49719113
90116000,-0.057775587,0.25810722,0.507041
90120000,0.4012122,0.08820985,-0.26970416
90124000,0.33732566,-0.2565952,-0.6921951
90128000,-0.09292844,0.006729171,0.13924664
90132000,-0.24821106,0.43474543,0.50509137
90136000,-0.41420943,0.2945555,0.11114513
90140000,-0.47222263,-0.01786714,0.13114858
90144000,-0.3578242,-0.17526884,0.22013694
90148000,-0.18935585,-0.22398263,0.075993314
90152000,0.103349075,-0.29179433,0.003412658
90156000,0.19159088,-0.045787968,-0.12848295
90160000,0.3286962,0.5379968,-0.38385624
90164000,0.57148826,0.62014985,-0.29213643
90168000,0.28032044,0.34217966,0.101128705
90172000,-0.1862657,0.20760459,0.10455529
90176000,-0.17772713,0.06100936,-0.14512171
90180000,-0.20070706,-0.025259819,-0.1025631
90188000,-0.46064654,-0.0797398,0.43685997
90192000,-0.23240599,0.0567291,0.099920645
90196000,0.4368198,0.34169933,-0.32593158
90200000,0.80648077,0.082700506,-0.13441586
90204000,0.4797168,-0.36114025,0.39778203
90208000,-0.21235129,-0.43829522,0.7887059
90212000,-0.63687795,-0.09156046,0.72498566
90216000,-0.2076692,0.27870777,0.29339093
90224000,-0.10636599,0.69540644,-0.63149506
90228000,0.08552106,0.09432927,-0.4229674
90232000,0.6192146,-0.33749738,-0.12975073
90236000,0.6955801,-0.2732387,-0.23425972
90240000,0.54762226,-0.15027256,-0.09363493
90248000,-0.15278225,0.1664754,0.59268194
90252000,-0.20936398,0.39132318,0.8539128
90256000,-0.46740004,0.35296136,0.6599914
90260000,-0.8930523,0.08160144,0.04021792
90264000,-0.5132104,-0.064864896,0.013577879
90268000,-0.090090975,-0.088987514,0.19158041
90272000,-0.340263,-0.25627148,-0.35397643
90276000,-0.07189685,-0.23495963,-0.9417644
90284000,0.12067537,0.06650798,-0.26189306
90288000,0.087871954,0.24883083,-0.04934096
90292000,-0.053637,0.35908058,0.27226418
90296000,-0.007968769,0.20899172,0.5619682
90300000,0.44705713,0.031219214,0.36365217
90304000,0.4327818,-0.111281104,0.17314976
90308000,0.22260578,-0.56050336,0.27043983
90312000,0.108485945,-0.7520106,0.3202359
90316000,-0.24149564,-0.4545372,0.16536531
90320000,-0.3651489,-0.18130648,-0.059188202
90328000,-0.636291,0.45029867,-0.1726955
90332000,-0.64562416,0.80478114,-0.49140063
90336000,-0.038695186,0.60611045,-0.38959515
90344000,0.4755754,-0.12153821,0.20468396
90348000,0.15133171,0.08145958,0.43730566
90352000,-0.2583151,0.08573366,0.4247269
90356000,-0.031088546,0.19968307,-0.043555573
90360000,0.26575398,0.4493411,-0.36722723
90364000,-0.09243816,0.057777494,-0.048944876
90372000,-0.021741986,-0.35537803,0.63220334
90376000,0.17572942,0.26809737,0.3358943
90380000,0.25518715,0.30059236,-0.15622665
90384000,0.28540668,0.24947432,0.043624938
90388000,-0.029243782,0.2817665,0.44806132
90396000,-0.4808184,0.046138335,-0.28839704
90400000,-0.22055611,0.19133088,0.069055155
90404000,-0.008996382,0.124793366,0.32880023
90408000,-0.13402691,0.02948445,0.30033112
90412000,-0.1850172,0.37212613,0.17661709
90416000,-0.11766127,0.4440844,-0.007415824
90420000,-0.120153144,0.13478579,-0.20962268
90424000,0.07293208,0.057437316,-0.48918253
90428000,0.060148194,0.009601779,-0.21126343
90432000,0.14132205,-0.241418,0.09944503
90440000,0.66116333,-0.36933744,0.42973334
90444000,-0.20453924,-0.017966025,0.02689892
90448000,-0.527725,0.09034309,-0.35524076
90452000,-0.1776571,0.23387802,-0.115817666
90456000,0.24409562,0.36095053,0.053031255
90460000,0.3770256,0.086146995,-0.14727262
90464000,0.16522273,-0.040167812,-0.15249021
90468000,-0.22315982,0.21394955,0.35482723
90472000,-0.4426234,0.4253992,0.30861115
90476000,-0.034356683,0.3772441,-0.30196825
90480000,0.24456365,0.3682447,-0.1770789
90484000,-0.20543186,0.2960228,0.16695613
90492000,-0.6089432,0.020472314,0.13107546
90496000,-0.82356113,0.1346871,0.4872831
90500000,-0.70731586,-0.06620577,0.39216053
90504000,0.09118295,0.019418657,0.30778208
90508000,0.39459172,0.011025645,0.55535865
90512000,0.21103786,-0.24612878,0.21139136
90516000,0.26771733,0.025953926,-0.52294254
90520000,0.1429174,0.5844318,-0.8126091
90524000,-0.1731485,0.7150569,-0.5686191
90532000,-0.22351086,-0.23783466,0.22492224
90536000,0.2716921,-0.46982774,0.16510603
90540000,0.82967246,-0.010008082,0.13872798
90544000,0.20624685,0.28370726,0.027786534
90548000,-0.6190666,-0.009505257,0.004536275
90552000,-0.2859503,-0.26041156,0.34161758
90556000,0.11214761,0.037352152,0.51126164
90564000,0.36429977,0.37876558,0.34003368
90572000,-0.6893924,-0.5494013,-0.19490461
90576000,-0.19939297,-0.12788714,-0.23404896
90580000,0.53869027,0.36169374,0.51552355
90588000,0.017546386,0.43657523,0.033780158
90596000,-0.76404786,-0.374363,-0.28149125
90600000,-0.22065225,0.021988273,-0.014888905
90604000,-0.061686732,0.23212716,-0.24278206
90612000,-0.15208586,0.054580227,0.13412717
90616000,-0.006947841,0.27093074,0.04945363
90624000,0.41561025,0.77837527,0.7254764
90628000,0.19111922,-0.2352866,0.30626526
90632000,-0.27845895,-0.7904399,-0.17050782
90636000,-0.54782224,-0.5248809,-0.63315153
90640000,-0.22823553,-0.26407772,-0.30025402
90648000,0.21768022,0.27000666,0.001210958
90652000,0.15970784,0.36641786,-0.51093894
90656000,0.21523932,0.33696076,-0.4482901
90660000,0.15903465,0.12165658,-0.20545782
90664000,-0.07078095,-0.18992022,0.3252125
90668000,-0.3163917,0.051612288,0.81009305
90676000,-0.22452426,0.14371642,0.18953133
90680000,-0.12562166,0.35920596,-0.34108627
90684000,-0.14832549,0.54639834,-0.33407515
90692000,0.48324287,-0.049899034,0.06359073
90696000,0.29111695,-0.40923142,-0.29487294
90700000,-0.41081002,-0.1476533,-0.2616358
90704000,-0.6360902,0.35413808,0.31566024
90708000,-0.2987919,0.25798175,0.6563712
90712000,0.20417657,0.13600652,0.44304034
90720000,0.11260591,0.3355791,-0.3611812
90724000,0.04084536,-0.10281576,-0.2174777
90732000,-0.30385125,-0.20331374,0.363887
90740000,-0.31553945,-0.36758292,-0.7237818
90744000,0.28121525,-0.06531963,-0.9673645
90752000,0.40084374,0.1177689,0.21425071
90756000,-0.231446,0.0846896,0.94426256
90760000,-0.6071811,-0.041350678,1.1283334
90764000,-0.23340654,0.09836078,0.4591229
90772000,-0.15331998,0.2926419,-0.34227794
90776000,-0.7671731,0.48158464,-0.009793922
90784000,0.22187303,0.30904812,-0.21133617
90788000,0.60773516,0.026512869,-0.3300967
90792000,0.58748597,-0.19528803,-0.16691127
90796000,0.7132429,-0.24448073,0.36535725
90800000,0.33292428,-0.19118516,0.9314444
90804000,-0.50007904,-0.06848738,0.9345182
90808000,-0.6637886,0.23504676,0.33871955
90812000,-0.28513026,0.3796075,-0.3910705
90816000,-0.062922895,-0.06158848,-0.46973985
90820000,-0.1876635,-0.21175358,-0.19776705
90824000,-0.10866542,0.23556939,0.015481778
90828000,0.23690416,0.26344112,0.15261745
90832000,0.2693462,-0.094302855,0.044389475
90840000,-0.62771213,-0.20101385,0.096565306
90844000,-0.37166438,0.11981272,0.2946272
90848000,-0.23308842,0.022015084,0.23381343
90856000,-0.15838349,-0.04061623,-0.30175936
90860000,0.26968992,0.15218101,-0.40917918
90864000,0.70679724,0.031157322,-0.03517376
90868000,0.41058648,-0.24050254,0.09450854
90872000,-0.35171366,-0.42859772,-0.031345762
90876000,-0.76005167,-0.05053109,-0.20210469
90884000,0.13643591,0.41959625,-0.06634876
90888000,0.4390288,-0.1644991,0.4297047
90892000,0.158641,-0.088986136,0.55688405
90896000,-0.4264878,0.37665567,0.66558284
90900000,-0.6253145,0.12624459,0.7140354
90904000,-0.32405114,-0.28784555,0.43237492
90908000,-0.014708333,-0.21981438,-0.1302526
90912000,-0.20900767,0.16868371,-0.18365228
90916000,-0.46442083,0.35025775,-0.13910453
90920000,-0.20178472,0.13827492,-0.49669632
90924000,0.094827175,-0.037581533,-0.6737227
90928000,0.028336871,-0.009538949,-0.54559606
90932000,-0.03476813,-0.01515983,-0.03845246
90936000,0.20171842,-0.09826103,0.42109182
90940000,0.24681121,-0.024062544,0.41536734
90948000,0.1793944,0.8712621,0.41490087
90952000,-0.15977249,0.25603116,-0.014541402
90956000,-0.6408275,-0.36686793,-0.1127427
90964000,0.22839874,0.85837555,-0.08599235
90968000,0.3514973,0.5924659,-0.17379318
90972000,0.055478968,-0.3482193,0.20259523
90976000,-0.006214786,-0.5726685,0.18390664
90980000,0.31619632,-0.4012891,-0.14284405
90988000,-0.565892,-0.04274489,0.2968714
90992000,-1.0623647,0.9110476,0.53746974
90996000,-0.68141514,0.9242619,0.17197081
91000000,0.25497404,-0.114093065,-0.049954895
91004000,0.8741459,-0.6209898,-0.10256562
91008000,0.7269249,-0.24556139,-0.30745488
91012000,-0.15712771,0.07349652,-0.15038063
91016000,-0.85239625,0.21402347,0.06269962
91020000,-0.3726297,0.14152703,0.04220725
91024000,0.5935843,-0.11621924,-0.00085862
91028000,0.8498795,-0.04475762,-0.105302505
91032000,0.0738942,0.10693959,0.007653795
91036000,-1.0260284,0.09300101,0.16341545
91040000,-1.203392,0.07308083,0.3410987
91044000,-0.39923036,-0.35621423,0.5552113
91048000,0.2305696,-0.7692059,0.28275594
91052000,0.5786052,-0.39618254,0.005544324
91056000,0.3340156,0.25105238,-0.18355298
91064000,-0.86506563,0.9455333,-0.58670115
91068000,-0.3175934,0.34877014,-0.021365866
91072000,0.003391966,-0.16906914,0.20126268
91076000,0.37377685,-0.05394587,0.04324779
91080000,0.4657374,-0.2265064,0.042719334
91084000,0.035673544,-0.46495414,-0.013498455
91092000,0.18466412,0.46404833,-0.4697389
91096000,-0.027129397,0.34454578,-0.6670594
91104000,0.13592595,-0.16518325,0.7812566
91108000,0.20404243,-0.3217299,0.9285604
91116000,-1.0169921,-0.94270784,-0.039957985
91124000,-0.06811786,0.54204845,0.487669
91128000,0.08030912,0.7964843,0.21680203
91132000,0.2870434,0.5376924,-0.090104476
91136000,0.46582103,0.4059658,-0.13844731
91140000,-0.14664489,0.16652107,-0.32556325
91144000,-0.23524946,0.005401459,-0.30271426
91148000,0.5401301,0.2610602,0.25102767
91156000,0.047138058,0.45528972,0.25486585
91160000,-0.6150281,-0.22236899,-0.099692285
91164000,-0.6582656,-0.8432828,-0.46664128
91168000,-0.105235815,-0.27674925,-0.67837995
91172000,0.021949783,0.29307657,-0.8614681
91176000,-0.12721677,-0.12533161,-0.7013974
91180000,-0.017719299,-0.449238,0.20246989
91188000,-0.4189382,0.47874272,0.9711409
91192000,-0.4942536,0.41687125,0.23974247
91196000,-0.21615063,0.3498735,-0.4415087
91200000,0.032663524,0.48301074,-0.47984588
91204000,0.2526438,0.28811496,0.025508307
91208000,0.26819667,0.07835704,0.48991424
91216000,0.08984526,-0.2544627,0.47123376
91220000,0.37909657,-0.2565114,0.5093861
91224000,0.450789,-0.05278148,0.33954832
91228000,0.08282341,0.119582534,-0.08902705
91236000,0.027298056,-0.13168538,-0.68989986
91240000,0.22751787,-0.15714753,-0.2847937
91244000,-0.003268868,0.11265172,0.08464598
91248000,-0.29767546,-0.092176,-0.06689528
91252000,-0.29032797,-0.4346644,-0.07401856
91256000,-0.5804186,-0.2406683,0.17435127
91264000,-0.76304865,0.37287655,0.17430584
91268000,-0.15262468,0.31807762,0.17028712
91272000,0.21841082,0.21563481,-0.1361168
91276000,0.23400106,-0.13105536,-0.42146364
91280000,-0.034761183,-0.6012061,-0.18725663
91284000,-0.3813953,-0.40060037,0.218249
91288000,-0.344319,-0.05773996,0.3086681
91292000,0.16167821,0.30570734,0.021461584
91296000,0.39736876,0.41403756,-0.062140126
91300000,0.33909884,0.14224398,0.14893058
91304000,0.35771027,0.03187436,0.023893185
91308000,0.33655462,-0.08659239,-0.19906126
91312000,-0.15280215,-0.11630615,-0.141175
91316000,-0.49176702,0.04876855,-0.04798539
91320000,-0.3522071,-0.004539536,-0.062163986
91324000,-0.26082733,-0.27588576,0.07631129
91332000,-0.14706007,-0.09802692,-0.37964636
91336000,-0.75502557,-0.07755819,-0.7920283
91344000,-0.42288214,0.21232915,0.605537
91348000,-0.08268103,0.05531586,0.7723665
91352000,0.3032704,-0.22216001,0.31155825
91356000,0.6103565,-0.117024854,-0.10641307
91360000,0.47075582,0.256253,-0.120419815
91368000,0.23074567,-0.057115756,0.012089536
91372000,-0.19039083,-0.52890754,0.26534638
91376000,-0.6030612,-0.04480949,0.4419229
91380000,-0.64107805,0.47803944,0.00621371
91384000,-0.45810497,0.28435582,-0.41350782
91388000,0.08261031,-0.01319604,-0.043948114
91392000,0.5150298,0.06478758,0.20026068
91396000,0.54266304,0.26220572,-0.024080291
91400000,0.55698305,-0.08355513,0.018494211
91404000,0.30344722,-0.3326677,0.041200865
91408000,-0.16416585,-0.19510588,-0.1714274
91412000,-0.43316802,-0.067218505,-0.14462288
91416000,-0.6063133,-0.033486158,-0.12041318
91420000,-0.6477127,-0.16529813,-0.3497175
91424000,-0.38738137,-0.31470585,-0.45273915
91428000,0.065421656,-0.21384507,-0.46348232
91436000,0.16209304,0.38241434,0.18984203
91440000,0.11914994,0.30382755,0.6432308
91448000,-0.25214738,0.44174272,0.7212274
91452000,-0.26198798,0.019728854,0.46184522
91456000,-0.29191136,-0.1320875,-0.20822392
91460000,-0.4210196,-0.2764132,-0.3823497
91464000,-0.5200249,-0.6229872,0.022239894
91468000,-0.44647038,-0.4668911,0.08157147
91472000,0.076334536,-0.21800989,-0.036273345
91476000,0.7617183,-0.3530942,-0.24249041
91480000,0.9726005,-0.28977174,-0.24773183
91484000,0.48234218,0.29778114,0.004716858
91488000,-0.4404095,0.8630529,-0.06808213
91492000,-0.90571773,0.66563344,-0.09401277
91496000,-0.45931405,-0.05693309,0.049690474
91500000,-0.15372019,-0.5896293,0.010855794
91504000,-0.22713454,-0.5410551,-0.003045835
91508000,0.19460787,0.1513873,0.122301914
91512000,0.5615993,0.48380503,-0.08254462
91516000,0.23744726,-0.2011356,-0.53735375
91520000,-0.19888881,-0.53608495,-0.3696815
91524000,-0.5012806,0.085838705,0.09567082
91528000,-0.5436313,0.30830818,0.27065998
91532000,-0.22134629,-0.029439539,0.29522455
91536000,-0.05575347,-0.10240959,0.10995411
91540000,0.035739742,-0.14010957,-0.17785618
91544000,0.38328147,-0.44207186,-0.15669134
91548000,0.39697087,-0.4312239,0.18159285
91552000,-0.21124598,0.29398328,0.3869704
91556000,-0.5701965,0.5434077,0.34669775
91560000,-0.61551416,-0.21487898,0.27228886
91564000,-0.696281,-0.3276139,-0.051220313
91572000,0.032355614,0.29155603,-0.34397438
91576000,0.07372905,-0.016841069,0.29576492
91580000,0.29613754,-0.15879804,0.40262723
91588000,0.41142452,0.13369405,-0.4448139
91592000,0.26095533,-0.4421941,-0.99252045
91596000,-0.08309108,-0.537156,-0.7933321
91600000,-0.15236811,-0.250875,-0.04872802
91604000,0.103025034,0.04330149,0.44161326
91608000,0.13620745,0.5470407,0.5622909
91612000,-0.216883,0.79522884,0.27996436
91616000,-0.5751381,0.3769315,-0.34792876
91620000,-0.64688784,-0.17725384,-0.7014606
91628000,-0.47718146,-0.51946914,-0.018648833
91632000,-0.27726057,-0.7306818,0.38472873
91636000,0.22723587,-0.41633844,0.60391164
91640000,0.9384246,-0.04302232,0.40710372
91644000,0.68004316,-0.002065428,-0.043141767
91648000,-0.04774469,0.2891061,-0.16820526
91652000,-0.21534035,0.51177144,-0.16791491
91656000,-0.4061782,0.28299695,-0.039160214
91660000,-0.5443134,0.067847155,0.11856034
91668000,-0.64031684,-0.0961387,-0.903539
91676000,-0.11225447,-0.36333776,0.576789
91680000,0.6617031,-0.16766901,0.7377735
91684000,1.0434641,-0.14458993,0.29341072
91688000,0.62851703,-0.27642947,0.26868838
91692000,-0.004658327,-0.08709135,0.29424477
91696000,-0.49248117,0.068492614,0.076986246
91704000,-0.4248431,0.34095985,-0.41269642
91708000,-0.23577619,0.42474264,-0.34096253
91716000,-0.64154583,-0.08637534,-0.3810237
91720000,-0.44923162,-0.015175335,-0.028398946
91724000,-0.09492494,0.12535322,0.21476902
91728000,0.15895917,0.024213906,0.01808017
91732000,-0.26946497,-0.727398,-0.03809338
91740000,0.009396434,-0.44975507,0.4677766
91744000,0.6366881,0.26403987,0.34687227
91752000,-0.04016956,0.19118698,-0.34073856
91756000,0.21554685,-0.06072177,-0.38770902
91764000,-0.06508173,-0.42690605,0.2803144
91768000,-0.30310544,-0.81692946,0.18240175
91776000,-0.20390631,0.6942051,0.005915679
91784000,0.17563748,0.048967317,-0.32506508
91788000,0.21209997,0.10680851,-0.51269364
91792000,0.46542707,0.30741492,-0.76857275
91796000,0.66363716,0.3693953,-0.4785961
91800000,0.46399406,0.23803896,-0.000874385
91804000,-0.21091509,-0.11200008,0.3120686
91808000,-0.6731213,-0.5305886,0.24409258
91812000,-0.38766286,-0.84212756,-0.022796571
91820000,0.5867201,-0.027309515,0.39465278
91824000,-0.114022225,0.022101127,0.20413214
91828000,-0.59167254,-0.00280042,0.017945357
91832000,-0.57424045,0.14757812,0.24531889
91836000,-0.5848305,0.07392733,0.28888276
91840000,-0.3240974,-0.017213743,-0.28979164
91848000,0.45771855,-0.5177912,-0.53128475
91852000,0.35505486,-0.65102434,-0.27234858
91856000,0.14682692,-0.2633053,0.006462574
91860000,-0.13884586,0.30327374,0.12948045
91864000,-0.3168743,0.20602222,0.034527622
91868000,-0.62316066,0.050899312,-0.23496255
91876000,0.29734775,0.048204407,0.17415789
91884000,0.29953182,-0.3308184,0.1839137
91888000,0.3987651,-0.34465465,-0.31936944
91892000,-0.082368314,-0.40236282,-0.4634815
91896000,-0.8202486,0.09921937,-0.5886086
91900000,-1.0418601,0.7962909,-0.26819375
91904000,-0.2617907,0.75499225,0.17669788
91908000,0.32976744,0.19887634,0.34536818
91912000,-0.030912995,-0.12864058,0.4535907
91916000,0.01660654,-0.40900367,0.55485123
91920000,0.31214586,-0.79304457,0.32845128
91928000,0.038998183,0.135466,-1.1217121
91932000,-0.31796885,0.375985,-0.83298314
91940000,-0.74659234,-0.18273796,0.24436668
91944000,0.025083274,-0.40079963,0.9427144
91948000,0.70155805,-0.18789263,0.9075614
91956000,0.41435748,0.03621935,-0.1522839
91960000,-0.270957,-0.27011755,-0.4643935
91964000,-0.43319842,-0.4968922,-0.87428397
91968000,-0.66988534,-0.41029447,-0.85520196
91972000,-0.91811264,-0.047218695,-0.08781642
91976000,-0.5706549,0.016097195,0.35867628
91984000,0.82387483,0.29112104,0.25247785
91988000,0.71483684,0.09384841,0.42228633
91992000,0.34472242,-0.2694436,0.059235483
92000000,-0.5524086,-0.6164964,0.19108085
92004000,-0.8736936,-0.51717556,0.20618305
92012000,0.01615214,0.5303282,-0.13859281
92016000,0.15236783,0.41020578,-0.2787093
92020000,0.38110343,0.02377066,-0.50751275
92024000,0.66136026,-0.30453324,-0.12493619
92028000,0.6583666,-0.14041515,0.21733324
92032000,0.23839131,0.16205807,-0.025267437
92036000,-0.29299727,0.05589517,-0.10919946
92040000,-0.48678324,-0.21319534,0.121389136
92044000,-0.3554955,-0.018697225,0.04683572
92052000,-0.018670797,-0.25851288,-0.07377832
92056000,-0.001989037,-0.40789175,-0.04864648
92060000,0.21811508,-0.28416616,-0.21509692
92068000,-0.10960862,0.16160986,-0.6233988
92072000,-0.5071765,0.55907804,-0.39975506
92076000,-0.404154,0.059334546,-0.18042266
92080000,0.2923476,-0.46291676,0.20748502
92088000,0.3701078,0.60771155,0.54591405
92096000,-0.34473807,-0.5836247,-0.43367514
92100000,-0.2540339,-0.62301,-0.6818155
92108000,0.021253891,-0.35060045,0.19288483
92112000,0.070169315,-0.3680687,0.013272688
92116000,-0.22923702,-0.12781876,-0.1668112
92120000,-0.105432436,-0.08633455,-0.45594501
92124000,0.20458528,-0.14009956,-0.35025054
92128000,0.07694168,-0.048250455,0.042034835
92136000,-0.41924176,0.3749228,-0.20771699
92140000,-0.036553055,-0.013322026,-0.09427883
92144000,-0.036468744,-0.4474752,0.33029622
92148000,-0.21799125,-0.6577754,0.39579535
92152000,0.032695122,-0.60619926,0.17852297
92160000,0.49147633,-0.21266475,-0.13831437
92164000,0.13022995,0.045352824,-0.0846406
92168000,-0.17357738,0.16683905,0.116969906
92172000,0.057989582,0.2503367,0.15727672
92176000,0.35065356,0.5555791,-0.042928323
92180000,-0.038320795,0.5311826,-0.5074046
92184000,-0.27615425,0.11163278,-0.71580595
92192000,-0.27079636,-0.124172375,0.102494135
92196000,-0.5025808,-0.5741806,0.11226691
92200000,0.018714905,-0.3590246,0.1228825
92208000,0.16314973,0.003207453,0.066883214
92212000,-0.38403225,-0.5396579,-0.10929119
92216000,-0.6717339,-0.7924029,-0.046001498
92220000,-0.13085708,-0.5753615,0.011649628
92224000,0.37196922,-0.009743258,-0.10751013
92228000,0.27841493,0.5046885,-0.2342638
92232000,-0.20625918,0.5712936,-0.13247678
92240000,0.036536723,-0.05504831,0.07110496
92244000,0.4931798,-0.28048033,-0.13970426
92248000,0.5334804,-0.5162011,-0.198746
92252000,0.05939643,-0.48506007,-0.019627102
92256000,-0.44494227,-0.37987706,-0.11266291
92260000,-0.36361688,-0.18377694,-0.48211613
92264000,-0.04729985,0.105032384,-0.48558342
92272000,0.35520056,-0.41193277,0.45240176
92276000,0.27418572,0.15313812,1.0462025
92280000,-0.3607778,0.8677279,0.8859929
92284000,-0.66518307,0.6657189,0.1004961
92288000,-0.36071274,-0.17482844,-0.86220443
92292000,0.0364876,-0.7994359,-1.1369243
92296000,0.41107613,-0.7138045,-0.631263
92300000,0.4342655,-0.2687514,-0.15528001
92304000,0.086631596,0.09124546,0.20125869
92308000,-0.30601025,0.22743848,0.52187526
92316000,0.30644086,0.3777903,0.09230249
92320000,0.2620557,0.28548604,0.021437384
92328000,-0.13582987,-0.10148825,-0.32484978
92332000,-0.24800333,-0.16815545,-0.3287038
92340000,0.061691854,-1.4705651,-0.028933663
92344000,0.04942835,-0.9058999,-0.014282927
92352000,-0.09305392,1.0129577,-0.15168984
92360000,-0.18283251,-0.5569127,0.22706363
92364000,0.20173404,-0.3708289,-0.19834763
92372000,0.42055452,-0.8093999,0.37677416
92376000,0.054241035,-0.36541107,0.19428109
92380000,-0.030151624,0.27328157,-0.102763906
92384000,0.08506839,0.4629599,0.014181197
92388000,0.08484344,0.42355534,-0.05331576
92392000,-0.30519515,0.38559243,-0.4514805
92396000,-0.5449246,0.17713189,-0.43042678
92400000,0.08037177,-0.110213526,0.057740882
92404000,0.5525855,-0.3305803,0.2517447
92412000,-0.49033055,0.019282699,0.053707432
92416000,-0.6197977,0.054878253,-0.09886566
92420000,-0.4635221,-0.034236144,-0.3884551
92424000,0.28581268,0.06088517,-0.17961651
92428000,0.8738954,-0.034064002,0.08486138
92436000,0.37450716,-0.45192003,-0.4991428
92440000,-0.1219559,-0.09584923,-0.029113099
92444000,-0.34631082,0.020714676,0.07671592
92448000,-0.23636538,-0.13888344,-0.09026609
92452000,-0.07074563,0.067395836,-0.22939429
92456000,0.2683573,0.07818684,-0.40865523
92460000,0.43895853,-0.060725763,-0.2929755
92468000,0.39238593,0.66008544,0.6350474
92476000,0.23339878,0.14381135,0.000334263
92480000,-0.32217738,-0.15816563,-0.52361494
92488000,-0.26832962,-1.0462477,-0.17037204
92496000,-0.30276817,-0.2520938,0.2088521
92504000,-0.20288244,0.42600673,0.03664261
92508000,0.12597768,0.41560847,-0.052260414
92512000,0.37838593,0.63817704,0.12512204
92520000,-0.26255533,-0.06653379,-0.33064008
92524000,-0.33907947,-0.13779414,-0.3048879
92532000,-0.37303168,-0.5355505,-0.28550503
92540000,0.4188519,0.03830471,-0.001136528
92544000,0.40964657,0.116987295,0.003611291
92548000,0.011662692,-0.02621663,0.17023039
92552000,0.12761883,-0.16108441,0.15576434
92556000,0.8291044,-0.09408355,-0.10709779
92560000,1.0390782,-0.43687752,-0.35338593
92568000,-0.6610368,-0.243811,-0.39972574
92572000,-0.63266003,0.23175296,-0.29923582
92576000,-0.49971306,-0.10989782,-0.3588382
92580000,-0.24290924,-0.40109718,0.20236498
92584000,0.15300259,-0.037382163,0.40042198
92588000,-0.13172184,0.56982976,-0.0696419
92592000,-0.34085026,0.69804597,-0.24396694
92596000,0.09305808,0.28691804,-0.13009427
92600000,0.33930856,-0.4035799,0.15934253
92604000,0.1936369,-0.9256388,0.052729025
92608000,0.10571573,-0.83421075,-0.5286838
92612000,0.3052772,-0.25703618,-0.5485949
92616000,0.68771166,0.12653983,-0.003082886
92620000,0.665325,0.038967863,0.014290094
92624000,0.14923921,-0.12073381,-0.17016557
92628000,-0.10334557,-0.26933444,0.06612864
92632000,0.0981361,-0.13253778,0.054505035
92640000,-0.4197544,0.030471042,0.0427525
92644000,-0.30322352,-0.005788963,0.5463548
92648000,0.018156461,-0.10026859,0.85945004
92652000,-0.11903229,-0.065825075,0.65676737
92656000,-0.17162457,0.08488113,0.22912559
92660000,0.124109775,0.046752483,-0.20264927
92664000,0.23901367,-0.134245,-0.4087011
92668000,0.07662667,-0.2890733,-0.4580699
92676000,-0.00687686,0.4800442,-0.04032688
92680000,-0.2428323,0.2568496,0.21576568
92684000,-0.25955212,-0.44665846,0.17064606
92692000,0.18704602,-0.13208714,-0.012873558
92696000,0.47879812,0.41224793,0.12437988
92700000,0.5896708,0.413148,-0.052394547
92704000,0.4983133,0.155383,-0.38253626
92708000,0.20462206,-0.22809996,-0.36271173
92712000,0.05115868,-0.4963395,-0.08868213
92716000,0.17282248,-0.23239806,-0.10217972
92720000,0.20037863,0.05772154,-0.3110592
92724000,0.21902592,-0.11257653,-0.17645344
92728000,0.04380309,-0.44441476,-0.028753264
92732000,-0.04095746,-0.2467471,0.22148603
92736000,0.08092571,0.088222444,0.45044288
92740000,0.027946994,0.12203944,0.013046905
92744000,-0.051959112,-0.044312082,-0.18934153
92752000,-0.08029266,0.080531836,0.029762298
92756000,-0.13611431,0.22801933,-0.28791416
92760000,-0.35987747,-0.45679575,0.09374106
92768000,-0.12450595,-0.36120087,-0.49888402
92772000,-0.06124397,-0.045107964,-0.46990716
92780000,0.40297967,0.6972597,0.21749696
92784000,0.2630427,0.44840053,0.034475118
92788000,0.18111524,0.38934767,-0.4200319
92796000,0.7464351,-0.59969944,-0.5975704
92800000,0.2459921,-0.72816354,-0.37878874
92804000,-0.36311787,-0.4551583,0.14637092
92812000,0.3782692,0.1290505,-0.13160518
92820000,-0.3538314,0.26827082,-0.13720906
92824000,-0.5924134,-0.20497453,0.31653473
92828000,-0.06301968,-0.2421535,-0.020408496
92832000,0.27038625,-0.024213303,0.029521793
92836000,-0.06609653,0.09464988,0.7063918
92840000,-0.07755863,0.010094103,0.82762957
92844000,0.26587117,-0.26651514,0.4113229
92848000,0.07453943,-0.24962479,0.12338941
92852000,-0.1815006,-0.076421574,-0.03922639
92856000,-0.025741123,0.053588808,-0.35454562
92860000,0.3938866,0.31212744,-0.7036104
92864000,0.75381064,0.4652691,-0.8944952
92868000,0.57321817,0.1514979,-0.7987134
92872000,0.20354818,-0.7383057,-0.048058093
92876000,0.06760276,-1.0481905,0.46209258
92880000,-0.20093101,-0.066120595,0.10558163
92884000,-0.44750172,0.66874546,-0.16750742
92888000,-0.33144754,0.54068416,-0.046077684
92892000,-0.06548581,0.46725595,0.1455798
92896000,0.1655217,0.580158,0.3016379
92904000,0.15656947,-0.38186017,0.30308923
92908000,-0.0535468,-0.5469692,0.22413692
92916000,0.2297658,-0.15200433,-0.25812972
92920000,0.40279016,0.17700633,-0.025007956
92924000,0.113829,0.1611192,-0.2417558
92928000,0.006638544,-0.44546807,-0.4812562
92932000,-0.11436782,-0.59785724,-0.25793076
92940000,0.49823937,-0.19019109,0.18461257
92944000,1.0063946,-0.23123418,-0.24201
92948000,0.3350167,-0.18645737,-0.40603152
92952000,-0.46826473,-0.06143305,-0.16228706
92956000,-0.23446459,0.15821175,0.3949727
92960000,0.009085044,0.45351452,0.3775273
92964000,0.02348166,0.5231932,-0.14148532
92968000,0.14345217,0.4577387,-0.26168358
92972000,0.108006485,0.14752501,-0.22445303
92976000,0.057337984,-0.3473339,0.058800437
92980000,0.13746628,-0.6765625,0.30989972
92984000,-0.0250175,-0.6493215,0.005385131
92992000,-0.29452243,0.38770264,-0.18854086
92996000,-0.21933985,0.31585425,-0.18823296
93000000,0.049477138,0.29325968,-0.22318992
93008000,0.3680551,-0.36949494,-0.049749523
93012000,0.10919815,-0.556757,0.19133961
93016000,0.044023674,-0.28317106,0.63636094
93020000,-0.0147219,-0.28031915,0.25817525
93024000,0.33923486,-0.5200222,-0.23220715
93028000,0.7386783,-0.12139903,-0.06813226
93036000,-0.49122068,0.2796748,0.19004378
93040000,-0.6088133,-0.13217445,-0.07004061
93044000,-0.11852601,-0.4376509,-0.4147143
93052000,0.48878613,-0.22152044,-0.24420711
93056000,0.06513612,-0.026914578,-0.048659943
93060000,-0.08210416,-0.11643063,0.37221673
93064000,-0.1157827,0.029552935,0.53727216
93072000,-0.025067165,0.6563984,-0.22962601
93076000,0.51805025,0.5635121,-0.42650807
93080000,0.1289379,0.11800279,-0.336753
93084000,-0.51230097,-0.15710157,-0.027929224
93088000,-0.10154101,-0.059167646,0.432315
93096000,0.66927654,-0.1208977,0.054449186
93100000,-0.010194823,0.0803695,-0.4451175
93104000,-0.54651505,0.17470846,-0.45162714
93108000,-0.14294142,0.03253612,0.23756239
93112000,0.45668954,-0.14919549,0.30099246
93116000,0.33774972,-0.25307104,-0.38573533
93120000,0.12913507,-0.16398427,-0.65017265
93124000,0.17241105,0.045152366,-0.54013395
93128000,0.22143981,-0.1421287,-0.5546067
93132000,0.19132634,-0.4769401,-0.31773293
93136000,0.003430687,-0.5290889,0.33222225
93140000,0.067157365,-0.21507351,0.6657089
93144000,0.30659705,0.14505708,0.28098735
93148000,0.11027873,0.2322331,-0.3361291
93152000,-0.43589425,0.27976832,-0.65085816
93160000,-0.36695918,-0.2794572,0.13955335
93164000,0.012468345,-0.12594204,0.57052034
93172000,0.40985566,-0.31412083,-0.08362393
93176000,0.059508055,-0.3344789,0.25168097
93180000,0.02357418,0.21399623,0.18913177
93188000,0.33929345,0.59859717,0.71644723
93192000,0.37411773,0.13620935,0.78994393
93196000,0.36148745,-0.40331787,0.19598801
93200000,0.24458814,-0.43296564,-0.6287154
93208000,0.08859708,0.21549672,-0.55334467
93216000,-0.3512038,-0.30760247,0.1232896
93220000,-0.77967215,-0.6196833,-0.3115625
93224000,-0.61822224,-0.29466653,-0.75662315
93228000,-0.24352974,0.06979229,-0.37458575
93236000,0.77676433,0.33047655,0.5127927
93240000,0.73090076,0.08619234,0.47486648
93244000,0.2842727,-0.18065156,0.07994105
93248000,-0.09871027,-0.23247999,-0.11269228
93252000,-0.2865574,-0.31555068,0.10894341
93256000,-0.28709087,-0.2550316,-0.050887503
93260000,-0.17147428,0.042961076,-0.50050414
93264000,0.23771238,0.11918147,-0.44545993
93268000,0.6014684,-0.13837022,-0.13993345
93272000,0.54485756,-0.067198135,-0.013676731
93276000,0.46548778,0.5629896,0.36563835
93280000,0.53355974,0.7534774,0.71873903
93284000,0.34301734,0.04852937,0.15131672
93292000,-0.071541995,-0.38406307,-0.55046225
93296000,0.2148878,0.12615407,-0.017634138
93300000,0.1626944,0.33893088,0.14424163
93308000,-0.3227589,-0.25028232,0.000739872
93312000,-0.24040064,-0.4815203,-0.015448082
93316000,-0.14827949,-0.123639524,0.19681498
93320000,-0.14979072,0.11221722,0.3100437
93324000,0.040703643,0.094393134,0.080114
93328000,0.45261076,-0.045564853,-0.17985442
93332000,0.37418312,-0.21122393,-0.16399887
93336000,-0.13064075,-0.22442082,0.03779101
93340000,-0.10441691,-0.12151544,0.27015594
93344000,0.5362069,0.0708171,0.30418223
93348000,1.0623126,0.4682437,0.13117741
93352000,0.59346974,0.89563423,-0.45006424
93356000,-0.41625774,0.46160406,-0.78829575
93360000,-0.61190784,-0.5213214,-0.15891142
93364000,-0.3191176,-1.0118513,0.39593798
93372000,0.17439839,0.42956224,-0.20632559
93376000,0.3519232,0.6950441,-0.22896782
93384000,0.53952634,-0.1305988,0.38155276
93392000,-0.13937001,-0.38194585,-0.40842223
93396000,-0.28838018,0.33437267,-0.5424394
93400000,-0.6315071,0.6191991,-0.261785
93404000,-0.6066868,0.040070623,0.025887035
93408000,-0.20892894,-0.48905462,0.22724715
93412000,-0.24920978,-0.5969754,0.34866816
93420000,0.4327127,0.08688416,0.3781898
93424000,0.46592695,-0.055131022,-0.19716415
93428000,0.5165606,-0.33027896,-0.7316668
93432000,0.29446915,0.005026817,-0.9515881
93436000,0.10530968,0.393616,-0.5182973
93440000,0.13861495,0.20036627,-0.003923595
93444000,-0.18864563,0.2491133,0.09042602
93448000,-0.59753215,0.36888552,0.116582386
93456000,0.39699757,0.24912712,0.9913349
93460000,0.45840108,-0.19513425,0.972512
93464000,-0.06410855,-0.49493483,0.5054306
93468000,-0.101515144,-0.21298835,-0.15023544
93476000,0.5712605,-0.051486284,-0.62780994
93484000,0.016445853,0.4424689,0.18415493
93488000,-0.34953567,0.13012257,0.3242689
93492000,-0.6374575,-0.46997115,0.28337765
93496000,-0.7157597,-0.36163735,0.28284457
93504000,0.3782538,-0.057357367,-0.9614272
93508000,0.698506,0.17378889,-0.66225564
93512000,0.7694603,0.43024847,-0.23735413
93516000,0.5816423,0.25028157,-0.095588356
93520000,0.13628747,-0.2709436,0.19829175
93528000,0.408538,0.19962728,0.6319486
93536000,0.1360154,0.17305258,-0.5605866
93540000,0.042245008,-0.17496428,-0.24482577
93544000,0.12553376,-0.35331538,-0.15356925
93548000,-0.20973104,-0.29538298,-0.39962637
93552000,-0.44233295,-0.3161854,-0.34557053
93556000,-0.11808314,-0.3615096,0.18207479
93560000,0.061793573,-0.1596666,0.5929727
93568000,-0.13027754,0.5367389,-0.018018581
93572000,-0.08257072,0.66518867,-0.034487396
93576000,-0.11265732,0.3463924,0.25097144
93580000,0.08197412,-0.34720936,0.19550095
93584000,0.2064552,-0.55169594,-0.1608123
93588000,0.1062555,-0.45226753,-0.21608885
93592000,-0.15098754,-0.18170565,0.062144957
93596000,-0.3272022,0.2232064,0.124341466
93600000,-0.12213311,0.11696693,-0.2059488
93604000,0.120206535,0.17997245,-0.47071132
93608000,0.075396754,0.5663976,-0.3830583
93616000,0.2675147,0.3410462,-0.39932778
93620000,0.41665548,-0.015731066,-0.08325644
93624000,0.20012386,-0.32129118,0.4769268
93628000,-0.06789765,-0.440091,0.6457128
93632000,-0.41312677,-0.30300415,0.27316278
93640000,-0.30058408,-0.3014623,-0.6523869
93644000,0.088683814,0.19360529,-0.61342824
93652000,0.46012902,-0.5674885,0.07695366
93656000,0.8750404,-0.4930249,0.6578858
93660000,0.9232962,-0.099710025,1.242267
93664000,0.40360337,0.24937545,0.9276142
93672000,-0.4747743,0.32011092,-0.80375314
93680000,-0.15241791,0.22125791,-0.14101198
93684000,-0.103100576,0.20214522,0.68245786
93692000,0.73892283,-0.73109424,-0.49027538
93696000,0.8087474,-0.61470455,-0.93552506
93700000,0.5557691,0.08127324,-0.35510355
93704000,0.30484134,0.5450287,0.3586079
93712000,-0.48979986,-0.1874395,0.2690562
93716000,-0.6199347,-0.5111492,0.13387138
93724000,-0.15244702,0.7154471,-0.2806202
93728000,0.1321979,0.71023047,-0.024854884
93732000,0.3523886,0.1295222,0.057251062
93736000,0.34361067,-0.44387335,-0.15461399
93740000,0.13015676,-0.4630106,-0.004372463
93744000,-0.07103243,-0.06727069,-0.06044724
93748000,0.3475297,0.4739005,-0.4136681
93752000,0.7212453,0.56600916,-0.13177134
93756000,0.38904843,0.015166789,0.50909764
93764000,-0.7463788,-0.5203216,0.1587427
93768000,-0.3879534,-0.38005078,-0.32291344
93772000,0.37514627,-0.11387369,-0.19135907
93776000,0.34986797,0.34778905,0.3033083
93780000,-0.17112957,0.90776545,0.48265427
93784000,0.013637111,0.77881724,0.5183869
93792000,0.46076065,-0.25649223,-0.21430786
93796000,-0.23116475,-0.30568093,-0.60717577
93800000,-0.4076106,-0.20357974,-0.621341
93804000,0.13148384,-0.3239855,-0.10900769
93812000,0.10795246,-0.5278858,0.252928
93816000,0.33037472,-0.10805108,0.20878124
93820000,0.32168293,0.3130178,0.25586274
93828000,-0.20639864,0.11079781,-0.27154422
93832000,-0.26471797,0.15279464,-0.36004537
93836000,-0.2836272,0.26569656,-0.17943351
93840000,-0.5298804,0.08412689,-0.027879499
93844000,-0.54445076,-0.20597243,0.24574149
93848000,-0.042026147,-0.25775033,0.5917899
93852000,0.2841113,-0.075969845,0.6771023
93856000,0.29898348,0.033881497,0.20455386
93860000,0.23622653,0.17041747,-0.5504994
93864000,0.02600038,0.2832754,-0.8504956
93868000,0.034131262,0.20784289,-0.6173452
93872000,0.34451216,0.059914175,-0.060070366
93876000,0.37263465,-0.41163394,0.6035181
93880000,0.06140562,-0.52898103,0.6457499
93888000,0.74310005,0.29631716,-0.018628217
93892000,0.1755187,0.30396912,-0.3661055
93896000,-0.44631848,-0.10706839,-0.4758594
93900000,-0.32506168,-0.28762436,-0.2797075
93908000,-0.087914295,0.35614264,0.07014754
93916000,0.09420417,-0.26141438,0.15041909
93924000,0.55264354,-0.39815652,-0.24431394
93928000,-0.21603833,0.10814603,0.48559284
93936000,-0.124926776,0.5973116,0.021512747
93940000,0.27974418,0.20002006,-0.46077955
93944000,0.35963923,-0.33413935,-0.3548946
93952000,0.1329464,-0.6576002,0.57063216
93960000,-0.0504072,0.5908023,0.5089728
93964000,-0.33172184,0.96827567,-0.4887647
93968000,-0.3058511,0.5859155,-0.8801104
93972000,0.2024944,0.34981242,-0.072050035
93976000,0.80405045,-0.024207443,0.39927936
93984000,0.23896313,-0.683976,-0.07448949
93988000,-0.10185097,0.038889974,-0.122664586
93992000,-0.11283017,0.47130612,-0.06434433
94000000,-0.001739552,-0.20326743,0.29260507
94004000,-0.5502332,-0.28908205,0.24976361
94008000,-0.4662104,-0.07003171,0.028591484
94016000,0.083303176,-0.027587384,0.02492623
94020000,0.019334346,-0.17151906,0.08085496
94024000,0.19359161,-0.13898033,0.28345025
94028000,0.4946484,0.047095217,0.10990006
94032000,0.6687734,0.051392294,-0.40555596
94036000,0.48033333,-0.12691337,-0.75522417
94040000,0.52548224,0.121160634,-0.35525116
94048000,-0.4098781,0.004953355,0.34841412
94052000,-0.9063872,-0.028827101,-0.37566856
94056000,-0.67933846,0.24092653,-0.740311
94060000,-0.13758692,0.6607755,-0.273429
94068000,0.312631,0.5319752,0.16461319
94072000,0.09079147,-0.063343816,0.22277689
94076000,0.4195057,-0.38248962,0.47285366
94080000,0.7075224,-0.40884614,0.15167819
94084000,0.3343676,-0.22736597,-0.18450347
94088000,-0.061718214,-0.2662772,0.022705808
94092000,-0.24730653,-0.4761476,0.21816838
94096000,-0.5606694,-0.21640743,0.17425364
94100000,-0.6678651,0.31027105,-0.2542765
94104000,-0.18480074,0.41306713,-0.72563607
94112000,0.33265746,0.3877702,-0.16870047
94120000,-0.104144715,0.12925714,0.85835874
94124000,0.16864955,0.09737031,0.7111132
94128000,0.63184756,-0.2799129,0.16601585
94136000,0.003796496,-0.5642469,-0.062094584
94144000,-0.23069641,0.69768286,-0.022073869
94148000,-0.498986,0.65001154,-0.070465475
94152000,-0.34379023,-0.25485364,-0.44362962
94156000,0.06126526,-0.63084173,-0.31655496
94160000,0.05926507,-0.15434103,0.4446047
94164000,-0.049889665,-0.09434511,0.71645427
94168000,-0.095686175,-0.3361203,0.22106013
94172000,0.003290934,-0.04211487,0.018932633
94180000,0.3471776,0.93277514,-0.25406942
94184000,0.019166432,0.6953899,-0.5978195
94188000,-0.3157385,0.19748329,-0.43468294
94192000,-0.22243796,-0.12760757,0.08242567
94196000,0.09328886,-0.33590594,0.59500706
94200000,0.111570016,-0.6121404,0.5770366
94204000,0.054471076,-0.60486203,-0.017910436
94208000,0.19832946,-0.32425267,-0.6885975
94212000,0.050146632,0.0310512,-0.41189277
94220000,-0.5513947,0.42796153,0.18607491
94224000,-0.3392644,-0.16406092,0.10808541
94228000,0.000561494,-0.23806731,0.10586652
94232000,0.40402478,-0.0806302,0.3483473
94236000,0.4745169,0.031505965,0.33210438
94240000,0.15846813,0.18634601,0.22120649
94244000,-0.110978924,0.23657896,0.34021837
94248000,0.06336816,0.24991563,0.18504159
94252000,0.43242058,0.22634715,-0.019668233
94256000,0.3016119,-0.12561679,0.018807154
94264000,0.27830222,-0.28021207,-0.6446133
94268000,0.16977604,0.08684989,-0.80607164
94272000,-0.120712996,0.39194313,-0.10786849
94276000,-0.14563197,0.23823811,0.43557122
94280000,-0.17898405,-0.2921666,0.47228652
94284000,-0.41947952,-0.35184228,0.5590008
94288000,-0.26118088,0.033789948,0.35133928
94292000,-0.14540316,0.25262064,0.053517133
94296000,-0.32489735,0.49612164,0.040116966
94300000,-0.16007529,0.7109045,-0.058177315
94304000,0.021416785,0.28838408,-0.048787568
94308000,0.17154011,-0.006407016,0.2751395
94312000,0.5887651,0.012601227,0.22747672
94316000,0.691988,-0.4227482,-0.30040362
94320000,0.31929883,-0.5321319,-0.7807681
94328000,0.37257016,0.124253556,-0.018802583
94336000,-0.21767563,0.27431232,0.7753875
94344000,-0.043310568,-0.15006872,-0.20453477
94348000,-0.039302096,-0.25806993,-0.3110618
94352000,-0.25371736,-0.16791445,0.04584837
94356000,-0.38482726,-0.011396896,-0.1002633
94360000,-0.5031123,0.33842108,-0.37630212
94368000,0.43618637,0.40371695,-0.34265846
94372000,0.73830956,0.4244293,0.3858323
94376000,0.33482096,0.13423353,0.7623022
94380000,-0.15692258,-0.3378414,0.3303306
94384000,-0.31583017,-0.71249026,-0.528943
94388000,-0.36042434,-0.64121425,-0.50449747
94392000,-0.23386768,-0.1259338,0.014529616
94396000,0.13593224,0.4688674,-0.026635796
94400000,0.45928788,0.4469763,0.11499588
94404000,0.48400512,0.2154364,0.20813046
94408000,0.24652664,0.22534886,0.08208256
94412000,0.09532173,0.11702614,0.29866382
94416000,0.03156936,0.28208292,0.3892641
94420000,-0.042291746,0.56319875,0.05928126
94424000,-0.34844196,0.33390552,0.020422433
94428000,-1.098356,-0.15043762,0.42682046
94432000,-1.1765504,-0.32277736,0.43323624
94436000,-0.008860379,0.051996246,0.07207536
94444000,0.8632201,0.03950888,-0.39842665
94448000,0.5395868,-0.14227071,0.10689369
94452000,0.25226215,-0.334297,0.39503092
94456000,-0.1095331,-0.3572214,0.23326874
94460000,-0.5669246,0.004884996,0.072989814
94464000,-0.567946,0.578919,-0.12629417
94468000,-0.017450236,0.7801952,-0.33070543
94472000,0.367051,0.46473336,-0.3070287
94480000,0.43230706,-0.1372644,0.14916694
94484000,0.6849184,-0.016939081,0.50559014
94488000,0.73684514,-0.170205,0.4957641
94492000,0.016831025,-0.16384226,0.23888361
94496000,-0.75574535,0.123022206,-0.11682076
94500000,-0.44420978,0.03132827,-0.68964744
94504000,-0.13900232,-0.3385267,-0.7337646
94508000,-0.61215585,-0.41875994,-0.3049089
94512000,-0.81835085,-0.21760896,-0.038259387
94516000,0.17168787,0.15619163,0.008457477
94524000,1.108397,0.21563071,0.55503404
94528000,-0.14802316,-0.112791166,0.8726102
94536000,-0.75499356,-0.18709666,0.1407193
94540000,-0.5608707,-0.16460823,-0.34448987
94544000,-0.3806512,0.040289566,-0.27313846
94548000,0.2518058,0.18336771,-0.32376635
94552000,0.925306,0.27723658,-0.44660178
94556000,0.66664815,0.25935408,-0.074076414
94560000,-0.022972807,0.11142561,0.27419072
94564000,-0.29541546,0.36230183,0.31691262
94568000,0.062130764,0.54017746,0.09977182
94572000,0.48523635,0.19273153,0.11329052
94576000,0.5247431,-0.021205878,0.35611242
94580000,0.33893424,-0.119954064,0.33091706
94584000,-0.26552773,-0.2033778,0.35955304
94588000,-0.9215399,-0.12914577,0.052666426
94592000,-0.9498559,-0.07308775,-0.11922674
94596000,-0.5936295,-0.14554055,0.1724077
94600000,-0.20265864,-0.23741531,-0.005976707
94604000,0.049970474,-0.030456938,-0.28916284
94608000,0.058286443,0.40940222,-0.16066052
94612000,-0.11093954,0.6239118,0.08327319
94620000,-0.14988679,0.29758772,-0.5238691
94624000,0.12078981,-0.017432228,-0.46994728
94628000,-0.3540881,0.039820418,-0.30208296
94632000,-0.4815671,0.18367325,0.033106655
94636000,0.20715779,-0.29009706,0.2682791
94644000,0.60412914,0.07387003,0.15275119
94648000,0.33590668,0.52120405,0.3347832
94656000,-0.013972089,0.23465504,-0.15338299
94660000,0.46191877,0.077402785,-0.10506829
94664000,0.5588199,-0.31049204,0.16913174
94668000,0.35211056,-0.5996728,0.21111347
94672000,-0.14709541,-0.57972187,0.3267629
94680000,-0.6171843,0.7685759,0.15710318
94684000,0.33672595,1.0390831,-0.12851012
94688000,0.94880176,0.5330343,-0.21886593
94696000,0.14193629,-0.96254766,-0.08105387
94700000,0.021178005,-0.80793947,0.037788518
94704000,-0.03421645,-0.012192249,-0.23013693
94708000,-0.20324683,0.69033396,-0.21812868
94716000,0.20766032,0.4628172,0.7676578
94720000,-0.32832313,0.119750805,0.4827419
94724000,-0.8621997,-0.20510852,0.23627856
94728000,-0.9944712,-0.21023677,0.28493276
94736000,0.527684,-0.57421064,-0.07050769
94740000,0.41870385,-0.5568225,-0.13387823
94744000,0.21190207,-0.36279958,-0.3677269
94748000,0.19527411,0.03266683,-0.8939307
94756000,0.11181594,0.8514966,0.27991682
94760000,0.1581514,0.4927102,0.40500367
94768000,-0.024208874,-0.38376012,0.5223995
94772000,-0.122273296,0.08654562,0.38272634
94776000,-0.10670221,0.46737117,0.046863127
94780000,-0.0853211,0.37757552,0.0355346
94784000,0.007595462,0.264605,0.068853684
94792000,0.2888835,0.16093332,-0.02505259
94800000,-0.33871025,0.07290617,-0.4484417
94804000,-0.8161967,-0.011731446,-0.12726218
94812000,-0.067869306,-0.46473378,-0.24430166
94816000,0.44535658,-0.38782972,-0.001879484
94820000,0.6114214,-0.09379595,0.054446824
94828000,0.06897666,0.41217196,-0.00058715
94832000,-0.08894922,-0.085986525,0.12177534
94836000,-0.31831327,-0.32606095,0.071937636
94840000,-0.391248,-0.40533987,0.02060406
94844000,-0.22079262,-0.122611076,0.40299106
94852000,0.029389046,0.99234927,0.35524195
94856000,0.18080734,0.40297496,-0.27554822
94860000,0.050719745,0.012242712,-0.52238333
94864000,0.13615231,-0.06924063,-0.12985927
94872000,-0.048527524,-0.036067322,-0.008918468
94876000,-0.42433268,0.2777884,0.31006652
94880000,-0.56832904,0.27765507,0.31854296
94884000,-0.53481054,0.016926564,0.28690818
94888000,0.02878499,-0.22801057,0.23227592
94892000,0.6174543,-0.14733487,-0.1895955
94896000,0.6571546,0.13785994,-0.2331163
94900000,0.22731212,0.28718874,0.10553275
94904000,-0.38522184,0.29616648,0.055635735
94908000,-0.6655012,0.2114923,-0.09410035
94912000,-0.42889607,0.16131215,-0.018076077
94916000,0.052029893,-0.1814391,-0.21738723
94924000,-0.4400362,0.19186085,0.5179736
94928000,-0.29622728,0.43632483,0.3703248
94936000,0.76073295,-0.49915493,0.6070733
94940000,0.87848246,-0.63219917,0.38650465
94944000,0.33994338,-0.20245263,-0.354918
94948000,-0.5797811,0.19318897,-0.6213587
94952000,-0.5714632,0.44786632,-0.30392522
94960000,-0.011134701,0.39066994,0.4724366
94964000,0.15223414,0.123822406,0.6219849
94968000,0.14744419,0.15836886,0.19091845
94972000,-0.23039769,0.10084361,0.097760245
94976000,-0.49908102,0.12515451,-0.111777395
94980000,-0.38122123,0.2865682,-0.5420212
94984000,-0.23950161,0.21269721,-0.507102
94988000,-0.00019756,-0.13885908,-0.042521335
94992000,0.06785379,-0.41446918,0.5138824
94996000,0.066425554,-0.3777005,0.4024654
95004000,0.29700327,0.22915608,-0.21027395
95008000,-0.7077198,0.16427141,-0.2301436
95012000,-1.0743626,0.076072805,-0.05500283
95016000,-0.522388,0.09679373,0.36975282
95020000,-0.1214824,0.024773246,0.47485244
95028000,-0.09051886,-0.09458858,-0.24242952
95032000,0.42209777,0.024112154,0.089627296
95036000,0.56108606,0.14141126,0.66202474
95040000,0.4290992,0.041409105,0.5307726
95044000,0.3027274,-0.08198649,0.09662716
95048000,0.17172998,-0.13982622,-0.31579712
95052000,0.073651135,0.120037116,-0.5202881
95056000,-0.20462787,0.3092826,-0.13702671
95060000,-0.5314618,0.09635207,-0.011643684
95064000,-0.34605598,0.2781564,-0.35252836
95068000,0.13201483,0.5644805,-0.34749675
95072000,0.29899326,0.25175288,-0.16560602
95076000,0.29801297,-0.07769686,-0.032133035
95080000,0.19801858,-0.33979288,0.22597466
95088000,0.27543023,-0.23546968,0.35710308
95096000,-0.117300816,0.8747927,0.4502133
95100000,-0.06282358,0.6563284,0.09551396
95104000,0.19592622,-0.06710526,0.10146652
95108000,-0.016847223,-0.5568193,0.291806
95112000,-0.3479157,-0.5396397,0.23316078
95116000,-0.21459037,-0.18759899,-0.001695413
95120000,0.16933754,0.3347202,-0.2782585
95124000,0.44766343,0.6127781,-0.48865828
95128000,0.25315902,0.3516351,-0.41543913
95132000,-0.41260672,-0.12856786,0.026713535
95140000,0.1500484,0.13297817,0.6012686
95144000,0.4016246,0.36862358,0.288347
95148000,0.20590676,0.24837221,-0.12685528
95156000,-0.25295722,-0.23645881,-0.4389263
95160000,-0.003623232,-0.19783176,-0.20387544
95164000,0.260515,-0.20657973,0.04181379
95172000,-0.03950169,0.35154268,0.5321267
95176000,-0.42365506,0.36514735,-0.08981648
95184000,-0.18648349,0.045664683,0.09975404
95192000,0.09389166,0.4159361,0.28036895
95196000,-0.052884348,0.35159367,0.2453269
95200000,-0.37607846,0.16419794,-0.35064167
95204000,-0.25905138,-0.09722637,-0.45670867
95212000,0.3646103,-0.40231675,0.47286576
95216000,-0.45869887,-0.39287236,0.27261135
95220000,-0.77531195,-0.08429465,0.21388486
95224000,-0.0787434,0.5447487,0.12943693
95232000,0.545352,0.14794296,-0.017063424
95236000,0.8028833,0.074972555,0.5840665
95244000,-0.4008854,-0.071266115,0.009734273
95248000,-0.80751693,0.25507647,-0.6207626
95252000,-0.9489069,0.14903271,-0.42908782
95260000,-0.31752968,-0.06588383,0.45012
95264000,0.04996831,0.1837724,0.11545787
95268000,-0.015856713,0.42040247,-0.25462124
95272000,-0.08871746,0.38984293,0.02404055
95276000,-0.08233891,0.17007959,0.33931866
95280000,0.05199213,0.006649125,0.20495453
95284000,0.043364856,0.3245124,-0.2574376
95288000,-0.13457914,0.66053754,-0.32421005
95292000,0.15341562,0.19213866,0.05808182
95296000,0.34981066,-0.3812744,0.23655346
95300000,0.054293588,-0.4942078,0.3195024
95304000,-0.21635938,-0.5430922,-0.1482769
95308000,-0.1320421,-0.29898667,-0.71389836
95312000,0.060545713,0.2743718,-0.1938335
95316000,-0.09159309,0.7405411,0.5811256
95320000,-0.19841178,0.8266225,0.53309757
95324000,-0.09430286,0.392277,-0.21274428
95328000,-0.12642452,-0.240098,-0.8043192
95332000,0.046737373,-0.49799013,-0.55811334
95336000,0.20865439,-0.48847073,0.04403262
95340000,-0.15533319,-0.26376045,0.29522768
95344000,-0.45431262,0.21556321,0.2842408
95348000,-0.28593248,0.27178365,0.17688784
95352000,-0.110406265,-0.07548626,0.050856292
95360000,0.3516853,0.2031647,0.530369
95364000,0.40868878,0.44177723,0.4180992
95372000,-0.056881778,0.39905012,-0.063244015
95376000,-0.2647679,-0.03599687,0.116872944
95380000,-0.5196795,-0.44110957,0.0985443
95384000,-0.47538257,-0.22634776,0.11971898
95388000,0.10341291,0.1127532,-0.051770613
95392000,0.4373835,0.29202938,0.008979261
95396000,0.32942843,0.38161227,0.026555493
95400000,0.34608024,0.35293877,-0.21797095
95404000,0.18349394,0.44750217,-0.20052832
95412000,-0.5881206,0.54668796,0.7947139
95416000,-0.30465013,0.08637595,0.60889506
95420000,0.2738414,-0.36040962,-0.3646718
95424000,0.27562386,-0.7705819,-0.7841077
95428000,0.2635765,-0.7678798,-0.34177163
95436000,-0.26536584,0.0515304,0.4509646
95440000,-0.6615845,0.019328106,0.58770883
95444000,-0.59077525,-0.20133758,0.50149494
95452000,0.3555992,-0.17137557,-0.14123243
95456000,0.57587826,0.4767484,-0.46436894
95460000,0.5763843,0.8009295,-0.31974572
95464000,0.07806595,0.37610528,0.1974102
95468000,-0.4666319,0.118909836,0.522839
95472000,-0.46132743,0.31464028,0.29301125
95476000,-0.1860723,0.324337,-0.03446905
95480000,-0.19843954,0.243981,-0.018385872
95484000,-0.3868046,0.021242132,0.14087602
95488000,-0.52736026,-0.5973811,0.10808268
95492000,-0.53326994,-0.67644906,0.08453705
95500000,-0.12321029,0.6253925,0.17751347
95504000,0.1538184,0.47699428,-0.060691603
95508000,0.38260755,-0.07177182,-0.18093698
95512000,0.41768545,-0.62868273,-0.21912077
95516000,0.20221406,-0.45840377,-0.03766673
95520000,-0.41911584,-0.00699117,0.23719434
95524000,-0.5019144,0.12571833,0.08333893
95528000,0.05171019,0.19456416,-0.23822053
95536000,0.5614716,0.16436121,0.24951811
95540000,0.23566915,0.2598725,0.32964382
95544000,0.06473872,0.38962784,0.022075638
95552000,-0.39021665,0.52718467,-0.35225746
95556000,-0.34692502,-0.23144975,-0.15352032
95560000,0.30314216,-0.44493133,0.11638526
95564000,0.92437863,-0.38890976,0.32368675
95568000,0.6136204,-0.24314293,0.45953763
95572000,-0.27914107,0.26176262,0.33711955
95580000,-0.6359694,-0.007101074,-0.04325839
95584000,-0.74188614,-0.22887774,0.102217466
95588000,-0.6216119,0.36057645,0.13827944
95592000,-0.07238571,0.6318039,-0.0867461
95596000,0.4167497,0.18305376,-0.38541317
95600000,0.44022352,-0.008469762,-0.5174702
95604000,0.05662465,0.19665933,-0.16251692
95608000,-0.37696567,0.54973626,0.21733175
95612000,-0.45034418,0.6201038,0.34809247
95616000,-0.3629579,0.06543617,0.47224072
95624000,-0.44747686,-0.34902933,0.4176075
95628000,-0.060054973,0.07739371,0.3126497
95632000,0.18761444,0.26210552,0.09018026
95640000,0.051730946,0.40359735,-0.59482765
95644000,0.20143797,-0.19675982,-0.38289836
95652000,0.04696866,-0.43946564,0.5808053
95656000,-0.15785837,-0.3848134,0.115617275
95660000,-0.33727863,-0.11099742,-0.29250604
95664000,-0.29218593,0.16700347,0.03882304
95668000,0.083702534,0.119634174,-0.11937334
95672000,0.009945728,-0.002616271,-0.3479454
95680000,0.1957568,0.06773088,0.34054548
95684000,0.25231582,0.23759708,0.119773194
95688000,-0.122126326,0.12238125,-0.26170713
95692000,-0.2203363,-0.17222448,-0.6539743
95696000,-0.42808303,6.83E-05,-0.25806618
95700000,-0.4955137,0.5464996,0.59345347
95708000,-0.064457536,-0.01404804,0.030973092
95712000,0.38659638,-0.24061525,0.031818897
95716000,0.64537585,-0.04789675,0.19966072
95724000,-0.46540403,0.054898,-0.37676826
95728000,-0.29219407,0.44910333,-0.5169903
95732000,0.15275413,0.35082692,-0.14465147
95740000,0.2023677,-0.5512948,0.20743197
95748000,-0.32684287,-0.22563037,0.6918819
95752000,-0.4756142,0.046911545,0.042022094
95756000,-0.33088458,0.092881225,-0.53306776
95760000,-0.19698305,-0.036200546,-0.32959932
95768000,0.044904925,0.018019008,0.015845712
95772000,0.2454772,0.2034879,0.089530766
95776000,0.15336613,0.16828036,0.28918284
95780000,0.07555373,0.30553314,-0.007666752
95784000,-0.17223012,0.496214,-0.4452014
95788000,-0.4971476,0.27551898,-0.2636612
95792000,-0.48739848,0.11743234,-0.028582264
95800000,-0.11963952,0.05357819,0.5542473
95804000,0.050501622,0.033171166,0.66222024
95808000,0.15335982,-0.089754865,0.47058803
95812000,-0.30622187,-0.14563003,0.11221343
95816000,-0.8056368,-0.26417968,-0.10617541
95820000,-0.08820915,-0.23296607,-0.1679242
95824000,0.77092946,0.04505703,-0.15543205
95828000,0.47885972,0.014671877,0.13160759
95832000,-0.0645009,-0.1670987,0.44276997
95836000,-0.064823225,-0.17596924,0.35501778
95840000,0.16205746,0.002552543,0.037498184
95844000,0.011912927,0.23341343,0.003846426
95848000,-0.24839465,0.48323286,0.32234406
95856000,0.5598132,0.38653657,-0.088197455
95860000,0.31399387,-0.29060948,-0.72799194
95864000,-0.24678731,-0.5583145,-0.900295
95868000,-0.29307717,-0.4828024,-0.35752103
95872000,-0.056395903,-0.10947986,0.39245886
95876000,0.1752457,0.33574176,0.45948184
95880000,-0.08035169,0.60225785,-0.050151333
95884000,-0.7645407,0.55433214,-0.07007878
95888000,-0.8277662,0.14053139,0.17616755
95892000,-0.52737415,-0.22150256,-0.055170774
95896000,-0.50954306,-0.19034483,-0.23805524
95904000,0.30571595,0.103347965,-0.13172072
95908000,0.54451364,0.046668082,0.44982427
95916000,-0.17490384,-0.033029646,-0.12096444
95920000,-0.51021546,-0.4414965,-0.14425111
95924000,-0.40341935,-0.053570747,-0.23029722
95928000,-0.33420497,0.5974479,-0.18211389
95932000,-0.3099858,0.27830046,0.21915385
95936000,-0.20246446,-0.45531684,0.5844439
95944000,0.045216642,-0.13362095,0.38314563
95948000,0.19137369,-0.0943081,0.130611
95952000,0.109368056,0.057461463,-0.19552799
95956000,-0.006119952,0.03546948,-0.18539494
95964000,0.19823092,-0.32056338,-0.31375337
95972000,0.8770926,-0.29386097,0.1264263
95980000,-0.6689642,0.7656609,0.5266438
95984000,-0.9338366,0.66527945,0.002063617
95988000,-0.27858195,0.1585519,-0.5583765
95996000,0.35533965,-0.37746596,-0.16553488
96000000,0.3985821,0.2073003,0.15626886
96004000,0.23367621,0.22518942,0.09388754
96012000,-0.6547464,-0.01151995,0.16597545
96016000,-0.71252286,0.13617302,0.04588446
96020000,0.10923603,-0.21825494,-0.09247457
96024000,0.23133309,-0.47442114,-0.17112087
96028000,-0.4052677,0.10606244,-0.33118132
96032000,-0.4851625,0.4792984,-0.36712816
96040000,-0.24235497,0.18586981,0.57984126
96048000,-0.36732313,-0.05180458,0.5476938
96056000,0.15961972,-0.2698177,-0.8644395
96060000,0.25439733,-0.27206168,-0.4376431
96064000,0.24307871,-0.08448647,0.49916708
96068000,0.13789481,0.30614832,0.5358043
96072000,-0.35944363,0.35283166,-0.30361158
96076000,-0.7157796,-0.02671592,-0.6138923
96084000,0.21822861,-0.21430244,0.5182675
96092000,0.11842519,0.1676463,-0.37296817
96100000,0.29147306,-0.52552044,-0.12936202
96108000,-0.12593836,0.2291506,0.92519426
96112000,0.04870587,0.42050183,-0.050961345
96116000,0.19225453,0.47821224,-0.7810146
96120000,-0.14555731,0.37847427,-0.64912
96124000,-0.3239707,0.022953793,-0.377068
96128000,0.010588184,-0.2826899,-0.03488017
96132000,-0.19745909,-0.3528826,0.6028945
96136000,-0.6616921,-0.1211787,0.65904224
96140000,-0.36831522,0.09279986,0.03486514
96144000,-0.112443596,0.15474,-0.20110992
96152000,0.39164627,0.45470697,0.7772778
96156000,0.6088848,0.08719354,0.5747918
96160000,0.012787446,-0.1035922,-0.017968073
96168000,-0.6292315,-0.4024459,-0.2769586
96172000,-0.18758239,-0.5769493,0.10742405
96176000,-0.31966302,-0.5060992,0.0601089
96180000,-0.47937977,-0.08283223,-0.13805658
96184000,-0.025046468,0.28875577,-0.5348532
96188000,0.40234795,0.20469677,-0.71226585
96192000,0.2592863,-0.09877445,-0.16887364
96200000,-0.6736584,-0.16730526,0.40490064
96204000,-0.27568826,-0.08480941,0.24450684
96208000,0.30845475,0.19381493,0.17536193
96212000,0.27320367,0.6392832,0.03735482
96216000,-0.12722841,0.827037,-0.3171906
96220000,-0.2213876,0.55924034,-0.35072225
96224000,-0.015310773,-0.08294949,-0.058633726
96228000,0.09591692,-0.5141452,0.20796244
96232000,-0.14646046,-0.5232924,0.22186565
96236000,-0.0858073,-0.50373954,-0.10393277
96240000,0.20943138,-0.19111241,-0.19364284
96244000,0.058357008,-0.17143677,0.12186595
96248000,-0.047453333,-0.44642377,0.40945223
96252000,0.2343879,0.05455005,0.4474351
96260000,-0.20826581,0.36254466,-0.508469
96268000,-0.1347386,0.18575357,-0.3004347
96272000,-0.09950349,0.15942006,-0.12010505
96276000,-0.043935023,-0.097534314,0.074354514
96280000,0.23744431,-0.59256107,0.29130083
96288000,-0.17653212,-0.18535785,0.29562494
96296000,-0.58254784,-0.09890054,-0.4375688
96300000,-0.28824705,-0.39664763,-0.27791223
96304000,-0.12110742,-0.49094793,-0.08490934
96308000,0.077691354,-0.1349228,-0.022315297
96316000,0.22739524,0.5555082,0.053257357
96320000,0.12537876,0.21682419,0.2092917
96328000,-0.059843466,0.043822914,0.28560066
96336000,-0.32783568,0.32458758,-0.71452254
96340000,-0.1865299,0.25262594,-0.8158679
96344000,-0.15867823,-0.22682977,-0.7724403
96348000,-0.38464308,-0.56126285,-0.39117223
96356000,-0.08308138,0.035141937,1.4946036
96360000,0.15023294,0.23931575,1.2711664
96364000,0.30299178,0.07770919,0.08109033
96368000,0.39948612,0.06894157,-0.6361039
96376000,0.093976885,-0.35366195,-0.15342033
96384000,-0.17413019,0.17521733,-0.0837127
96388000,-0.44469407,0.394157,-0.019199952
96392000,-0.16531546,-0.044816136,0.13330075
96396000,0.2191424,-0.27959055,-0.062199444
96400000,0.283498,-0.34668934,-0.42909503
96404000,0.28951007,-0.20616135,-0.4479385
96408000,0.40677744,0.18769565,-0.396964
96412000,0.42158064,0.51105815,-0.2161558
96420000,-0.14756307,-0.032598935,0.5461693
96428000,-0.5578424,0.14808059,0.41828322
96432000,-0.6963843,0.04795049,-0.03568183
96436000,-0.60141015,-0.24700752,-0.30946064
96440000,-0.2085548,-0.27113813,-0.73005474
96448000,0.46275237,-0.2161587,-0.5825795
96452000,0.24755718,0.012155071,0.16325837
96456000,-0.5217562,0.049204513,0.8802151
96460000,-1.066291,-0.012601329,0.8388121
96464000,-0.7827802,0.07331613,0.21835059
96472000,-0.01853136,-0.32193702,-0.07599459
96476000,-0.3074368,-0.24407071,-0.45780796
96480000,0.03760761,0.08919589,-0.29419413
96484000,0.66188276,0.57899755,-0.07905508
96492000,0.48869482,-0.24145173,0.011120053
96496000,0.033367738,-0.3728446,0.20608026
96504000,-0.32800233,-0.05015395,-0.23844218
96508000,0.100840434,-0.16231771,-0.48569408
96516000,-0.4707237,-0.13580197,0.060753204
96520000,-1.0666287,0.11526464,-0.17083171
96528000,-0.4119833,-0.5973287,0.8613613
96532000,0.0167076,-0.566383,0.27558395
96536000,0.14620948,8.09E-05,-0.46651724
96540000,0.28561944,0.49120605,-0.67231727
96544000,0.2321392,0.7324692,-0.47146147
96548000,-0.041710995,0.7144638,-0.058954038
96552000,-0.058874324,0.4810117,0.22334203
96556000,0.050560433,0.30592784,0.16357568
96560000,-0.011303879,-0.034875285,-0.05672696
96564000,-0.1768083,-0.50491583,-0.11978911
96568000,-0.21180323,-0.51122427,0.12266817
96572000,0.06347229,-0.22152874,0.4723058
96576000,0.3385105,-0.049002558,0.41830528
96580000,0.2732131,0.110494204,-0.07849221
96588000,0.20201778,-0.021186404,-0.6848777
96592000,-0.219268,-0.05183714,-0.996443
96596000,-0.23293862,-0.19263095,-0.7656371
96600000,-0.021983195,-0.4446065,0.28264165
96604000,-0.10587903,-0.39519772,0.82927775
96608000,-0.2661907,0.081596345,0.20151469
96612000,-0.25228137,0.122270346,-0.14628235
96620000,0.2205414,-0.6758771,0.22217134
96624000,-0.080623806,-0.018306762,-0.09417119
96628000,-0.004779145,0.20430014,-0.3168811
96636000,-0.19832757,-0.4367342,-0.023627825
96640000,-0.5714713,-0.48748082,0.119651794
96644000,-0.5544766,-0.16023411,0.27783212
96648000,-0.22013006,0.2417025,0.069113135
96652000,0.06500849,0.21703967,-0.66862565
96660000,0.15122187,0.2975023,0.06934787
96664000,0.10329347,0.20497309,0.17187582
96668000,0.106576055,-0.25320765,0.08203144
96672000,0.055557773,-0.39135274,0.24836814
96676000,-0.16850159,-0.021029383,0.23696488
96680000,-0.15579763,0.032898575,-0.014715791
96684000,0.08538989,-0.20256856,-0.181802
96692000,0.074295074,-0.5247811,-0.043023147
96696000,-0.123741575,-0.09465167,0.03056069
96704000,-0.00251738,0.31255603,0.22368422
96708000,0.14689909,0.30521792,0.15946832
96712000,0.51350147,-0.10667528,-0.13369879
96716000,0.10259667,-0.2381727,-0.3489112
96720000,-0.75583416,0.105682805,-0.30028355
96724000,-0.6706947,0.17993352,-0.45215535
96728000,-0.25834665,0.07281787,-0.70790267
96732000,0.04012061,0.05704059,-0.20170468
96736000,0.4979328,-0.5445865,0.4435063
96740000,0.42743832,-0.9579397,0.423459
96744000,0.120646924,-0.20971614,0.08226177
96748000,-0.02908817,0.47112823,-0.07727618
96752000,-0.35385862,0.4554448,0.12820747
96756000,-0.53518283,0.010362864,0.097627394
96760000,-0.27928546,-0.4218251,0.072317705
96764000,-0.06453398,-0.0698822,0.31305394
96768000,-0.23389757,0.3442726,0.000920743
96772000,-0.2850409,0.21622916,-0.6217937
96776000,0.04561618,0.061043456,-0.6719957
96784000,-0.23641829,-0.4349572,-0.11082808
96788000,-0.10527005,-0.6479541,0.12375878
96792000,0.09261223,-0.5653546,0.20700411
96796000,0.007176943,-0.13553853,0.008783527
96800000,-0.08364858,0.16328076,0.014460087
96804000,0.039604954,0.27276155,-0.008559123
96812000,0.50205326,-0.22326565,0.34687376
96816000,0.07192315,0.32467908,0.15727887
96820000,-0.20731941,0.6886183,-0.030379381
96824000,-0.18486504,-0.09127292,0.12698978
96828000,-0.1596817,-0.84240425,-0.11924339
96836000,-0.79462594,0.07751908,-0.54695785
96840000,-0.3556867,0.6277582,-0.17233601
96844000,0.5815464,0.3437698,0.13009945
96848000,0.5619104,-0.33116207,0.29226
96852000,-0.19505301,-0.4489127,0.35542417
96856000,-0.40805438,-0.22014612,0.44127107
96860000,0.18266952,-0.22055966,0.3698052
96864000,0.52342427,-0.28097585,-0.039344132
96868000,0.15205741,-0.36407438,-0.6882242
96876000,-0.57170224,-0.11911948,-0.7918385
96880000,-0.3312989,-0.12996235,0.15974228
96884000,-0.07268469,-0.51539457,0.65063703
96892000,0.69677156,0.20338279,-0.34723017
96896000,0.22376673,0.3565915,-0.687207
96900000,-0.08154517,0.35216832,-0.44584924
96904000,-0.173252,0.147842,0.06584795
96908000,-0.23513888,-0.22674318,0.32176787
96912000,-0.2824237,-0.3090505,0.20911084
96916000,-0.1855598,-0.4175806,0.17043197
96920000,0.038805634,-0.29030302,0.072753385
96924000,0.2316924,0.27610314,0.00754739
96928000,0.60968274,0.3143338,0.11912264
96932000,0.5160517,-0.15319286,0.026643895
96936000,-0.13349414,-0.40380636,-0.2733063
96940000,-0.4348191,-0.14847898,-0.66153824
96944000,-0.614701,0.25707707,-0.703032
96948000,-0.75125784,0.10566681,0.017464936
96952000,-0.5124972,-0.3939813,0.52993375
96956000,-0.030888751,-0.5075923,0.28919625
96960000,0.3043682,-0.46016777,0.0934677
96964000,0.3194504,-0.48780552,0.12425185
96968000,0.3104079,0.032060415,0.03805286
96972000,0.05753813,0.6275853,-0.13625057
96976000,-0.44655314,0.25550961,-0.31408763
96980000,-0.57094586,-0.08470726,-0.44659722
96988000,0.111749664,-0.049188003,0.23776448
96992000,0.43964133,0.21867272,0.32371435
96996000,0.31350353,0.49138182,-0.17817543
97000000,0.17006831,0.13346827,-0.46575332
97004000,-0.03489781,-0.1501082,-0.3839773
97008000,-0.5080836,-0.2806381,-0.4908427
97012000,-0.6665502,-0.45150685,-0.13607277
97016000,-0.24636045,-0.51973677,0.68000835
97020000,0.22692394,-0.42473388,0.771114
97024000,0.18495038,-0.12557876,0.23945539
97028000,0.009976566,-0.025709007,-0.16105708
97032000,0.10861422,-0.17895158,-0.3741956
97036000,0.1369729,-0.20898092,-0.4617832
97040000,0.22816625,0.038604558,-0.2564649
97048000,0.38699004,0.17093119,-0.15258482
97052000,0.002600417,-0.124426916,-0.24406016
97056000,-0.3098665,-0.34344414,-0.071024284
97064000,0.000381567,-0.5060524,-0.051853456
97068000,-0.013388205,-0.041158788,-0.16875863
97072000,-0.19026127,0.3901726,0.05269354
97076000,-0.16134946,0.3734333,0.44096994
97084000,0.29116285,0.09401476,-0.094913244
97088000,0.09430132,-0.127822,-0.10790699
97092000,0.15630195,-0.27079666,-0.27360317
97096000,0.25315833,-0.27232617,-0.25935248
97104000,0.39761072,-0.29359463,-0.10946362
97112000,-0.2968874,-0.23334593,0.6093979
97116000,-0.5595409,-0.3415014,0.3895324
97124000,-0.49526113,-0.20771262,-0.44770727
97132000,0.2327851,-0.06307629,-0.30720124
97136000,0.50277317,0.005353987,-0.14703232
97140000,0.6351714,0.2755187,-0.083245955
97144000,0.56067866,0.35025162,-0.16285439
97148000,-0.22498056,0.14612642,-0.48373824
97152000,-0.7342458,-0.22780266,-0.52551705
97156000,-0.37020674,-0.5592255,-0.018203586
97160000,0.3243546,-0.8860898,0.23114054
97164000,0.7649956,-0.7877037,0.1873334
97168000,0.5600974,-0.07347797,0.35553893
97172000,0.04374996,0.4546345,0.295186
97176000,-0.2999226,0.33187193,0.06561802
97180000,-0.44149488,0.010416973,-0.34663066
97184000,-0.39034668,-0.025880253,-0.6214702
97192000,-0.01097602,-0.09813649,0.3494323
97196000,0.20635283,0.36730993,0.14012447
97200000,0.064317845,0.42709246,-0.43757707
97204000,-0.15116486,-0.04299133,-0.51095754
97208000,0.10022506,-0.10500746,-0.1576073
97212000,0.016642094,0.2016058,-0.13373901
97216000,-0.4322331,-0.1356737,-0.10535924
97220000,-0.36158156,-0.56497604,0.18275747
97224000,0.39518076,-0.50472546,0.12736304
97228000,0.9329777,-0.2763431,-0.20528589
97232000,0.45672804,0.076196685,-0.19831571
97240000,-0.30138773,-0.05659914,0.69466954
97244000,0.50805235,-0.16751309,0.13654628
97248000,0.47532094,-0.35429323,-0.600513
97252000,-0.35003763,-0.2785226,-0.8543744
97256000,-0.75024086,0.07957795,-0.6218671
97260000,-0.4554199,0.2425566,-0.043270394
97264000,-0.20839775,0.031732537,0.41556352
97268000,0.1850555,-0.24663778,0.4386375
97272000,0.61247444,-0.06698887,0.35265246
97276000,0.54903585,0.17492613,0.4012919
97284000,0.1922479,-0.21902174,0.09619839
97288000,-0.33166027,-0.4972358,-0.34271356
97292000,-0.6027707,-0.464616,-0.49077085
97296000,-0.6195234,0.37718317,-0.49318212
97300000,-0.43082637,1.090107,-0.2982771
97304000,0.19809978,0.47420222,-0.049604893
97308000,0.7197399,-0.46598858,-0.031481408
97316000,0.20229435,-0.26465636,-0.045214295
97324000,0.0472074,-0.14869355,-0.27045363
97328000,0.20852834,0.024420202,0.014816776
97332000,0.4527615,0.006250754,0.2083655
97340000,-0.4148137,-0.17826027,-0.5343436
97344000,-0.45297793,-0.35674024,-0.38054675
97348000,0.06044861,-0.16544828,-0.3177592
97356000,0.50792515,-0.18629193,0.26142088
97360000,0.30437475,-0.38352704,0.21150331
97364000,-0.00368683,-0.28093222,0.48583752
97368000,-0.21867919,-0.005589604,0.62940174
97372000,-0.35545793,0.11439288,0.21565041
97376000,-0.48127675,0.05810699,-0.19103277
97380000,-0.67068195,0.07282865,-0.50077623
97388000,0.21110228,-0.13221428,-0.3222671
97396000,0.30606124,0.053043693,0.21187195
97400000,-0.3369185,0.5981953,-0.07952678
97404000,-0.5034445,0.69241166,-0.10928332
97408000,-0.13281555,0.37693572,0.024382915
97412000,0.34857515,-0.23509322,-0.016262257
97416000,0.5301626,-0.40779328,-0.06250379
97420000,0.28739628,-0.30737388,-0.040207684
97428000,-0.17632632,-0.34893987,0.54267263
97432000,-0.4991584,-0.35340494,0.3962147
97436000,-0.58930683,-0.49573356,-0.06457533
97440000,-0.26690066,-0.17754214,-0.17905423
97448000,0.73816824,-0.27529836,-0.5197044
97452000,0.38601258,-0.058334365,-0.15547167
97456000,0.05002804,0.087549396,0.23076788
97464000,0.25063393,0.67329055,0.40876794
97468000,0.0881221,0.19252093,0.25999406
97472000,-0.22789526,-0.5832571,-0.38952446
97476000,-0.3443481,-0.82215846,-0.75685525
97480000,-0.3884229,-0.37665373,-0.6640707
97484000,-0.27815992,0.20085987,-0.40914315
97488000,0.23972228,0.31172076,-0.05520264
97492000,0.53670347,0.29738188,0.034693222
97496000,0.55293614,0.41712365,0.117399834
97500000,0.39022264,0.17065135,0.17937852
97504000,-0.11746791,-0.16742101,-0.14571364
97512000,-0.100656435,-0.282708,-0.591971
97516000,0.031948708,-0.21630213,0.09378946
97524000,0.24536659,0.40180367,0.1225688
97528000,-0.06898864,0.82899606,-0.018271994
97532000,-0.33379057,0.59761465,-0.2004473
97536000,-0.23442543,0.122385964,-0.4198518
97540000,0.25615916,-0.2574303,-0.3311056
97548000,0.54929245,-0.1335869,-0.058476873
97552000,0.86241746,-0.46888182,-0.1783932
97560000,0.45512894,-0.66132665,0.123334385
97564000,-0.33891445,-0.43755212,0.05025655
97568000,-0.856036,0.09367031,0.2839362
97572000,-0.5517018,0.35670948,0.3361766
97576000,0.21468629,0.07538125,-0.1623342
97580000,0.54623884,-0.2427555,-0.4540772
97584000,0.28755307,-0.048357546,-0.2855737
97592000,0.36123767,0.24103378,0.06418633
97596000,0.6190032,-0.16696678,-0.09669322
97604000,-0.05097021,-0.2425792,0.4279229
97608000,-0.4371049,0.27233577,-0.11033538
97616000,-0.7283258,-0.3872175,0.27632457
97620000,-0.35419226,-0.48170882,-0.068498835
97624000,0.23952761,-0.18917614,-0.23214
97632000,0.14422676,-0.054195024,-0.15704505
97636000,-0.003963836,-0.46224225,0.1855039
97644000,0.24409431,-0.20121184,-0.46349245
97648000,0.19528988,0.14160578,-0.48017108
97652000,0.26677158,0.14303508,-0.051224656
97656000,0.084992096,0.31441945,0.20850277
97660000,-0.2181645,0.28938532,0.53536916
97664000,-0.111437365,-0.17626631,0.86529624
97668000,-0.07784001,-0.58850986,0.35564584
97672000,-0.21311356,-0.61032796,-0.4344105
97676000,-0.29212,-0.3438415,-0.5804118
97680000,-0.2461011,-0.10425667,-0.45365587
97684000,-0.030539598,0.014236983,-0.2912863
97688000,0.08992036,0.08322748,-0.26531214
97692000,0.09499511,0.33245257,-0.4217547
97696000,0.33541936,0.41567114,-0.5633754
97700000,0.73753774,0.11190027,-0.22467098
97708000,0.09335755,0.38175583,0.5121911
97712000,-0.26173067,0.001747057,0.28915378
97716000,-0.1376293,-0.2708422,0.048473056
97724000,-0.121817514,-0.2983834,-0.17961442
97728000,0.18599644,-0.062012643,-0.24355878
97736000,0.4132032,-0.07250056,-0.13438573
97740000,0.19363402,-0.36018902,-0.36788478
97744000,-0.27612132,-0.0652526,-0.4094118
97748000,-0.30242535,0.28991106,-0.16820659
97752000,0.08517256,0.03837204,-0.03606741
97756000,0.12773103,0.07709347,0.11654988
97764000,-0.17403078,-0.05266668,0.105348974
97772000,0.35814345,-0.5413569,-0.05527937
97776000,0.66757536,-0.46522862,0.074677885
97780000,0.3465272,-0.61951315,0.38603902
97788000,-0.17131533,0.46062776,0.15880337
97792000,-0.18802111,0.7952039,-0.2483115
97796000,-0.29279512,0.2984569,-0.37608218
97800000,-0.10094671,0.096963234,-0.24942468
97804000,0.37788156,0.094901554,-0.038099967
97808000,0.5671291,-0.019719347,-0.038308907
97812000,0.22505638,0.03118626,0.083248496
97820000,0.36500925,-0.39845422,-0.003767207
97824000,0.765707,-0.17957589,-0.33718464
97828000,0.3188469,-0.027091004,-0.12533149
97836000,-0.4881551,0.11220658,-0.34821227
97840000,0.019812614,-0.18275222,-0.39285684
97844000,0.32190248,0.217643,-0.07331315
97852000,0.9159879,0.7522743,0.31456006
97860000,-0.3873846,-0.6393999,0.4410379
97864000,-0.74137616,-0.43213236,0.04611014
97868000,-0.5496082,-0.30405244,-0.5398278
97872000,-0.14403543,-0.10382156,-0.71948254
97876000,0.16916195,0.19932267,-0.5444778
97880000,0.2574659,0.060626723,-0.036937103
97884000,0.28029445,-0.23522192,0.29806066
97888000,0.252977,-0.20348884,0.23330247
97892000,0.011943717,-0.24108496,0.28872615
97896000,-0.35551357,-0.061666198,0.5284324
97904000,0.1601356,-0.07272965,-0.57469034
97908000,0.25600663,-0.13999878,-0.5678243
97912000,0.17434356,-0.29552516,-0.09752924
97920000,0.05653629,-0.27184707,0.1324301
97928000,-0.2909619,0.9005604,0.31269163
97932000,-0.24890941,0.6764079,0.22423956
97936000,0.16851567,0.39697185,-0.089207865
97944000,-0.03514775,-0.37915576,-0.32799837
97948000,-0.055428356,-0.43985385,-0.11560137
97952000,-0.00677345,-0.18887584,-0.10317985
97956000,0.15805967,0.13575974,0.13331987
97960000,-0.013753399,0.42116678,0.2856621
97968000,0.15658347,-0.34513724,-0.32367462
97972000,0.57240844,-0.6562897,-0.25891533
97980000,-0.21091765,-0.024112448,-0.18171385
97988000,-0.061946943,0.28796163,0.13339609
97992000,0.39476633,0.15523238,0.41327202
98000000,0.4425498,0.21711725,-0.14783205
98008000,0.33652765,-0.13232297,0.04663435
98012000,-0.009982221,-0.056466676,-0.039246354
98016000,-0.022998884,-0.119595625,-0.44762778
98020000,-0.06560361,-0.31011268,-0.45541424
98028000,-0.34497353,-0.18738365,-0.13098969
98032000,-0.29507145,-0.31552765,-0.087444045
98036000,0.11460373,-0.12866536,0.15359744
98040000,0.39037752,-0.1095288,0.2818961
98044000,0.26077127,-0.20438388,0.19120055
98052000,0.08312791,0.06441369,0.3268358
98056000,0.6492312,0.16591972,0.32417008
98064000,-0.43351096,0.62530434,0.06568622
98068000,-0.6327671,0.28706852,-0.05442334
98072000,-0.42496175,-0.22680594,-0.23795496
98076000,0.13285963,-0.047142506,-0.33509007
98084000,0.79059476,0.091610596,-0.02771908
98088000,0.6533466,-0.02101272,0.23462817
98092000,0.21687362,-0.39433256,0.38486087
98096000,-0.10014568,-0.5783259,-0.03635183
98104000,0.304589,0.8611008,-0.5731921
98108000,0.43138203,0.67465675,0.053214043
98112000,0.19420001,-0.20084466,0.34379074
98116000,-0.14576721,-0.6392355,0.35728276
98120000,-0.21884313,-0.77376693,0.5379721
98124000,-0.18885492,-0.6440741,0.22561811
98128000,0.09496666,-0.28057495,-0.2765451
98132000,0.44644767,-0.13693926,-0.41953614
98136000,0.35114557,-0.005968973,-0.6170834
98140000,0.23090893,0.20597915,-0.45456845
98148000,-0.024392538,0.3571853,0.38894013
98152000,-0.313904,0.26706582,0.08585133
98156000,-0.17267892,-0.10102707,0.10854603
98160000,0.058306366,-0.42046714,0.27549624
98164000,0.13300517,0.07614331,0.25965253
98168000,0.038556237,0.6677221,0.24260557
98172000,-0.03499271,0.40751278,0.061388824
98176000,0.07154079,-0.18320227,-0.3441553
98184000,0.3474026,0.021676823,-0.54278576
98188000,0.38500872,0.29545438,-0.09573598
98192000,0.120067924,0.11512365,0.10656818
98196000,0.056952186,-0.2331109,-0.056625705
98200000,0.05667898,-0.30688816,-0.24915439
98204000,-0.13587011,-0.59913427,0.021406889
98208000,-0.49018046,-0.59829044,0.40293908
98212000,-0.5369622,0.18654417,0.15582961
98216000,-0.15970942,0.7297452,-0.24511802
98220000,0.042284917,0.4737146,-0.027371705
98228000,-0.21963817,-0.37501892,0.36598468
98232000,0.08677432,-0.20176245,-0.20784865
98236000,0.24731919,-0.1730313,-0.362796
98240000,0.30908737,-0.032921493,-0.060534656
98244000,0.16838187,0.31478053,0.2988934
98248000,0.051696327,0.42978132,0.3907649
98252000,0.27357495,0.42930013,0.022969157
98260000,-0.023357809,-0.07579885,-0.31439218
98264000,-0.13734175,0.022485621,-0.09994574
98268000,-0.11599038,0.006024588,-0.2551097
98272000,0.013215641,-0.36249033,-0.33562452
98276000,0.26914403,-0.35751286,0.051488757
98284000,0.47568864,-0.07277574,0.11858093
98292000,0.02793026,-0.07664516,-0.18877569
98296000,-0.11349599,0.09320004,0.07194593
98300000,-0.20558329,0.35905445,0.1051189
98304000,-0.51934975,0.2842192,-0.54919356
98312000,0.018392488,-0.6585255,0.040308267
98316000,-0.15761313,-0.062714785,0.4402231
98320000,-0.026704855,0.6078461,0.19891971
98324000,0.4949883,0.5513983,-0.105178446
98328000,0.76506567,-0.056644395,-0.18127859
98336000,-0.03266111,-0.08910265,-0.21744587
98344000,0.062377997,-0.05805683,0.8518119
98348000,0.09966391,-0.2212292,0.5191276
98352000,0.0375141,-0.2045166,-0.36305597
98356000,-0.022065647,-0.25199112,-0.46413934
98364000,-0.001080751,0.2640847,0.052656528
98368000,-0.07531782,0.25782847,0.21236277
98372000,-0.13363852,-0.14418204,0.5165843
98376000,-0.15634848,-0.06947945,0.4820649
98380000,-0.003935846,0.4475588,0.26613408
98384000,0.31233868,0.99318945,-0.085269995
98388000,0.5834738,0.40056932,-0.49600768
98392000,0.6142289,-0.8098586,-0.38668793
98396000,0.55160415,-0.75986356,-0.009567708
98404000,-0.33451092,0.3444756,-0.119847216
98408000,-0.7913612,-0.00351505,-0.15955962
98412000,-0.2595936,-0.23897874,-0.12659435
98416000,0.30018473,0.00603357,-0.018777441
98420000,0.19602259,0.24430668,0.14320625
98428000,0.26416838,0.18877214,0.062461674
98436000,0.019787136,-0.23718046,-0.4252932
98440000,-0.29822975,-0.5958696,-0.4261157
98444000,-0.11130888,-0.557868,0.027369529
98448000,0.2535006,-0.14996672,0.53582585
98452000,0.08817753,0.18153733,0.52451277
98460000,0.072465405,-0.2331091,0.07355289
98464000,0.21041667,-0.35079715,-0.46160632
98472000,-0.44624445,0.5764972,-0.37699628
98476000,0.047071323,0.33752388,0.633083
98484000,0.30181187,-0.41969118,0.34324133
98488000,-0.02945888,-0.33447722,-0.3585641
98492000,-0.12174234,-0.1310164,-0.468593
98496000,0.001500212,0.10202064,-0.2413261
98500000,-0.088908695,0.34948993,-0.2111892
98504000,-0.4153219,0.46515074,-0.24296007
98508000,-0.08894971,0.4204744,0.010737985
98512000,0.6037412,-0.010642424,0.1639498
98516000,0.39042395,-0.6011788,0.072330534
98520000,-0.30927467,-0.75656074,0.011068445
98524000,-0.42981213,-0.52339,-0.2590702
98528000,-0.21437356,-0.18738016,-0.2686008
98532000,-0.1303009,0.32129607,0.5565135
98540000,0.4827289,0.18574852,0.66864616
98548000,-0.07124248,-0.05585592,-0.4533194
98552000,0.3852183,-0.33844793,-0.20446247
98556000,0.8817134,-0.5462533,0.024563387
98560000,0.46011668,-0.24436857,0.16715688
98564000,-0.12869254,0.24895483,0.41980934
98568000,-0.33145657,0.27309924,0.4177034
98572000,0.09238875,0.1665372,-0.1682272
98576000,0.48603114,0.17570965,-0.54111755
98580000,0.014575243,-0.063094355,-0.10152298
98584000,-0.37747398,-0.2386258,0.18992402
98588000,-0.08005029,-0.012731813,-0.013726413
98592000,0.22863299,0.3231002,-0.2215065
98596000,0.09901239,0.6060004,-0.35862362
98604000,0.2625357,0.43838382,0.000224027
98608000,0.134393,-0.11484982,-0.13246226
98616000,-0.057644412,-0.9271736,0.14679298
98620000,-0.110446826,-0.58699805,0.064148664
98624000,-0.36075634,0.30213535,-0.1636262
98628000,-0.5186944,0.4554037,-0.1429522
98632000,0.059638068,-0.24939783,0.18772772
98636000,0.74862784,-0.37677222,0.46992788
98640000,0.7608661,0.22547048,0.08631314
98644000,0.43208957,0.3494401,-0.33147636
98648000,0.06855545,0.20961696,-0.2146854
98656000,-0.20307124,0.23597197,0.088231124
98660000,-0.20070104,0.08305861,0.2288299
98664000,-0.08413382,0.06034135,0.044344276
98668000,0.07488851,-0.057462983,-0.050459113
98672000,0.051649567,-0.022792589,0.25679097
98676000,0.15865996,0.08233093,0.17716756
98684000,0.5102129,-0.012005117,-0.038294703
98688000,0.2591169,-0.044035733,-0.2120783
98692000,-0.12244541,-0.1790406,-0.5675318
98696000,-0.5267779,0.06714903,-0.49346536
98700000,-0.61840487,0.277421,0.09010026
98704000,-0.17988352,0.096532084,0.4815958
98708000,0.36472753,0.12946445,0.09345329
98716000,0.33181432,-0.4051997,-0.46417552
98720000,0.34010208,-0.12075794,-0.28218514
98724000,0.52686226,0.20852667,-0.15415198
98732000,-0.03878782,0.04032527,0.4333354
98736000,-0.95710343,0.13553035,0.20460403
98740000,-1.2893565,-0.0256093,0.18357407
98748000,0.62206507,0.008088,0.33852637
98752000,0.7047323,0.24934638,-0.051980533
98756000,0.30951756,0.11923383,-0.40674227
98760000,0.09474601,-0.18687549,-0.23426107
98764000,0.01527253,-0.09187634,0.17562076
98768000,0.03749331,-0.058306873,0.36300027
98776000,-0.2278866,-0.15418196,-0.23867455
98780000,-0.13633165,-0.23857667,-0.21119224
98784000,0.40361446,-0.07573116,-0.00510177
98788000,0.25399804,0.29089135,-0.020321608
98792000,-0.2309524,0.27345407,0.07801305
98796000,-0.25352675,0.08678777,0.31823584
98804000,-0.001654923,-0.19560206,0.23872082
98808000,0.26871416,-0.23123354,-0.1466019
98816000,-0.04234197,-0.103893414,-0.34498346
98820000,-0.35553673,-0.2552898,0.24204817
98824000,-0.21281624,-0.25407636,0.2253491
98828000,0.15544331,-0.20417051,-0.028919987
98832000,0.7312573,0.34668204,0.227602
98836000,1.1270127,0.7394176,0.3437913
98840000,0.6861123,0.32606286,-0.30686948
98848000,-0.42947692,-0.18704154,-0.3921439
98852000,-0.5454319,-0.76989764,0.22912812
98856000,-0.1324531,-0.57323587,0.80642855
98860000,0.011696644,0.007391468,0.59990317
98868000,0.16209766,1.0222564,-0.394525
98872000,0.28726733,0.24049424,0.22357443
98880000,-0.6467439,-0.060783472,0.081341624
98884000,-0.14731807,0.06380785,0.05133024
98888000,0.35377157,0.28539288,-0.03843287
98892000,0.3765996,-0.09942898,-0.10564176
98896000,0.46729958,-0.5782926,0.17763793
98900000,0.4466161,-0.45457882,0.41649842
98904000,0.27001145,-0.33865634,0.2571418
98908000,0.012071267,-0.19029188,-0.09641815
98912000,-0.05615385,0.07526298,-0.47698313
98916000,0.04172006,0.083605275,-0.53260756
98924000,0.09888309,0.8035589,-0.503358
98928000,0.06209568,1.1543728,-0.40169933
98932000,-0.15125488,0.48093188,0.11093335
98936000,0.017879322,-0.33840647,0.31946662
98940000,0.2561626,-0.790499,0.45354322
98944000,-0.06464626,-0.6965117,0.6470075
98952000,-0.7734904,0.37363276,-0.007447965
98956000,-0.49487978,0.39315173,0.015539799
98960000,0.0926534,0.21751872,0.23512116
98964000,0.36307868,-0.103538185,-0.08167955
98968000,-0.22174549,-0.17413989,-0.5142755
98972000,-0.5042019,0.041104503,-0.43314728
98976000,0.08686645,0.09747656,-0.1501785
98980000,0.53242344,0.09549649,0.099999085
98988000,0.27681142,0.15609422,0.03355492
98992000,0.18987015,-0.6519145,0.1303631
98996000,0.03950304,-0.77667385,0.168735
99000000,-0.36356345,0.1637727,0.1792964
99004000,-0.54112744,0.95131105,0.3881132
99012000,0.14667265,0.14698735,0.2024926
99016000,0.16324545,0.18676063,-0.12547773
99024000,0.8859589,0.21408589,-0.044865232
99028000,0.78613245,-0.14828171,0.14453493
99032000,0.012757301,-0.55996853,0.27081507
99036000,-0.44461006,-0.45468462,0.028707929
99040000,-0.63047796,0.072998434,-0.28394902
99044000,-0.57444364,0.3976171,-0.081557386
99052000,0.24051644,0.13038558,0.05432807
99056000,0.34656245,0.053648792,-0.17461362
99060000,0.11706193,0.19145888,-0.14869478
99064000,-0.008816642,0.20826307,-0.23101044
99068000,0.08028078,0.069097996,-0.07671026
99072000,0.11189063,-0.08785837,0.20244476
99076000,0.20977722,0.003797934,0.47320086
99080000,0.20630333,-0.0703939,0.53159815
99084000,0.14016652,-0.37203282,0.15211105
99092000,-0.34057298,0.62510777,0.010674261
99096000,-0.5769492,0.6266593,-0.02998595
99104000,0.14276013,-0.23509356,-0.3225067
99108000,0.20702106,-0.2708221,-0.040422298
99112000,0.47045264,-0.2398949,0.20900021
99116000,0.42771736,-0.1512796,0.026858076
99120000,0.024426043,0.05588361,-0.18431127
99124000,-0.36721233,-0.048676852,-0.15927738
99132000,-0.4583611,-0.03534496,0.29511306
99136000,-0.08900115,0.13413149,0.025595888
99140000,0.2715399,-0.038289763,-0.23009342
99144000,0.50187564,-0.07182068,-0.19781725
99148000,0.6852301,-0.013247869,-0.055753723
99152000,0.2786207,0.00353921,0.25657102
99156000,-0.5745647,-0.15946662,0.2840596
99160000,-0.72849226,-0.20749176,-0.09750962
99164000,-0.33303538,0.088546604,-0.44796443
99168000,0.06280929,0.4631361,-0.58022124
99172000,0.7849307,0.6034896,0.1157683
99176000,0.90080184,0.04858859,1.0776342
99180000,0.07068324,-0.43394983,0.8797771
99188000,-0.21878897,0.5549173,-0.1447568
99192000,-0.20509554,0.47986585,-0.5637526
99196000,-0.34000483,0.43697625,-0.49281037
99200000,-0.29158762,0.13886099,-0.026096493
99204000,-0.001880113,-0.13315545,0.1316629
99208000,0.4131,0.008120112,0.023598783
99216000,0.8086022,0.14714845,0.27080908
99220000,0.6959395,-0.2564342,0.32837692
99224000,0.16071889,-0.29204834,-0.12321988
99228000,-0.55375904,-0.11449081,-0.3716626
99232000,-0.6964376,-0.13801521,-0.23307407
99236000,-0.36441427,0.028215248,-0.21845278
99240000,-0.2477922,0.33070257,-0.11859757
99244000,-0.19881377,0.024400935,0.23892084
99252000,0.06445415,-0.5937662,0.25442216
99256000,0.045585632,-0.29810974,0.004705079
99260000,0.07320415,0.06530516,-0.21779257
99268000,0.4588096,0.27084732,0.04424268
99272000,0.63466334,-0.4085156,0.5267511
99276000,0.1715979,-0.24438858,0.2333897
99280000,-0.4588312,0.2618078,-0.010262255
99284000,-0.7841119,0.46756992,0.275357
99292000,-0.46561524,-0.014100544,-0.20898399
99296000,-0.18331715,-0.505448,-0.4507395
99300000,0.19410181,-0.30587143,-0.5319648
99304000,0.27479875,0.09303928,-0.29172575
99312000,0.30812246,0.1387161,0.20095155
99316000,0.52729493,0.19874324,-0.050129995
99320000,0.7192654,0.11029683,0.23575343
99324000,0.21064049,-0.26282716,0.18558669
99328000,-0.654955,-0.3152892,-0.14804003
99332000,-0.85674256,0.022448957,0.014429834
99336000,-0.34716344,0.51253366,0.28679523
99340000,0.11677962,1.0105814,0.39920014
99344000,0.37853765,0.9312005,0.77597135
99348000,0.8473743,0.4079447,0.7578738
99352000,0.9289988,0.2101337,0.1586084
99356000,0.3394811,0.011575088,-0.28232178
99360000,-0.1234819,-0.36698872,-0.45046294
99364000,-0.13540597,-0.13665651,-0.40659428
99372000,0.13642842,-0.09149793,0.59932554
99376000,-0.10970317,-0.29213217,0.1711787
99380000,-0.59312975,-0.10667269,-0.22601676
99384000,-0.7831639,-0.10449544,-0.14116171
99388000,-0.5178109,-0.06460953,-0.1587974
99392000,-0.05833502,0.17191933,-0.22573645
99396000,0.2258981,-0.044699922,-0.013648689
99404000,0.23690242,0.078200325,0.59097767
99408000,0.35384542,0.31588218,0.4585173
99412000,0.259568,0.039484575,0.21658435
99416000,0.058598593,-0.20605962,-0.016559761
99424000,0.32587454,-0.08682327,-0.663583
99428000,-0.08032714,0.26262853,-0.4336519
99432000,-0.5896899,0.29376563,-0.105045855
99436000,-0.42734188,0.16766647,-0.12546505
99440000,0.15157278,0.012329674,-0.24068956
99444000,0.12645839,-0.12301703,0.20213282
99448000,-0.014517117,0.072479695,0.873075
99452000,0.08802072,-0.029993035,0.7602335
99456000,0.056484915,-0.34538907,0.34721434
99460000,-0.078920975,-0.007795259,0.058417454
99464000,-0.631465,0.5733021,-0.54218376
99468000,-1.0025734,0.6202105,-0.6902465
99472000,-0.54430205,0.26302433,-0.21241105
99476000,0.028521925,-0.007613052,0.090091355
99480000,0.4459337,0.039151236,0.1742903
99488000,0.06793605,0.1499994,0.17316763
99492000,-0.24963564,-0.21920502,-0.04274316
99496000,-0.15388988,-0.22123857,-0.24950875
99500000,0.555685,-0.07750708,-0.2150071
99504000,0.876316,0.038125105,-0.13299729
99508000,0.10248813,0.17493306,0.44647115
99516000,-0.036379658,-0.033622645,0.8708379
99524000,0.18689397,0.095699444,-0.64064515
99528000,0.51789075,-0.033440918,-0.6987225
99532000,0.21078438,-0.3393147,-0.4207518
99536000,-0.24231708,-0.46532077,-0.20011096
99540000,-0.39681214,-0.082462646,0.1580027
99544000,-0.8315921,0.41011974,0.4038303
99552000,-0.10556957,0.37978506,0.46851104
99556000,0.3445643,0.45288843,0.3056118
99560000,0.5168869,0.2909085,-0.26378885
99568000,0.672145,-0.053727582,-0.26704162
99572000,0.30455834,-0.39729345,0.16681567
99576000,-0.24483056,-0.35400653,0.4292053
99580000,-0.2602517,0.11950646,0.3019902
99584000,-0.20987609,0.2280905,-0.059707813
99588000,-0.5583641,0.25650522,-0.20939758
99596000,0.48909482,-0.045632258,-0.2908981
99600000,0.5493119,-0.4027657,0.016337857
99604000,-0.16302487,-0.14028786,0.5113357
99608000,-0.53532463,0.16550204,0.7215905
99612000,-0.26117343,0.26827598,0.14016996
99616000,0.3947519,0.6570063,-0.45494103
99620000,0.7312872,0.70002425,-0.061867535
99624000,0.1851325,0.20941938,0.27290195
99628000,-0.4430797,0.099236935,0.120320424
99636000,-0.32112795,0.09155515,0.1286511
99640000,-0.30721277,0.084925205,-0.20017946
99644000,-0.090113595,-0.16795738,-0.16347551
99648000,0.09465281,-0.22698529,0.02241309
99656000,-0.35879862,0.06288191,-0.25268143
99660000,-0.4134788,-0.04101467,0.50461984
99664000,-0.19508603,-0.17115703,0.74141806
99668000,0.20362121,-0.19106773,-0.003233105
99676000,0.31380004,0.12659344,-0.22596517
99680000,-0.009056486,0.32307234,0.1419674
99688000,0.017418444,0.09523281,-0.10551365
99692000,-0.055670775,-0.102595106,0.05490233
99696000,-0.2956457,0.032327455,0.13720061
99700000,0.06532027,0.087365754,0.2883111
99704000,0.38139817,-0.2855897,0.3790167
99708000,0.10116333,-0.48790258,0.1550869
99712000,-0.024576552,-0.22103313,-0.05855704
99720000,0.13893144,0.21547347,-0.403128
99728000,-0.020442903,0.5299363,0.7775642
99736000,-0.012484115,-0.14350773,-0.1291137
99744000,-0.24288213,-0.29053083,-0.24615963
99748000,-0.2874816,0.5062672,-0.28423202
99756000,0.065881,0.26231927,0.14193408
99760000,0.47568566,0.1906868,0.4544949
99764000,0.20602128,0.31264642,0.74914026
99768000,-0.11726754,0.14927953,0.35474208
99772000,-0.01688061,-0.17432341,-0.37310505
99776000,0.060238227,-0.32044658,-0.49145463
99780000,-0.049062163,-0.35390207,-0.08578231
99784000,-0.2980966,-0.14461404,0.28424376
99792000,-0.16691403,0.36770785,0.23742275
99796000,-0.41128087,0.40845326,0.03534977
99800000,-0.19597512,0.25314736,-0.009112848
99808000,0.4922874,-0.3312301,-0.63772875
99812000,0.4247821,-0.3566521,-0.25593817
99820000,-0.8025644,-0.17828351,0.6055827
99824000,-1.1245545,0.08439161,0.48486724
99828000,-0.7423433,0.59079605,0.34793955
99836000,0.777853,0.38282347,0.23104793
99840000,0.7995312,0.076988995,-0.28626052
99844000,0.7265395,0.05816661,-0.5289778
99848000,0.51964396,-0.10514023,0.20837277
99852000,-0.12704593,-0.059650913,0.45454043
99856000,-0.31826174,0.33767283,-0.2611632
99864000,0.38048202,-0.02975659,-0.5244083
99868000,0.08770263,-0.7234103,0.09829475
99872000,0.171738,-0.5774324,0.5630277
99876000,0.4095508,-0.26138481,0.64298445
99880000,0.22506802,-0.24865548,0.35531187
99884000,0.038334705,0.093035355,0.10058558
99888000,0.1314071,0.36735314,-0.08975718
99896000,-0.8427612,-0.27050602,0.1475636
99900000,-1.0965462,-0.1017765,0.5962589
99904000,-0.6035369,0.16383135,-0.12694821
99912000,0.24340636,0.4742707,-0.62362325
99916000,-0.049525246,0.42893285,0.14027914
99920000,-0.036667746,0.52813375,0.5622774
99928000,-0.091798775,0.14199989,0.011274681
99932000,0.16800986,0.1145155,0.24462102
99936000,0.19870177,-0.032163583,0.26085654
99944000,0.2531021,-0.05180652,-0.1022941
99948000,-0.13066825,0.13105547,0.14838195
99952000,-0.93285966,0.24051957,0.36495757
99956000,-1.1318779,0.18323338,0.2981407
99960000,-0.6794037,0.090429,-0.105556786
99964000,-6.14E-06,0.09242738,-0.48628777
99968000,0.43596375,0.27118164,-0.59178114
99976000,0.5455637,-0.22872612,0.72628504
99980000,0.5523058,-0.32925767,0.51546717
99984000,0.5179541,-0.2665807,-0.010647774
99992000,-0.88968885,-0.21296318,0.7559289
99996000,-0.8824606,0.019674964,0.2749894
100000000,-0.09698139,0.14323084,-0.2542411
100004000,0.4522539,0.067277275,-0.2934868
100012000,-0.33738172,-0.41014785,-0.20735662
100016000,0.09486109,-0.14434779,0.026110444
100020000,0.004979134,0.45335636,-0.015275106
100028000,-0.2560233,0.29169965,-0.05968301
100032000,0.06422634,0.030993897,-0.07861653
100036000,0.18100141,-0.14101404,0.44376552
100040000,0.2259612,-0.07239066,0.45448226
100048000,0.49353474,0.16039222,-0.39143574
100052000,0.38539833,0.2906415,-0.35281438
100056000,-0.22479779,0.3258215,-0.30279192
100060000,-0.13798654,0.13187319,0.06885432
100064000,0.23503923,-0.1249174,0.5329165
100072000,-0.52272636,-0.30010882,0.23995145
100076000,-0.26908827,-0.21024078,0.12539393
100080000,0.28626713,0.16712308,0.056574963
100084000,0.72142667,0.67925096,-0.18172252
100088000,0.45014974,0.70305777,-0.07323471
100092000,-0.37576574,0.27215445,0.32553828
100096000,-1.0644683,0.13739507,0.30160367
100100000,-0.8780185,0.40614668,0.00738664
100104000,0.08370274,0.56125265,-0.29049715
100112000,0.1545068,0.0492375,0.027344182
100116000,0.04321884,-0.5891195,0.3767977
100120000,0.18313271,-0.6441995,0.45161
100124000,0.21108764,-0.21750222,0.3295843
100132000,-0.34677732,-0.23133498,0.26577634
100136000,-0.6013708,0.006930366,0.16579652
100144000,-0.48749828,0.15683076,-0.24410337
100152000,0.24080883,0.550908,0.10611349
100156000,0.55260193,0.0251697,-0.3558522
100164000,-0.32002702,0.026978439,-0.4198301
100168000,0.089032054,0.101758964,0.3656944
100172000,0.019712836,0.22744712,0.7338125
100176000,-0.08757691,0.2263856,0.33276618
100180000,0.54746956,-0.107883364,-0.21523547
100184000,0.6089943,-0.32848722,-0.19950433
100188000,-0.048780397,-0.031767324,0.2518956
100192000,-0.30667567,0.58117574,0.3280958
100196000,-0.0761541,0.8465928,-0.023718841
100200000,0.06925233,0.4674422,-0.32100752
100204000,-0.2801637,-0.081343696,-0.32149467
100208000,-0.69991076,-0.22734201,0.0621339
100216000,-0.13367838,-0.19570154,0.41575837
100224000,0.18131647,0.008123908,0.6617917
100228000,0.3207931,-0.035392776,-0.09134707
100232000,0.36662805,0.05611208,-0.87103945
100236000,0.4401044,-0.32443875,-0.92951554
100240000,0.10210517,-0.36757675,-0.15838818
100248000,-0.36692455,0.8659705,0.7787521
100252000,-0.31427675,0.42517358,0.47518635
100256000,-0.22864124,-0.48065278,0.026797533
100260000,0.001821345,-0.51616436,-0.38512737
100264000,0.47208154,0.20807154,-0.65782094
100268000,0.25570723,0.29001245,-0.31992847
100272000,-0.5503266,-0.044481248,0.27771932
100276000,-0.9230364,0.20057464,0.34638888
100280000,-0.28821477,0.429577,0.18400231
100284000,0.71987486,0.10670861,0.20990816
100288000,0.57542944,-0.22999261,0.014460579
100292000,-0.3392768,-0.23785812,-0.1153522
100296000,-0.62303615,0.2131754,0.10348995
100300000,-0.5959537,0.48869646,0.019046307
100304000,-0.44576234,0.10170862,-0.20635742
100312000,0.39271897,0.19287163,0.386345
100316000,1.0220733,0.07287935,0.5279058
100324000,0.25268048,-0.27711186,-0.6718995
100328000,-0.44711104,0.074194804,-0.39309585
100332000,-0.49972734,0.38132328,0.26653272
100340000,-1.0663295,0.019908354,0.24644579
100344000,-0.66082835,0.15205018,0.34778208
100348000,0.22851416,0.60225004,0.03522075
100356000,0.26945883,-0.3089453,-0.67977023
100360000,0.003859881,-1.0205622,0.20863399
100364000,-0.37584397,-0.87525725,1.0491265
100368000,-0.45479196,-0.12237924,0.9454943
100372000,-0.15338807,0.43354473,0.11405158
100376000,0.03939617,0.36069596,-0.37238973
100380000,0.048153117,0.26927498,-0.3219135
100384000,-0.113846466,0.414139,0.028660044
100388000,-0.2612826,0.2761165,0.34767503
100392000,-0.15814927,-0.23091657,0.42757818
100396000,0.10923825,-0.53498787,0.1493243
100400000,0.25673604,-0.6224315,-0.37692812
100408000,-0.29332066,0.3143303,0.20389023
100412000,-0.4493044,0.94911397,0.26795474
100416000,-0.3184877,0.7935411,-0.10524359
100420000,-0.014979593,0.3202559,0.038712792
100424000,0.33398598,-0.087473005,0.44413713
100428000,0.39443523,-0.21362433,0.24644656
100432000,0.17861651,0.020273913,-0.275424
100440000,-0.505897,0.09852317,-0.09539287
100448000,-0.3744601,-0.18848151,-0.20924605
100452000,-0.15275124,-0.31226388,-0.033421293
100456000,0.3011612,-0.01883182,0.19891667
100464000,0.87851524,0.34015536,0.11102909
100468000,0.3583262,0.07307328,-0.057325937
100472000,-0.48494107,-0.09123994,-0.22635017
100476000,-0.3840292,0.1207948,-0.002005257
100480000,-0.066207,0.001180396,0.017276617
100484000,-0.3261665,-0.40789065,-0.43322265
100488000,-0.45227343,-0.13290471,-0.56288844
100492000,-0.5309075,0.072848044,-0.22590277
100496000,-0.29960132,0.035365075,0.28635707
100504000,0.20535052,0.39203173,0.70346117
100508000,-0.29448277,-0.22927055,0.740876
100512000,-0.5384726,-0.8747138,0.5436548
100516000,-0.29621476,-0.6288041,0.33025405
100520000,-0.052012082,0.2149975,0.2798444
100528000,0.58583987,0.60185915,-0.46117553
100532000,0.3662852,0.28306168,-0.42279488
100536000,-0.25755882,-0.04106843,-0.396438
100540000,-0.5493175,-0.04210624,-0.47166783
100544000,-0.26624602,-0.006317643,0.03984341
100548000,-0.00235194,0.12872696,0.79678804
100552000,-0.10098274,0.23316358,1.1576059
100556000,-0.044964768,0.056678966,0.56224996
100560000,-0.055118233,-0.044507112,-0.44711983
100564000,0.019899212,0.13400388,-0.9662362
100568000,0.032547742,0.31821808,-0.8037578
100572000,-0.44992524,0.24705483,-0.15730013
100576000,-0.5552012,0.04466342,0.331118
100584000,-0.26144597,-0.4460352,0.21866658
100588000,0.06978747,-0.089476325,0.085405834
100592000,0.23830888,0.19644685,-0.008094862
100596000,-0.09330127,-0.05737736,0.15269753
100600000,-0.3110894,-0.46307123,0.13758749
100604000,-0.11184636,-0.593825,0.064176396
100608000,0.09869887,-0.33912992,0.39602527
100612000,0.06167122,0.34202185,0.21401808
100616000,0.011984611,0.87147635,-0.33373138
100620000,0.2774682,0.9183506,-0.31345287
100624000,0.22942978,0.56131697,0.079561174
100632000,-0.5461253,-0.45833135,-0.43798953
100636000,-0.1645149,-0.5953649,-0.6047946
100640000,0.08806287,0.13718462,-0.470145
100648000,0.21818903,0.3867643,0.34109542
100652000,0.13546754,-0.12437639,0.8837325
100656000,0.010088429,0.09836404,0.90727866
100664000,-0.40537855,-0.24038857,0.4532817
100668000,-0.22829086,-0.5457853,0.3402089
100672000,-0.084091775,-0.557968,0.094420075
100676000,0.045374397,-0.22617958,-0.42479107
100680000,0.22163895,0.122609936,-0.79786754
100688000,0.102699675,0.28925192,-0.2718308
100692000,-0.4706787,0.39874393,0.6982531
100696000,-0.66289294,0.33587867,0.9502565
100700000,-0.14695811,0.15703036,0.20575616
100704000,0.12510616,0.08043776,-0.40366036
100708000,0.23442921,-0.043026075,-0.43733335
100712000,0.36015472,-0.24299212,-0.24374115
100716000,0.23392749,-0.13662247,-0.19278632
100720000,0.11519512,0.33073762,-0.20460069
100724000,-0.06301853,0.51636714,-0.23905432
100732000,-0.6566851,-0.3945224,0.22471893
100736000,-0.44148988,-0.30172,0.4387596
100744000,0.4360351,0.012761299,-0.21185385
100748000,0.59957236,-0.029151559,-0.093923435
100752000,0.19668281,0.21000387,0.19301337
100756000,-0.6382789,0.74152625,0.60544395
100760000,-0.8960184,0.5103369,0.32712674
100764000,-0.55307597,-0.359232,-0.48068428
100768000,-0.32419932,-0.78711885,-0.5800182
100772000,-0.5247286,-0.34049883,-0.006749794
100780000,0.18170778,0.15280506,0.34857544
100784000,0.6948522,0.2637046,0.15384248
100788000,0.32707626,0.29278576,-0.33864802
100792000,-0.123590544,-0.035783987,-0.2799975
100796000,-0.16105354,-0.6641208,0.1849541
100804000,0.1509098,-0.48683554,0.16728586
100808000,0.3907337,-0.22736402,0.15987891
100812000,0.13916497,-0.068162814,0.08285019
100816000,-0.09014276,-0.19271627,-0.22147289
100820000,-0.20597225,-0.075323,-0.3059599
100824000,-0.5813348,0.4240691,-0.105408475
100828000,-0.7858031,0.58851975,0.048044004
100832000,-0.59666586,0.41270792,0.018168774
100836000,-0.14174975,0.122350186,-0.10943671
100840000,0.34357572,0.010091856,-0.2247364
100844000,0.7092194,-0.08212516,0.008762181
100848000,0.96962774,-0.09271325,0.38065594
100852000,0.5152142,-0.014881037,0.17053114
100856000,-0.4290265,-0.19262579,-0.13762358
100860000,-1.0475318,-0.25828508,0.16977096
100864000,-0.806866,0.11254439,0.32034358
100868000,-0.031174988,0.6517135,-0.17736645
100872000,0.3092164,0.64235014,-0.5444386
100876000,-0.001840308,-0.030075148,-0.11655581
100880000,-0.48016706,-0.46554166,0.46427113
100888000,-0.03232012,-0.19494893,-0.21900812
100892000,0.20264982,-0.66697264,-0.21260455
100896000,0.25909194,-0.62858003,0.09748392
100900000,0.16875207,0.14814787,0.28302133
100904000,0.025416005,0.5566997,0.43971768
100908000,0.012475461,0.45964572,0.58384204
100912000,0.11456877,0.3643077,0.41132265
100916000,0.025861531,-0.07809402,-0.19192745
100920000,-0.16606851,-0.4234749,-0.9319062
100928000,-0.58346534,-0.056458414,-0.29635495
100932000,-0.38956267,-0.109010056,0.18722539
100940000,-0.43588215,0.3140021,0.06550965
100948000,0.31160903,-0.2235695,0.16974962
100956000,0.08293048,0.016672164,0.18022127
100960000,-0.26779133,0.33453378,0.10116032
100968000,0.1639438,0.332658,-0.2176663
100976000,-0.34864315,-0.78256446,-0.1480523
100980000,-0.17789496,-0.6944968,-0.45042923
100984000,-0.09325726,-0.44813418,-0.1567276
100988000,0.052954406,-0.089655526,0.32559776
100992000,0.34987828,0.3885865,0.27847016
100996000,0.17955753,0.5785742,0.33922246
101000000,-0.07728606,0.42055225,0.41829216
101008000,-0.13061014,0.074171826,-0.12080146
101012000,-0.033057243,-0.16528046,-0.43494022
101016000,0.07655545,-0.2906149,-0.22591956
101020000,0.022490807,-0.19749248,0.24033141
101024000,0.015621834,-0.07677985,0.3866467
101028000,-0.18278947,-0.27304336,0.30253392
101032000,-0.28780243,-0.13871673,0.122427724
101036000,-0.049007505,0.5007979,0.10049393
101040000,0.038426116,0.21070446,0.07124187
101044000,-0.0765892,-0.34974355,-0.14652413
101048000,-0.2050875,-0.1322772,-0.03317807
101052000,-0.30027342,-0.1289276,0.25371382
101056000,-0.14495105,-0.311791,0.2315257
101060000,0.27832288,-0.28152302,0.07315759
101064000,0.26986593,-0.004645608,0.033058554
101068000,-0.053806417,0.4461185,0.13212472
101072000,-0.049903873,0.27296865,-0.18751624
101076000,-0.12815434,-0.18449453,-0.72745615
101080000,-0.33071905,-0.21732248,-0.8243506
101088000,0.055450663,-0.27956307,-0.07226929
101092000,0.17116731,0.001373179,0.24271679
101096000,0.010574676,0.37997222,0.017788999
101104000,-0.17629445,0.25684264,-0.5463128
101112000,0.24577981,0.054919768,0.7675581
101116000,0.09225125,-0.11267864,0.8916919
101120000,-0.63005334,-0.1686565,0.4207408
101124000,-0.7088635,-0.29237896,0.25945628
101128000,-0.062121034,-0.12079848,0.29532796
101132000,-0.05599861,0.043181382,0.14668515
101140000,-0.20328517,-0.062725194,-0.50960815
101144000,-0.25872365,0.3289574,-0.7073807
101148000,0.20591184,0.44473225,-0.4759754
101152000,0.25744644,0.3222822,0.061424777
101156000,-0.49848646,-0.025537223,0.33519104
101160000,-0.5583911,-0.5393325,0.33027557
101164000,0.15980983,-0.57437646,0.17315355
101168000,0.5564802,-0.19625327,-0.10422687
101176000,0.37950832,-0.17996809,-0.2933747
101180000,-0.2796538,-0.32660547,-0.8942651
101184000,-0.47416627,-0.09927073,-0.4466371
101192000,0.21920177,0.60731316,0.42106128
101196000,0.5298149,0.26282388,0.093528405
101200000,0.39884824,-0.5800531,0.087808445
101204000,0.048586696,-0.85289913,0.27545434
101208000,0.044531252,-0.32050925,0.33744133
101212000,0.13938907,0.10980834,-0.058030248
101216000,0.015786067,0.06423266,-0.24101993
101220000,-0.2420799,-0.21206787,0.059014603
101224000,-0.6446143,-0.23416895,0.07681969
101228000,-0.59338105,0.09917804,-0.18455932
101232000,-0.05669242,0.2224838,-0.39997134
101240000,-0.11481948,0.50791,-0.5276313
101244000,-0.44003707,0.16854413,-0.13595021
101248000,-0.5517904,-0.39208016,0.54571927
101256000,0.013648868,0.15464407,0.27003565
101260000,0.51736414,-0.032580063,-0.45240808
101264000,0.65568864,-0.11553617,-0.74862766
101268000,0.61174357,-0.24069446,-0.5457971
101272000,0.11905052,-0.35448682,0.031292766
101276000,-0.6161888,-0.21445563,0.38985422
101280000,-0.77404296,0.38430345,0.49183327
101284000,-0.735122,0.6161016,0.093515694
101288000,-0.55177385,-0.12065023,-0.40869433
101296000,0.129363,-0.06296402,0.5464399
101300000,0.13276003,0.13483107,-0.12558585
101304000,-0.18025608,-0.036920004,-0.8008594
101312000,0.14949971,-0.08613197,0.110498175
101316000,0.029281229,0.008379471,0.6365136
101320000,-0.2523136,-0.012516689,0.50144094
101324000,-0.47356325,-0.2978502,0.010267258
101328000,-0.42935038,-0.7653012,-0.4821871
101332000,0.14333454,-0.5750956,-0.71926636
101336000,0.5203112,-0.004409537,-0.5534249
101340000,0.65416396,-0.033981718,-0.21037832
101344000,0.35891113,-0.08682436,0.088546224
101352000,-0.2940644,0.18722197,0.21950379
101356000,-0.12257079,-0.19753385,0.57069665
101364000,0.07036223,-0.015094347,-0.035902396
101368000,0.033870123,0.28229547,-0.4436094
101372000,-0.41085,0.26144928,-0.42294484
101376000,-0.7552595,-0.01905772,-0.2404517
101380000,-0.5174404,-0.22872287,0.113332145
101384000,-0.11358433,-0.41510543,0.21624885
101388000,0.002366185,-0.18491672,-0.28744972
101392000,0.09990495,0.56969905,-0.4922979
101396000,0.021786582,0.75662875,0.12368256
101400000,-0.32266825,0.29155132,0.73579043
101408000,-0.000524581,-0.38135654,-0.030864716
101412000,0.71337086,-0.18365467,-0.46986896
101416000,0.8854843,-0.14125627,-0.47954738
101420000,0.6442201,-0.31225762,-0.30077115
101428000,-0.53544617,0.14059639,0.5336586
101436000,-0.09809202,-0.13802914,-0.48547888
101440000,-0.23222965,0.07487291,-0.6928383
101444000,-0.3489256,0.31153032,-0.47578382
101448000,0.20358732,0.24230467,-0.40086403
101452000,0.66974056,0.17060618,0.03419134
101456000,0.727304,0.123578295,0.35787722
101460000,0.39093798,-0.22273596,0.14358766
101464000,-0.22588894,-0.7449612,0.10722556
101468000,-0.6246378,-0.8751892,0.25139648
101472000,-0.5687039,-0.59641695,0.13538224
101480000,0.091061525,0.22392064,-0.36939704
101484000,0.023939934,0.33432642,0.0825263
101488000,-0.40493155,-0.08669101,0.003068656
101492000,-0.5598775,-0.40377373,-0.44360986
101496000,-0.17213401,-0.14057705,-0.5013709
101500000,0.28561825,0.19729207,-0.36631078
101504000,0.56422937,0.114306316,0.1087727
101508000,0.6174592,-0.05097145,0.82972676
101512000,0.3434729,-0.036842,0.44639218
101516000,0.03232176,-0.049563378,-0.80363965
101520000,-0.44959095,-0.14970031,-0.89608234
101524000,-0.76554763,0.030338563,-0.055025116
101532000,-0.3390321,0.44961867,0.22910559
101536000,-0.42671114,0.19187468,0.16929558
101540000,-0.04524219,-0.16803391,-0.11812633
101548000,0.68834466,-0.6091511,-0.21545266
101552000,0.27463982,-0.10450585,-0.2097297
101556000,-0.008939941,0.069560856,-0.052011013
101564000,-0.63704973,-0.22618619,0.1450592
101568000,-0.45977333,-0.18911558,-0.17503758
101572000,-0.035832852,-0.43840423,-0.19003192
101576000,0.06029033,-0.2817335,-0.15826277
101580000,0.07154896,0.00378412,-0.0555797
101584000,0.120114975,0.057727903,0.20781484
101588000,0.29135233,0.24731594,0.41783902
101592000,0.48898262,0.2538621,0.2575365
101596000,0.26228556,-0.061075255,-0.32031667
101604000,-0.2956005,-0.078103006,0.22520678
101608000,-0.5796202,-0.29783455,0.19292144
101612000,-0.1696405,-0.4553873,0.066873804
101616000,0.3610146,-0.41903684,0.1306788
101620000,0.10766725,-0.21319541,-0.038512886
101624000,-0.08097197,-0.16553524,-0.26277786
101628000,0.17662424,-0.28760695,-0.30634606
101632000,0.013651818,-0.09843492,-0.1055026
101636000,-0.42872107,0.13065611,-0.038845826
101640000,-0.62742233,-0.08249252,-0.17059506
101644000,-0.7166438,-0.24092871,-0.18125862
101648000,-0.80417454,-0.04861439,0.074841276
101652000,-0.46543056,0.03598139,0.31868148
101656000,0.17081629,0.23051324,-0.22891377
101660000,0.5934098,0.59158975,-0.76479053
101668000,0.71755815,-0.33071643,0.2260053
101672000,0.3634075,-0.50402904,-0.022326082
101676000,-0.13375033,-0.47666335,-0.20548604
101680000,-0.124937534,-0.45502734,0.010904983
101684000,0.029637087,-0.10119093,0.06943913
101688000,-0.14333147,0.25662133,-0.1118265
101692000,-0.144486,0.2435197,-0.33020446
101696000,0.003176529,0.050056845,-0.004954204
101704000,0.3385949,0.055958994,0.34394112
101708000,0.21265,0.15204085,0.06381197
101712000,-0.26789278,0.13829441,-0.031137347
101716000,-0.52750003,-0.29703364,-0.3476047
101724000,0.0453716,-0.46530646,0.08018671
101732000,0.17609645,-0.040638313,0.10931206
101736000,0.04713531,-0.0982901,-0.33173096
101740000,-0.2171829,0.4545884,-0.2166321
101744000,-0.15571243,0.39254865,0.062361505
101748000,0.29636118,-0.15012799,0.22563614
101752000,0.4628277,-0.3283587,0.29802158
101756000,0.18550429,-0.34179902,0.03997034
101760000,-0.12942863,-0.37050307,-0.38108665
101768000,-0.5854648,-0.20716006,-0.03596811
101772000,-0.2335873,0.16313986,0.05637933
101776000,-0.013894934,0.34999475,-0.4089882
101780000,0.04775496,0.1319866,-0.39231881
101784000,0.3183604,-0.15216677,0.0464987
101788000,0.5315598,-0.22623292,0.13686569
101792000,-0.034225374,-0.25541493,-0.103001446
101796000,-0.7371652,-0.5000051,-0.21432024
101800000,-0.40170804,-0.61000216,0.07088843
101804000,0.0218725,-0.22932832,0.05410877
101808000,-0.0312787,0.35142308,-0.15780501
101816000,-0.5096948,0.38524222,0.007623615
101820000,-0.6427798,0.30952534,-0.3674103
101824000,-0.17034438,0.23891816,-0.25132254
101828000,0.46751207,-0.122346684,0.16198666
101832000,0.64509547,-0.44763225,0.07003571
101836000,0.45002663,-0.35206705,0.14735396
101844000,0.23462647,-0.5135208,0.4504391
101848000,-0.047710508,-0.122857094,-0.27435535
101852000,0.5739912,0.28906676,-0.57322454
101856000,0.9370838,0.1543099,-0.20502554
101860000,0.089879036,0.10964489,0.07025307
101864000,-0.50429493,0.13996331,0.0770092
101868000,-0.17886508,-0.0437389,-0.011630442
101872000,-0.021381471,-0.32115743,-0.23537797
101880000,-0.7948588,-0.85753167,-0.28962147
101884000,-0.30564487,-0.9673154,-0.44338605
101892000,0.3173507,-0.30754206,0.08543493
101896000,0.43008554,-0.000129841,0.2310459
101904000,-0.2910739,0.70841956,0.050274085
101908000,0.03783159,0.3867517,0.2677885
101912000,0.24324593,-0.17339082,0.35954535
101916000,-0.045040265,-0.21888551,0.23108268
101924000,-0.08164653,-0.24918789,-0.7684271
101928000,0.20848936,0.16913456,-0.24606556
101932000,0.5613386,0.8884368,0.33193356
101936000,0.20087485,0.79918516,0.06855346
101940000,-0.37320188,0.024374917,-0.49333277
101948000,-0.67817855,-0.397573,-0.51738036
101956000,-0.08678511,-0.2127538,-0.24707974
101960000,0.48821273,-0.107385784,0.3251534
101964000,0.566959,0.012420261,0.3310423
101968000,0.2960648,0.1523113,0.0951512
101976000,-0.2449658,-0.28885794,-0.042512856
101980000,-0.087663725,-0.26810992,0.061433956
101984000,-1.84E-05,-0.18112735,0.41120052
101988000,-0.09760575,0.0713308,0.5002342
101992000,0.14792815,0.29186752,-0.03796822
101996000,0.18303537,0.054048687,-0.4472988
102000000,-0.116645075,-0.21383846,-0.5609426
102004000,-0.13519885,-0.25599045,-0.5663734
102008000,0.08707182,-0.31852013,0.009370834
102012000,0.3181706,-0.16878356,0.47901672
102016000,0.14196315,-0.006279173,0.21342802
102020000,-0.23620494,-0.2501098,0.039658114
102024000,0.011852197,-0.58058715,0.13935003
102028000,0.6846551,-0.4341706,-0.10781559
102036000,0.014879301,0.39966366,-0.49706882
102040000,-0.52944547,0.23827903,-0.36680216
102044000,-0.32988685,-0.10163853,-0.003418159
102048000,0.19769096,-0.086770624,0.26230648
102052000,0.38150167,-0.062446237,-0.018427089
102056000,0.22069284,-0.44081038,-0.1498425
102060000,-0.14924663,-0.3504901,0.072233945
102064000,-0.39788985,0.17749383,0.1524689
102068000,-0.2969801,0.1604946,0.17320305
102072000,0.050981306,-0.14706002,0.08921783
102076000,0.27208528,-0.14357924,-0.26777342
102080000,0.26195115,-0.044941735,-0.5473217
102088000,0.15424177,-0.023631178,0.45582598
102092000,-0.15756382,-0.23984805,0.29482737
102096000,-0.2508602,-0.64231616,-0.22396816
102104000,0.4667277,0.35947788,-0.13924158
102108000,0.23761368,0.72086537,0.24591185
102112000,-0.10936053,0.49452794,-0.024940923
102116000,-0.23190412,0.048472404,-0.4548872
102120000,0.049033135,-0.24395719,-0.37393537
102124000,0.36933953,-0.19277251,-0.2527956
102128000,0.16098687,0.000998303,-0.17844614
102136000,-0.06766622,-0.049593627,0.050829563
102140000,-0.14638624,0.19984907,0.012109198
102148000,-0.25508583,-0.36904684,0.0464657
102156000,0.3413399,-0.31087625,0.26589632
102160000,0.9238879,-0.11854811,0.35307798
102164000,0.6073425,0.1707946,0.27590084
102172000,-0.3383106,-0.24857122,-0.4023994
102176000,-0.1462162,-0.83852166,-0.41420406
102184000,0.010162445,-0.17919934,-0.093194
102188000,0.07752944,0.43026555,-0.058140244
102192000,-0.10348173,0.69766164,0.31482142
102196000,-0.43224937,0.18031733,0.63972944
102200000,-0.42761722,-0.3731755,0.028842121
102204000,0.08180393,-0.4927261,-0.4619734
102208000,0.31871158,-0.47625533,-0.5437566
102212000,0.11051099,-0.380649,-0.63698006
102216000,-0.103436515,-0.3521555,-0.20527685
102220000,-0.26937965,-0.11080608,0.2576129
102224000,-0.09251728,0.32609138,0.18629098
102228000,0.18873365,0.5155245,-0.016847283
102232000,0.03951764,0.3834787,0.043605175
102236000,-0.17616326,0.17436196,0.18075027
102240000,0.12358968,0.024789806,-0.093317464
102244000,0.51935065,-0.41409782,-0.4201354
102248000,0.3743662,-0.7370945,-0.18497947
102252000,-0.011655286,-0.14266573,0.2280756
102256000,-0.07700935,0.6968904,0.37640205
102264000,-0.010433081,-0.21490951,-0.04570946
102268000,0.5525588,-0.37782153,-0.107643835
102272000,0.90447253,0.08757749,-0.008671593
102276000,0.38625532,-0.018307343,-0.25173286
102284000,-0.6130103,-0.07060748,-0.9276816
102288000,-0.78077185,-0.024279732,-0.5185425
102292000,-0.6084331,-0.21564385,0.2758417
102300000,0.5078342,-0.078242764,0.63350654
102304000,0.5661226,0.33417764,0.18631583
102308000,0.36283743,0.46955812,-0.014567863
102312000,0.2380736,0.10847762,-0.004466433
102316000,0.21949273,-0.11457949,0.000504769
102320000,0.26057282,-0.17234595,-0.37563413
102328000,0.21396106,0.19347186,-1.0459435
102336000,-0.22930527,-0.5248911,0.50356096
102340000,0.041375324,-0.58479095,0.75773364
102344000,0.43095583,-0.7546774,0.2897268
102348000,0.35760236,-0.7742556,-0.3332363
102352000,-0.18287139,-0.121433824,-0.6144516
102356000,-0.442482,0.6396259,-0.4771828
102360000,-0.25579625,0.7753112,-0.23130372
102364000,0.001372576,0.1058598,0.103119805
102368000,0.07096407,-0.6597851,0.47617623
102372000,0.29173744,-0.71230257,0.30619612
102376000,0.5339153,-0.2733736,0.13497378
102384000,-0.4719738,0.46584797,-0.1131821
102388000,-0.08272661,0.58958,-0.24919271
102392000,0.26255503,0.64283466,-0.2583152
102400000,0.12014674,-0.293792,-0.23936078
102404000,0.104438625,-0.19405438,-0.31200266
102412000,-0.1285744,-0.98128337,0.37474203
102420000,-0.14021097,-0.38704515,0.14949057
102424000,-0.06710702,0.123422265,-0.04611128
102428000,0.07644241,0.3939665,-0.10620023
102432000,0.30589518,0.74303824,-0.18678093
102436000,0.36948797,1.0551071,-0.34046248
102440000,0.024292797,0.66951394,-0.37987608
102448000,0.12616566,-0.63780564,0.28621292
102452000,0.30889407,-0.48891658,0.39959553
102460000,-0.017557532,0.01717668,-0.23787776
102464000,0.114227824,0.072761886,-0.22370009
102468000,-0.11912827,0.336842,0.0775449
102472000,-0.13050611,0.41835964,0.17503396
102476000,0.019711304,-0.15835032,-0.14926918
102480000,0.29200146,-0.4921095,-0.1377808
102484000,0.2431266,-0.24607767,0.34576514
102488000,-0.1742077,0.0691995,0.30264038
102492000,0.09071936,0.10250306,-0.4003623
102496000,0.6745293,-0.11872618,-0.45132166
102500000,0.41010356,-0.24642655,-0.13843241
102504000,-0.35253853,0.14024645,-0.17306319
102508000,-0.62262166,0.49644464,0.06898011
102516000,0.34155333,-0.5514425,0.51872796
102520000,0.14440513,-0.27459648,0.16798198
102524000,-0.090282425,-0.16395044,-0.020721998
102528000,0.001688439,-0.11160031,0.026738726
102536000,0.38748482,0.32887205,-0.41518593
102540000,0.7892433,0.25720742,-0.341844
102544000,0.56781983,-0.22805461,-0.030529484
102552000,0.15306075,-0.5988343,-0.12512977
102556000,0.8006136,-0.14127055,0.2848023
102560000,0.52935296,-0.09813089,0.32276198
102564000,-0.19217332,-0.10794037,-0.21028182
102568000,-0.3661585,0.21582265,-0.31180602
102576000,-0.44468728,0.05362466,0.30445838
102584000,-0.3482514,-0.17759492,-0.09735039
102588000,0.29147238,-0.17918125,0.033076152
102592000,0.67878693,-0.14897676,-0.17015179
102600000,0.2117889,0.2232206,-0.7043818
102604000,0.309398,0.4748524,-0.10084623
102608000,0.001626924,0.34355488,0.21551053
102612000,-0.22645545,-0.19198026,-0.008496597
102616000,-0.04344648,-0.35803485,-0.010607667
102624000,0.3748693,0.17222108,-0.32706225
102628000,-0.016956419,-0.15482812,-0.26683065
102636000,-0.557294,0.46503708,0.07244834
102644000,0.8440815,-0.06528255,-0.12124399
102648000,0.38919884,-0.5838169,-0.1158028
102652000,-0.1428158,-0.4105208,0.14533433
102656000,0.2656076,-0.1860942,0.39276195
102660000,0.5352927,-0.13759117,0.51260924
102664000,-0.010224789,-0.19058813,0.2527324
102668000,-0.36884844,-0.34009913,-0.18305019
102672000,0.021128982,-0.385316,-0.34445116
102676000,0.31878567,-0.12993586,-0.13849266
102680000,0.1886747,0.30534685,0.040595032
102684000,-0.2698094,0.4092725,0.12019748
102688000,-0.83813834,0.28136522,0.2291303
102692000,-0.46208367,0.003573954,0.000175759
102696000,0.56057966,-0.5043078,-0.1994985
102700000,0.97368705,-0.45972294,-0.23950551
102708000,0.4801037,-0.10974917,-0.10008842
102712000,-0.029626459,0.002741404,-0.062746786
102716000,-0.36462104,0.013550665,-0.24856856
102720000,-0.48787147,0.024976231,-0.083467305
102724000,-0.2421838,0.32022637,0.09217986
102728000,0.121059254,0.6253267,0.2307148
102732000,0.36876807,0.08530694,0.43773493
102736000,0.29612535,-0.6057778,0.28676122
102740000,-0.2114027,-0.23985858,-0.1756852
102744000,-0.28320006,0.45046106,-0.5220258
102748000,0.09827737,0.73112345,-0.20173563
102752000,0.4277203,0.7030872,0.3165482
102756000,0.7785102,0.10518393,0.07556918
102760000,0.62198424,-0.76261604,-0.17421803
102764000,0.011432916,-0.8888421,-0.07933162
102768000,-0.31153768,-0.009575874,0.015901793
102772000,-0.3095984,0.6311098,0.088511065
102776000,-0.3158599,0.38677824,0.054858666
102780000,-0.47716358,0.13599154,0.1162413
102788000,0.60689485,-0.39540982,0.09742416
102792000,0.64254737,-0.306376,-0.2712604
102796000,0.06529006,-0.18088946,-0.21065003
102804000,-0.73820996,0.17459607,-0.14761433
102808000,-0.52808225,0.5622231,0.04819019
102812000,0.14987496,0.4163072,0.13255158
102816000,0.7524981,-0.34482938,-0.26040345
102820000,0.38761753,-0.71013725,-0.5361408
102824000,0.07247475,-0.6803137,-0.35898626
102832000,0.20431143,0.13636667,0.1527881
102836000,0.006647301,0.000773415,0.11286268
102840000,0.26717442,-0.26651806,0.31240737
102844000,0.5169811,-0.33778223,0.42610085
102848000,0.2163939,-0.03319782,0.27661514
102852000,-0.31855634,0.4610101,-0.06570852
102860000,-0.25357607,0.06263701,-0.3634867
102864000,0.02731444,0.095219634,-0.24362658
102868000,0.06947692,-0.04239056,0.007157452
102872000,0.36959636,-0.29640156,0.16123107
102876000,0.6358192,-0.08375482,0.016926602
102884000,0.14113253,0.08986629,-0.06481369
102892000,-0.05497103,-0.1565017,0.16696207
102896000,0.43767717,-0.121683635,-0.4154477
102900000,0.29956532,0.20031622,-0.30930927
102904000,-0.15146099,0.3470422,0.2756698
102908000,-0.46682355,0.26605505,0.5196646
102912000,-0.4580139,0.38041934,0.03534831
102916000,-0.18397987,0.16721462,-0.6071057
102920000,0.07877544,-0.17260817,-0.433473
102924000,0.3151538,-0.27841467,-0.023485348
102928000,0.16576648,-0.7044772,-0.03138622
102932000,0.017382886,-0.5883259,0.06385408
102936000,0.08256781,0.31450817,0.40359446
102944000,-0.5437576,0.29670417,0.24048078
102948000,0.07511993,0.16928367,-0.35024935
102956000,0.812945,-0.4237715,-0.82778794
102960000,0.27187538,-0.643822,-0.46594316
102964000,-0.4624102,-0.49756637,0.13498625
102972000,-0.40436214,-0.25719705,0.47737825
102980000,0.8107227,-0.24954334,0.47981673
102984000,0.57014716,-0.20626837,0.27411547
102988000,0.10576004,-0.13093254,-0.39551577
102992000,-0.14856261,0.3242784,-1.061621
102996000,-0.1987032,0.6269906,-0.8425657
103000000,-0.02032616,0.4209498,-0.13329187
103008000,0.4679275,0.000149816,0.2140946
103012000,0.3245396,0.16763733,-0.027653605
103016000,-0.13873613,0.24138713,0.11869055
103024000,-0.23753071,0.2651806,0.6037184
103028000,-0.110091135,0.13673586,0.44289175
103032000,0.16038533,-0.2088757,0.324835
103036000,0.43066788,-0.49509943,0.105375014
103044000,-0.19470705,0.5599374,-0.20202792
103048000,-0.059149414,0.40027446,-0.12281625
103052000,0.17233823,-0.15123987,-0.28999674
103056000,-0.016284704,-0.32600623,-0.16710813
103060000,-0.4882854,-0.22330731,0.29885364
103064000,-0.54603136,-0.26982522,0.2287069
103068000,0.11690712,0.09308483,-0.059816413
103076000,0.36498564,0.5936451,-0.113116
103080000,0.33213156,0.39234442,-0.28128248
103084000,0.41888642,-0.05537717,-0.36015224
103088000,-0.023062587,-0.6227163,-0.10599219
103092000,-0.5303548,-0.5822496,0.06960288
103096000,-0.34102425,-0.0553665,0.15375943
103100000,-0.15213889,0.3702171,0.04569544
103104000,-0.10818579,0.4483206,-0.24951401
103108000,0.4786229,0.05940345,-0.31086838
103112000,0.98760194,-0.43173453,-0.25267062
103116000,0.6337563,-0.7399773,0.05182553
103124000,0.09194443,-0.15105937,0.25262302
103132000,0.19943221,0.7964718,-0.3977572
103136000,0.30249462,0.44250873,-0.46397814
103140000,-0.18423127,0.18264064,-0.2634134
103144000,-0.7132607,0.4199826,0.14362085
103148000,-0.4453464,0.39975584,0.16763708
103152000,0.31058007,0.005600095,-0.050941676
103156000,0.43308046,-0.520394,0.056955606
103160000,0.027738854,-0.8451667,0.111684464
103168000,-0.122027956,-0.12933397,0.62201416
103172000,-0.283633,0.13292733,0.37788484
103176000,0.16941437,0.4807358,-0.18034291
103180000,0.7968685,0.59771633,-0.012175754
103188000,0.13706015,-0.31370735,-0.36650944
103196000,-0.58706605,-0.5849456,0.18163611
103200000,-0.42828315,-0.29445487,0.33703747
103204000,-0.4395636,0.4536628,-0.15842366
103208000,-0.1447552,0.7672112,-0.37635872
103216000,0.9613812,0.017048374,0.15644534
103220000,0.69756067,-0.7306057,-0.08968991
103228000,0.2918615,-1.2954452,0.40562883
103232000,0.05285589,-0.34619072,0.27213648
103236000,-0.39744,0.59723544,0.17120934
103240000,-0.68315953,0.48941988,-0.084525794
103244000,-0.3886369,0.1829701,-0.5834913
103252000,0.016538113,0.6751278,-0.4032748
103256000,0.109763175,0.69817376,0.35157737
103260000,0.47623003,0.09329736,0.47328746
103264000,0.5839284,-0.6995507,-0.062218755
103268000,0.29920387,-0.9728116,-0.0630102
103272000,-0.117774725,-0.32998133,0.032672312
103280000,0.8250645,-0.2395131,-0.46328747
103288000,0.038697198,-0.21155688,0.31820747
103292000,-0.15562968,-0.19610448,0.5416515
103296000,0.06473099,-0.108025715,0.47488767
103300000,-0.29486775,0.3001926,0.35514462
103308000,-0.63959265,0.45421803,-0.67855996
103312000,-0.055465758,0.24107182,-0.41563883
103316000,0.06461252,-0.24959005,0.22703035
103320000,0.043386143,-0.42798632,0.22713688
103324000,0.33900127,0.052442193,-0.020497419
103328000,0.4868586,0.4961477,-0.12842065
103332000,0.3820822,0.25029713,0.0682172
103336000,0.123501115,-0.20097208,0.14455283
103340000,-0.15921411,-0.23005389,-0.16653599
103344000,0.065900266,0.16792218,-0.21278527
103348000,0.41589463,0.53195477,-0.11151029
103356000,-0.5143222,-0.25411034,0.17648773
103360000,-0.58279115,-0.3238415,0.49553418
103364000,-0.28021437,-0.19016446,0.6867852
103368000,0.01218494,-0.35604933,0.6679863
103372000,-0.14244021,-0.20511839,0.11217418
103380000,0.41132712,0.91339505,-0.5705644
103384000,1.06107,0.6635063,-0.044800222
103392000,0.5215656,-0.73264486,-0.19655447
103396000,-0.30304685,-0.009555757,-0.9966539
103400000,-0.43306023,0.19233374,-0.9652127
103404000,0.08480054,-0.16814478,-0.14953986
103408000,0.45679477,-0.3543471,0.36272275
103412000,0.26650012,-0.28469288,0.2865466
103420000,-0.22014964,0.05727829,0.5157593
103424000,0.34379625,0.38699362,0.5648703
103428000,0.3683366,0.47472063,0.29730892
103436000,-0.120571,-0.10359941,-0.55045056
103440000,-0.24173155,0.048204213,-0.5817409
103448000,0.3385337,-0.05553093,0.50218743
103452000,0.48702556,-0.27730158,0.8308651
103456000,0.35458326,0.04602246,0.34870064
103460000,0.1777622,0.22726068,-0.14524655
103464000,-0.34554553,-0.21785519,-0.39656
103468000,-0.5275371,-0.60141736,-0.50460476
103472000,-0.09822999,-0.66219366,-0.03921768
103476000,0.001863413,-0.39447546,0.43764058
103480000,-0.32007036,0.4882567,0.2425175
103484000,-0.4076308,1.0765244,-0.21833839
103488000,0.01966989,0.80643857,-0.39591396
103496000,0.29077435,0.086448304,-0.04348983
103500000,0.03855046,-0.07125886,-0.05857851
103504000,-0.10234526,-0.036399916,0.1254084
103508000,-0.15766579,-0.063041955,0.48206002
103512000,-0.24482973,-0.68299454,0.6334497
103520000,-0.21666732,-0.033812523,-0.017257418
103528000,0.4904064,0.62924784,-0.0868495
103532000,0.8347488,-0.119504794,0.036037087
103536000,0.5579716,-0.10721545,0.44248652
103544000,0.122916706,0.038696438,-0.19757614
103548000,0.30032498,-0.37744185,-0.59974694
103552000,0.15676172,0.10832165,-0.6558878
103556000,0.4197834,0.5335849,-0.52697045
103560000,0.4765263,0.3797164,-0.14197403
103564000,-0.26682687,0.010397524,0.43988967
103568000,-0.666699,-0.0872359,0.5462227
103576000,0.3836824,-0.2823702,0.024239413
103580000,0.036644757,-0.31270385,-0.18161254
103588000,-0.4857087,-0.12324487,0.11926848
103592000,-0.045181826,-0.5042901,0.037541073
103596000,0.37563083,0.006085724,-0.17545664
103600000,0.9113042,0.36367762,-0.3393745
103604000,0.975827,0.1267117,-0.46889487
103612000,-0.84566206,-0.004725957,0.58574986
103616000,-0.50509024,0.26407227,0.88908774
103620000,0.2323251,-0.023508906,0.46963486
103624000,0.27186617,-0.47982496,-0.10923509
103628000,0.10289615,-0.18861645,-0.23185399
103632000,0.13707519,0.4143745,-0.26424024
103636000,-0.09736887,0.5276662,-0.59404474
103640000,-0.2789331,0.14331701,-0.70652664
103644000,0.16694245,0.040070377,-0.29159656
103648000,0.6441044,0.22155625,0.2365535
103656000,-0.15609886,-0.6189898,0.40047148
103660000,-0.48498577,-0.012903869,-0.052432984
103664000,-0.6909095,0.75028473,-0.18352918
103672000,0.24994317,0.24635673,-0.12806904
103676000,0.4424659,0.08238034,-0.44242632
103680000,0.40497026,-0.11787478,-0.3629425
103688000,0.067200705,-0.31757283,0.6459977
103696000,-0.08598062,0.38786197,-0.3195703
103700000,0.19126868,0.10039179,-0.3381039
103704000,-0.025941357,-0.7422144,0.28056723
103708000,-0.40863615,-0.8945229,0.23972785
103712000,-0.31351787,-0.08231071,0.056012675
103716000,-0.16237676,0.7509362,0.2779453
103720000,-0.26620382,0.45417047,0.11600053
103724000,-0.016589507,-0.18200234,-0.47163385
103732000,-0.084869444,-0.26143396,-0.007771418
103736000,0.14378291,-0.5582421,0.3314217
103740000,0.20040505,-0.48396295,0.141539
103744000,0.35451728,-0.121763274,0.017035343
103752000,0.0784719,0.5352453,0.6540725
103756000,-0.32424307,0.45686033,0.07670772
103760000,0.004666179,0.35051554,-0.40028504
103764000,0.47518745,0.35241663,-0.10522942
103768000,0.3558667,0.2425348,0.5687299
103776000,0.018775532,-0.45982632,-0.11231297
103780000,0.2126816,0.122890696,-0.46175486
103784000,0.31410256,0.92033434,-0.44225752
103788000,0.41203174,0.6527745,-0.25170672
103792000,0.3067189,-0.23280594,-0.25836197
103796000,-0.029820047,-0.6403648,-0.14465174
103800000,-0.1468848,-0.6926995,0.1457062
103804000,-0.060428582,-0.6516155,0.33665025
103808000,-0.21002243,-0.2974764,0.52397835
103812000,-0.1546202,0.33094788,0.3007472
103816000,0.21932037,0.40086672,-0.13923852
103820000,0.12406583,0.2390039,-0.2405538
103828000,0.14012642,0.690869,-0.4459225
103832000,0.0032859,-0.112642795,-0.12367006
103836000,-0.30917275,-0.69095963,0.52323925
103844000,-0.9506075,0.3084418,0.15641133
103848000,-0.6153165,0.33077383,0.061692655
103856000,1.043319,-0.50300026,-0.21460588
103860000,0.7607509,-0.15838063,-0.14576446
103864000,-0.29522616,0.10743168,-0.009276667
103868000,-0.94007826,0.05982622,0.38394842
103872000,-0.6082901,0.22234711,0.566406
103876000,0.14691207,0.42721885,0.09289175
103880000,0.5186387,0.46235,-0.51285744
103884000,0.74864036,0.344382,-0.5603188
103892000,-0.03368166,-0.4145733,0.3798849
103896000,0.09882593,-0.30322352,0.43442193
103900000,0.5232934,-0.278229,0.0677039
103904000,0.32317227,-0.21924916,-0.04151048
103908000,-0.05083902,0.10686091,0.16504353
103912000,-0.37397364,0.36004713,-0.13472971
103916000,-0.39529422,0.6379865,-0.4835724
103920000,0.13603854,0.76130855,-0.001641899
103924000,0.5087663,0.45740098,0.21942694
103928000,0.40376738,-0.16989611,0.004169956
103932000,0.035961315,-0.5287369,0.49412078
103936000,-0.47045472,-0.13409746,0.78904474
103944000,-0.54463077,-0.3978874,-0.35582396
103948000,-0.03319957,-0.6108199,-0.6688535
103952000,0.3709471,-0.13033274,-0.5984474
103956000,0.48667765,0.4698156,0.06680733
103960000,0.19713846,0.47585604,0.43490928
103964000,-0.053791046,0.13434885,0.20798345
103968000,0.21470705,-0.03860504,0.2378183
103976000,0.050184265,0.08698823,0.12821546
103984000,-0.10864555,0.31035697,-0.36948386
103988000,-0.11730695,0.38674474,-0.052173734
103992000,0.16931579,0.13005975,-0.008836642
103996000,0.43004942,-0.3135309,-0.062201247
104000000,0.4730062,-0.38825536,0.22943054
104008000,-0.20787054,0.31933233,-0.012234088
104012000,-0.89074624,0.7738349,0.28258994
104016000,-0.89000815,0.52507377,0.6053012
104024000,0.004145002,0.25362048,-0.25304592
104032000,0.6676579,-0.39285094,-0.059989274
104036000,0.5154314,-0.54492515,0.18991762
104040000,-0.018670589,-0.32679048,0.23615944
104048000,0.002589853,0.028729837,0.329012
104056000,0.13013959,0.12241185,-0.31914622
104060000,-0.026954375,0.15929228,-0.43249518
104064000,-0.37442073,0.2819309,-0.3718648
104068000,-0.23950501,0.13629714,-0.502823
104072000,-0.051960424,-0.1042303,-0.38771474
104076000,-0.0743012,-0.31570306,0.1212526
104084000,-0.13583845,0.10204555,0.5350295
104088000,-0.14218551,0.51793575,0.28967875
104092000,0.083002694,0.42664722,0.10869238
104096000,0.4131955,0.17840388,0.1732999
104100000,0.371512,0.037771765,-0.055567898
104104000,-0.15153694,0.010068256,-0.26286957
104108000,-0.3795511,-0.08826235,-0.052622184
104112000,-0.20312318,-0.075436726,0.053319655
104116000,-0.11894236,-0.011852801,-0.018255377
104120000,-0.2577517,-0.02626127,0.055893954
104128000,0.21208958,0.16894229,0.43580344
104136000,0.64434624,-0.3241588,-0.5826246
104140000,0.21603672,-0.20679486,-0.24956301
104144000,-0.06357141,0.12174559,0.47848603
104148000,-0.32619575,0.31051445,0.43555763
104156000,0.16490911,0.62244236,-0.52628255
104160000,0.2519461,0.52455527,-0.17792976
104164000,-0.001210958,0.14062013,0.2775015
104168000,0.15989228,-0.13509825,0.30457097
104172000,0.32212162,-0.3371355,-0.07401776
104176000,0.5195525,-0.4150925,-0.31113353
104180000,0.48438358,-0.2504523,-0.11124498
104184000,-0.2799458,-0.07608605,0.15667602
104188000,-0.6644256,0.11866307,0.57612526
104196000,-0.05303231,0.59547627,0.027326018
104204000,-0.011716471,0.17726289,-0.054099176
104208000,0.0691224,0.39616084,0.23798901
104212000,0.07425168,0.027187452,0.24694833
104216000,-0.1353132,-0.7095427,-0.1008557
104220000,-0.38938838,-0.92732644,-0.2790609
104224000,-0.22591001,-0.68323153,-0.21864116
104228000,-0.112995505,0.008591786,-0.06484404
104232000,-0.25519568,0.3855261,0.13427219
104236000,-0.04872419,0.08114749,0.04138183
104240000,0.24756591,0.29197317,-0.10314653
104244000,0.24603164,0.5595533,0.011462949
104248000,0.29772967,-0.04221794,0.13594133
104252000,0.35516208,-0.40942734,0.1813463
104260000,-0.41574952,0.5944801,0.27716103
104264000,-0.18347201,0.39668903,0.29549426
104268000,-0.000176427,-0.12345627,0.21779782
104272000,-0.12154479,-0.0554986,-0.060266957
104276000,-0.25732198,0.028065726,-0.21382338
104280000,0.00916218,-0.061268486,-0.003495075
104284000,0.7134578,-0.08208815,0.06690701
104288000,1.0072716,-0.1240795,-0.33807635
104292000,0.5495969,-0.13866132,-0.6203166
104296000,-0.085097246,-0.2900007,-0.24497126
104300000,-0.3035334,-0.50304693,0.25288868
104304000,-0.3488779,-0.18309745,0.21830311
104308000,-0.7757772,0.39512053,-0.13025887
104316000,-0.23826292,0.24255528,0.025875613
104320000,0.32921392,0.09829171,0.57000494
104328000,-0.067857414,0.23265353,0.56609964
104332000,0.06926727,0.4039404,0.7053121
104336000,0.43510902,0.28582945,0.26537418
104344000,0.18015169,-0.5739841,-0.8091938
104348000,-0.18757066,-0.003760189,-0.73499
104356000,-0.03454864,-0.07175618,0.40016007
104364000,-1.0776898,0.058941573,0.35162407
104368000,-0.6205658,0.3022285,0.24693681
104372000,0.14173026,-0.013203472,-0.16055726
104376000,0.50935966,-0.0155112,-0.49641442
104380000,0.58174694,0.37636292,-0.13657169
104384000,0.56347466,0.5801686,0.27093545
104388000,0.59862256,0.6898413,0.25331235
104396000,-0.04554905,0.12499216,-0.0698428
104400000,-0.67267513,-0.26994947,-0.3254009
104404000,-0.7604113,-0.32909134,0.004647642
104412000,0.13443907,-0.13025117,0.46729726
104416000,0.1373278,0.05099423,-0.27811542
104424000,-0.28246063,-0.21053925,0.07926655
104428000,-0.2062084,-0.09858583,0.061152235
104432000,-0.09210609,-0.09104843,-0.001768097
104436000,0.35106203,-0.18929426,-0.028003499
104440000,0.9458817,-0.14278224,0.015906721
104448000,0.25635934,1.0445087,1.0240439
104456000,-0.21428576,-0.13665402,-0.23277274
104460000,-0.249372,-0.6771426,-0.31187993
104468000,-0.2918169,-0.35302883,-0.29294968
104472000,0.074791476,-0.021880433,-0.16068892
104476000,0.3369701,0.158367,-0.1530875
104484000,-0.2635858,0.43786463,0.15013152
104492000,-0.08590026,-1.0534337,-0.38355905
104496000,-0.6232857,-0.53179413,-0.16526197
104500000,-0.73186624,0.44793057,0.197646
104504000,0.0819709,0.9900198,0.3790722
104508000,0.8129947,1.0804894,0.5817623
104512000,0.8501061,0.561844,0.73269945
104516000,0.2519687,-0.051171854,0.559604
104520000,-0.16278812,0.042533092,-0.07206996
104524000,0.10762994,0.28973377,-0.68679506
104532000,0.2073583,-0.025421878,-0.41275167
104536000,-0.10232145,0.02421055,-0.08248048
104540000,-0.1897875,0.14037721,0.3723025
104544000,-0.35642257,-0.2184631,0.6332908
104548000,-0.43466124,-0.5429781,0.42063504
104556000,0.19312552,0.4204587,0.22286585
104560000,-0.13804126,0.7989523,0.3739401
104564000,-0.25337714,0.5190539,0.16829228
104568000,-0.026065215,-0.15470868,0.00789359
104576000,0.007466257,-0.454281,-1.0456251
104580000,0.330507,0.015559584,-0.3438893
104588000,0.25275895,0.2716592,0.35923806
104592000,0.14145727,0.64639026,-0.003564179
104596000,0.18319476,0.99806666,0.16878988
104600000,-0.1910918,0.4660778,0.43162528
104608000,-0.68290216,-0.8804643,-0.36735547
104612000,-0.5684787,-0.6204715,-0.4423855
104616000,-0.24069661,-0.03712444,-0.13253969
104620000,0.36059237,0.29144228,0.056864828
104628000,-0.10390255,0.65386003,0.16666123
104632000,-0.14692387,0.5606967,-0.14914425
104636000,0.13217612,0.07017373,-0.28377694
104640000,0.30951557,-0.26580176,-0.47584158
104644000,0.24982598,-0.02161511,-0.1708639
104648000,-0.03923711,0.32924527,0.3980022
104652000,-0.3156315,0.23612389,0.44454062
104656000,-0.4860703,-0.19328356,0.31458893
104660000,-0.38213497,-0.38556138,0.20678133
104664000,-0.019336186,0.09675187,0.04262894
104668000,0.35695183,0.16464786,0.28839087
104676000,0.54658675,-0.1382641,0.74964947
104680000,0.50096923,0.3221133,0.31527945
104684000,0.13291565,0.4589314,-0.46493402
104688000,-0.38270515,0.17139271,-0.46479434
104692000,-0.38179773,0.13134053,0.041767
104696000,-0.36069527,0.32742324,0.09589395
104700000,-0.34862113,0.22704032,-0.013355982
104704000,-0.03767079,-0.06925922,-0.11125984
104708000,-0.08630234,-0.36370435,0.099458754
104712000,-0.19943368,-0.57394123,0.45443147
104716000,0.20554909,-0.15315813,0.08112034
104720000,0.16135308,0.65870726,-0.5357787
104724000,-0.42474377,0.50495136,-0.3877244
104732000,-0.8496625,-0.3647926,-0.040412687
104736000,-0.4459683,-0.35261026,-0.22881533
104740000,0.3662082,-0.051091105,0.25868034
104744000,0.6696117,0.3796125,0.899679
104752000,0.23471466,0.262023,0.10527232
104756000,0.14883694,-0.043329284,-0.40706667
104760000,-0.081603795,0.33037186,-0.40222144
104764000,-0.1065321,0.45780778,0.08325523
104768000,0.07190259,-0.31295866,0.4018132
104776000,0.111363724,-0.63898885,0.002704926
104780000,0.06962454,0.19843592,-0.01473929
104784000,-0.13382274,0.23947032,-0.13991809
104788000,-0.29810652,0.15383059,0.12199883
104792000,-0.3026455,0.6313026,0.24974094
104796000,-0.15222566,1.1403711,-0.029093392
104800000,0.11307438,0.83606976,-0.4776399
104804000,0.33111778,-0.075445116,-0.5679099
104808000,0.16671988,-0.23805933,0.15105546
104812000,-0.15511611,-0.061378412,0.59785664
104816000,-0.31258976,-0.36217088,0.2924984
104820000,-0.30731034,-0.39571005,-0.14648536
104824000,-0.24136445,-0.10930736,-0.13332301
104828000,-0.4246431,-0.3138654,0.082414545
104836000,-0.05172301,-0.033225015,-0.41620043
104840000,0.40503037,0.259571,-0.31642544
104844000,0.44662327,0.2658483,-0.03383653
104848000,-0.34547383,0.38217306,0.5761513
104852000,-0.88414437,0.32536227,0.65496385
104860000,0.22593604,-0.003866168,-0.2505751
104864000,0.3630083,0.040367644,-0.13198897
104868000,0.11746012,0.006375499,0.2160033
104872000,0.22690545,-0.022573479,0.6425711
104876000,0.63508093,-0.018126171,0.6237199
104880000,0.6923331,0.22241601,0.3511889
104888000,-0.30060077,0.2709223,0.0800739
104892000,-0.6845931,0.017604277,-0.09060393
104896000,-0.5786659,0.20270522,-0.37646928
104900000,0.19262743,0.074179776,-0.393173
104908000,0.16005956,-0.024761684,-0.17845997
104912000,-0.056887306,-0.17627779,0.11209674
104916000,0.25990713,-0.0657332,0.33490223
104920000,0.42726976,0.36143667,0.093207955
104924000,-0.27823263,0.2701259,0.004627906
104928000,-0.73514277,-0.10580164,0.016701452
104932000,-0.19617695,0.050429612,-0.022786565
104936000,0.15091684,0.3295725,0.09776833
104940000,-0.2023358,-0.03364411,0.13386685
104944000,-0.37022656,-0.330563,0.17799939
104948000,-0.24374437,-0.105702505,0.12979221
104952000,-0.02447728,-0.023684956,0.08440884
104956000,0.05236697,-0.06382686,0.23006816
104960000,-0.33440825,0.13755056,0.33234334
104964000,-0.6269142,0.29102716,0.40435365
104968000,-0.44033796,0.5237515,0.28061467
104972000,-0.19646198,0.80293113,-0.08492788
104976000,-0.001532112,0.25289258,-0.22955698
104980000,0.1947234,-0.6111494,-0.080386706
104984000,-0.03001535,-0.5138922,-0.10700751
104988000,-0.27451256,0.14459777,-0.4309872
104992000,0.10455816,0.40544212,-0.5058415
104996000,0.6913984,0.2334356,-0.124677144
105000000,0.8663746,-0.26774687,0.15011549
105004000,0.52346134,-0.6101461,0.19470641
105012000,-0.4243108,0.7673548,0.09432009
105016000,-0.6128642,0.91126025,-0.4528135
105020000,-0.78507227,0.5006023,-0.26930404
105024000,-0.49450904,0.20279461,0.30423546
105028000,0.16727102,-0.08898386,0.56550956
105036000,0.22004592,-0.3714836,0.12206127
105044000,-0.42739707,0.29304662,-0.077037156
105048000,-0.3308192,0.6897484,0.54558927
105052000,-0.6434047,0.80073196,0.49977562
105060000,0.23033074,0.091426924,-0.14606552
105064000,-0.010308996,-0.45018232,-0.15504801
105068000,-0.5427526,-0.5539197,0.0890671
105072000,-0.0513144,-0.40394723,0.30613303
105080000,0.2701607,0.18801117,-0.25781843
105084000,-0.002874973,-0.059227437,-0.698453
105092000,-0.34543672,-0.24524082,0.23707896
105096000,-0.39081407,0.17695639,0.84801626
105100000,-0.18292144,0.071437955,0.6930151
105104000,-0.13730419,-0.07778334,0.46829247
105112000,0.019225035,0.071804345,-0.56340754
105116000,0.11244919,0.22164375,-0.6925215
105120000,0.23138076,0.20694374,0.061032504
105124000,0.28250623,0.002234921,0.80223423
105132000,-0.19035956,-0.13290426,0.37791425
105136000,-0.528368,-0.078870706,0.18523428
105140000,-0.44719884,0.049581304,0.002607912
105144000,0.09528607,0.031719096,-0.34344625
105152000,0.08243495,0.50155187,-0.8829477
105156000,0.055446666,0.5891672,-0.75831056
105160000,0.25931108,0.40243527,-0.12181704
105164000,0.107804075,0.06203366,0.5873399
105172000,-0.31895941,0.10064282,0.695054
105176000,-0.07984182,-0.023156442,0.1396615
105184000,0.0690872,-0.23517627,-0.3273702
105192000,-0.28063142,-0.38574028,0.19377096
105196000,0.042209625,-0.5323254,0.39968783
105200000,0.020867497,-0.034342915,0.27848902
105204000,0.034641273,0.7840972,-0.041014828
105212000,0.52980214,-0.019341394,-0.19690353
105216000,0.09750779,-0.22349596,-0.3235544
105220000,-0.32826817,0.26999992,-0.26285636
105224000,-0.23690099,0.79565346,0.003903274
105232000,-0.3785458,0.27651274,0.5832858
105236000,-0.116444334,-0.19425488,0.3228798
105240000,-0.00233198,-0.35775185,0.35526645
105244000,-0.3036509,0.058934674,0.3474565
105248000,-0.4799327,0.22906943,0.066349
105252000,-0.38772774,-0.2169835,-0.49731863
105260000,-0.054634996,-0.03661315,-0.5223471
105264000,-0.1481255,0.10443953,-0.13168135
105268000,-0.096469924,-0.16761823,0.3720934
105272000,-0.20449826,-0.20276132,0.6440828
105276000,-0.14629212,0.23599415,0.64958
105280000,0.45809656,0.2495067,0.5205787
105284000,0.6332401,-0.1700631,-0.12629694
105292000,-0.25993612,-0.22790262,-0.3735807
105296000,0.012057841,0.04744462,-0.21760377
105300000,0.4334344,0.46514946,0.020500705
105304000,0.22599705,0.52388555,0.47221348
105308000,-0.385566,0.53025043,0.73319757
105312000,-0.6608493,0.6234874,0.5670176
105316000,-0.41637462,0.4746055,0.07152694
105320000,0.064842105,-0.13608105,-0.2623718
105324000,0.5108756,-0.6381666,-0.1743162
105328000,0.71296585,-0.526824,0.00559504
105336000,-0.0933404,-0.09103966,-0.114883065
105340000,-0.322523,0.04084236,0.28306356
105344000,-0.33616552,0.15729773,0.40807584
105348000,-0.10327151,0.001791939,0.07651349
105352000,-0.000449926,-0.14099063,-0.46958685
105356000,-0.5483241,0.19784692,-0.57214427
105364000,-0.15085325,0.27620775,0.20998704
105368000,0.20229311,0.199464,0.1744385
105372000,0.24258572,-0.038687944,0.20208745
105376000,0.24276099,-0.34129542,-0.047332585
105380000,-0.06301384,-0.38005045,-0.16952376
105384000,-0.29402986,0.02375327,0.005850762
105388000,-0.40712065,0.28380546,-0.03816708
105392000,-0.40146732,-0.15239151,-0.003986873
105400000,0.059432663,0.006053656,-0.012901135
105408000,0.24551716,0.49837872,0.5196041
105412000,-0.08249398,0.28186718,0.36557198
105416000,-0.6523125,0.024132637,0.015058883
105420000,-0.84468365,-0.04701324,-0.18848352
105424000,-0.44598505,-0.15551275,-0.35767475
105428000,-0.11680992,-0.21844545,-0.15427303
105432000,0.27929515,-0.118746266,0.11003378
105436000,0.46491385,-0.08822599,0.21713135
105444000,0.5071641,-0.111177005,0.053945445
105448000,0.16928458,-0.17456833,0.008790836
105452000,-0.2902554,-0.09459837,0.24856353
105456000,-0.45275977,0.15462752,0.22488725
105460000,-0.4023171,0.20418277,0.1164401
105468000,0.26919612,-0.29317477,0.21590821
105472000,-0.24936458,-0.30470055,0.075286284
105480000,0.002716422,0.7390759,-0.7404764
105484000,-0.01732169,0.47491345,-0.3622171
105488000,-0.34613988,0.056387216,0.35480362
105492000,-0.28177184,0.117480256,0.70288944
105496000,0.091804564,0.16794169,0.055713207
105500000,0.13098294,0.001734659,-0.40774575
105504000,-0.27629718,-0.112686306,-0.10233195
105508000,-0.17730537,0.10094072,0.011222182
105512000,0.12547019,0.4097488,-0.15340562
105520000,-0.44332236,-0.24344657,0.4150155
105524000,-0.059427984,0.1892305,0.081172615
105528000,0.42604703,0.08473201,0.13044728
105532000,0.65523964,-0.30843997,0.36972296
105536000,0.29894054,-0.3246993,0.12775943
105540000,-0.43624026,-0.18915986,-0.15098312
105544000,-0.8024166,-0.09521794,-0.19003507
105548000,-0.6052297,0.2537297,-0.44022304
105552000,-0.16816103,0.7288946,-0.4979273
105556000,0.11801033,0.30691853,0.28542402
105564000,0.17901042,-0.5531632,0.7903584
105568000,0.3905448,-0.1017947,0.33430046
105572000,-0.07706849,0.32883507,-0.20615838
105576000,-0.5773261,0.66003704,-0.42195123
105584000,-0.24562049,0.16806565,0.06115292
105592000,0.09028451,-0.38647544,0.047028705
105596000,0.15138903,0.106179535,-0.2517208
105600000,0.3096839,0.559673,-0.14513086
105604000,0.23070528,0.48993945,-0.1873111
105608000,0.15132621,0.21258572,-0.31296453
105612000,0.27968922,-0.037184197,0.117414996
105616000,0.34483647,-0.38829696,0.48806897
105624000,-0.00988163,-0.55910474,-0.15900324
105628000,0.2100958,-0.22298339,-0.13034846
105632000,-0.2196298,-0.026122473,-0.029717207
105636000,-0.77434266,0.18910483,0.12792914
105640000,-0.529826,0.4040648,0.34496352
105644000,-0.18875307,0.3309355,0.17377064
105648000,-0.038392536,0.28596312,-0.50950515
105652000,0.21266285,0.09569935,-0.71971965
105656000,-0.08169465,-0.02439107,-0.08442408
105660000,-0.61281776,0.071113884,0.15874591
105668000,-0.006233871,0.20875877,-0.3152031
105676000,0.22896051,-0.029405504,0.23509598
105680000,0.3656441,-0.24326165,0.36832422
105688000,-0.6618236,-0.068050966,-0.13528012
105692000,-0.18873677,-0.079099655,0.17741975
105696000,0.34257662,-0.34373584,0.41609463
105704000,0.22118665,-0.69481444,0.005347637
105708000,-0.5020185,-0.42709482,-0.086497396
105712000,-0.90269583,0.22267175,-0.12337696
105716000,-0.55745125,0.5867149,0.010687627
105724000,0.1467177,-0.14086328,-0.11764106
105732000,-0.42568636,0.30766425,0.26353052
105736000,-0.15201345,0.41543153,0.375363
105740000,0.08708231,0.20816287,-0.002737567
105744000,0.33803636,-0.08182943,-0.46707687
105748000,0.546271,-0.07895542,-0.4786661
105756000,-0.50638294,-0.06312403,0.5756134
105764000,0.42826277,0.23166567,-0.64503694
105768000,0.4882848,-0.15342651,-0.4951079
105772000,-0.39744157,-0.22568086,0.28042293
105780000,-0.580583,-0.2286547,0.5784509
105784000,-0.39579642,-0.20852458,-0.012060791
105788000,-0.10606885,0.44340086,-0.8034363
105796000,0.017867833,0.21853063,-0.51981676
105804000,0.13549331,-0.6003567,0.6349522
105808000,0.39215636,-0.41856754,0.3077272
105812000,0.37921798,-0.08467782,0.26914927
105816000,0.21959707,0.37944278,0.45173043
105824000,0.072685465,0.31829768,-0.5589535
105828000,0.16491672,0.09353417,-0.35787383
105836000,0.2848652,-0.35447735,-0.0667859
105840000,0.05209703,-0.39229998,-0.019484177
105844000,-0.60343045,-0.0899245,0.015897512
105852000,-0.39010686,-0.2650983,-0.183514
105856000,0.0328355,0.0916349,-0.13402095
105860000,0.1697241,0.6001538,-0.061921358
105864000,-0.13648582,0.31849897,0.35007384
105868000,-0.3852262,-0.020164069,0.6028618
105872000,-0.15762445,0.2111098,0.46547508
105876000,0.09708862,0.33272195,0.07062151
105880000,-0.003889583,0.019741878,-0.27254373
105884000,-0.17296956,-0.019530535,-0.108116426
105888000,-0.121806666,0.100472674,0.20845792
105892000,-0.007718856,0.028693816,0.039208002
105896000,-0.045899644,-0.11490788,-0.17245683
105904000,-0.10677038,-0.7861405,0.21964826
105908000,0.079884924,-0.7183542,0.21939506
105912000,0.1174268,-0.12230691,-0.15735249
105916000,-0.32083094,0.37673753,-0.24380577
105924000,-0.36116743,-0.10870983,-0.07765108
105928000,0.026569605,-0.29458407,0.01747385
105936000,-0.14372532,0.05238271,0.2526074
105940000,0.015395671,-0.18918303,0.25768754
105944000,-0.3172011,-0.12509872,0.07015273
105952000,-0.32105446,0.66074264,-0.41308904
105960000,0.43886033,-0.020386316,0.40638852
105968000,-0.36475852,-0.48827922,0.61434376
105972000,-0.6933892,-0.15949783,-0.23650697
105976000,-0.19824187,0.014280278,-0.5031513
105984000,-0.40660983,0.09165686,-0.034504957
105992000,0.7303736,-0.004727587,0.42508948
105996000,1.3932076,0.45922965,0.049081102
106004000,-0.14124165,0.16092545,-0.70751595
106008000,-0.66724384,-0.254978,-0.37555963
106012000,-0.7345853,-0.8625822,-0.103779785
106020000,0.44887713,-0.19536133,0.16771957
106024000,0.23975477,0.1036966,0.26074302
106028000,-0.36060977,0.46648526,0.5616339
106032000,-0.35684744,0.59275556,0.1694592
106036000,-0.08713191,0.011962444,-0.42229757
106040000,-0.31057367,-0.56538624,-0.51103723
106044000,-0.41117907,-0.61627173,-0.2710052
106048000,-0.05216673,-0.3476737,-0.24488749
106052000,0.28833702,-0.08812237,-0.31913438
106056000,0.26197344,0.18171445,-0.00095281
106060000,-0.25306648,0.23212983,0.3762311
106068000,-0.3450706,-0.36939764,0.37483114
106072000,-0.31752127,0.057232067,-0.24135317
106080000,0.245723,0.16023022,-0.11185676
106084000,0.19016697,-0.5270571,-0.14300795
106088000,0.38588265,-0.9541696,-0.043120295
106092000,0.28496802,-0.07928294,0.057221446
106096000,-0.2833652,0.6811056,0.07565832
106100000,-0.9185895,0.37154245,0.116328
106104000,-1.045176,0.15837461,0.002346762
106108000,-0.11742005,0.007803023,0.08108665
106112000,0.7858534,-0.44438136,0.2164141
106116000,0.56183004,-0.4644261,-0.02744323
106120000,-0.0793771,0.30157906,-0.44904068
106124000,-0.34422228,0.7985931,-0.3685423
106128000,-0.17012137,0.314165,0.049796276
106132000,0.15892047,0.17245656,0.014308713
106136000,0.17193878,0.1823506,-0.29888213
106140000,-0.18341309,-0.05024323,-0.2167651
106144000,-0.50041586,-0.09910396,0.12366493
106148000,-0.23607847,-0.61966944,0.32316786
106156000,0.46084338,-0.47130674,-0.17805411
106164000,-0.55736256,0.39568824,-0.1410479
106168000,-0.5459957,0.6475806,-0.18889043
106176000,0.25241825,0.057172008,0.6321781
106184000,-0.006058544,-0.58520514,-0.1118629
106188000,-0.0771468,-0.5964165,-0.5027303
106192000,-0.31810722,-0.35238165,-0.78913826
106196000,-0.4115639,-0.12198433,-0.580582
106200000,-0.13829112,-0.11828478,0.07834426
106204000,0.16360228,-0.17705935,0.8709682
106208000,0.47471023,-0.1860256,0.89596736
106212000,0.37503138,-0.15386899,0.37235236
106216000,-0.24903582,0.016779661,0.2606418
106224000,-0.17182793,0.16939516,-0.8597216
106228000,0.17290068,0.13402143,-0.98811495
106232000,0.08145873,0.21495336,-0.7696223
106236000,-0.10377063,-0.07996073,-0.32727098
106240000,0.0643155,-0.43139952,0.33977413
106244000,0.08393592,-0.4412673,0.57432455
106248000,-0.14005634,-0.14788951,0.5732846
106252000,0.011921011,0.17191926,0.6224893
106256000,0.21211165,0.0626805,0.43342614
106260000,0.059005998,0.1386527,-0.0385042
106264000,-0.007590096,0.3913517,-0.59919584
106268000,-0.11314872,0.52214843,-0.6174254
106272000,-0.283352,0.4532775,-0.24918357
106276000,-0.32104447,-0.11190839,-0.19307527
106280000,-0.459717,-0.55203915,0.007554531
106284000,-0.36915177,-0.59358406,0.12179203
106288000,-0.14562657,-0.61081105,-0.37732497
106292000,-0.120489284,-0.59898007,-0.70081055
106296000,0.03526004,-0.12982683,-0.40940386
106304000,0.22958137,0.6205051,0.18215187
106308000,0.19250613,0.22132836,0.007285848
106312000,-0.22296365,-0.04920713,0.042479027
106316000,-0.4490033,-0.41091847,0.50021267
106320000,-0.17615238,-0.77775764,0.61990714
106324000,-0.006351188,-0.34608093,0.41556633
106328000,0.18311068,0.23350984,0.22703499
106332000,0.14090878,0.19327351,-0.20434032
106336000,-0.055800997,0.001449689,-0.5977208
106340000,0.14270714,-0.030598676,-0.6099069
106348000,-0.21919751,-0.15818445,-0.39773816
106352000,-0.2969067,-0.2809376,0.038985983
106356000,-0.0938277,-0.1776762,0.45864508
106364000,-0.28625673,-0.1283159,0.16841194
106372000,0.3935529,0.37298167,0.3804699
106380000,0.26418382,-0.17978564,-1.1125263
106384000,-0.23727228,-0.49213707,-1.5097486
106388000,-0.4589427,-0.1789103,-0.86874306
106392000,-0.4518432,0.21694699,0.028052509
106396000,-0.03515105,0.17835768,0.589821
106400000,0.2699505,0.029691812,0.81106967
106404000,0.18276358,0.22344641,0.51556116
106412000,0.38134703,-0.12693474,0.25016606
106416000,0.39367625,-0.7751143,-0.18461624
106420000,0.01720053,-0.49408668,-0.6240041
106424000,-0.27641293,-0.0728824,-0.6434975
106428000,-0.45159698,-0.1457582,-0.21206723
106432000,-0.68537617,0.10712552,0.26787078
106436000,-0.4024959,0.48936307,0.21801358
106444000,0.38173082,-0.09213041,0.18314223
106448000,0.34390908,-0.13557185,0.088667
106452000,0.5082358,-0.15453926,-0.21316956
106460000,-0.20857728,0.097757295,-0.19775856
106468000,-0.59190786,0.17393763,-0.3100847
106472000,-0.21927772,0.000109039,-1.1587667
106480000,-0.27098817,-0.6016615,-0.04646881
106484000,-0.1521972,-0.057985887,0.2927725
106488000,0.17709053,0.16908391,0.28298348
106492000,0.383257,0.02897507,0.1572836
106496000,0.3293019,0.017935768,0.20453456
106500000,-0.030258343,-0.21607873,0.19196174
106504000,-0.1855126,-0.42564896,0.06635943
106512000,0.026295764,0.1352231,-0.025267256
106516000,-0.23513675,-0.07461012,0.12630889
106520000,-0.3506831,-0.3900441,0.12551384
106524000,-0.52277833,-0.26342684,0.13497135
106528000,-0.32118762,0.035732158,0.3508581
106532000,0.09362645,-0.250467,0.45362744
106536000,-0.007183619,-0.69243425,0.38014758
106540000,-0.17194484,-0.5564617,-0.18063842
106548000,0.17959316,-0.47710818,-0.65550816
106552000,0.21597385,-0.45071384,-0.07579682
106556000,0.4547135,0.19571258,0.0698473
106560000,0.45725423,0.8689107,-0.12689626
106564000,-0.26487416,0.9243001,-0.33972174
106572000,-0.46204174,-0.31730348,-0.16838552
106576000,-0.05123623,-0.3700898,-0.06309369
106580000,0.07773064,0.08767703,0.24478488
106584000,0.2408461,0.05104596,0.22112247
106592000,0.2902454,-0.68503344,-0.14695692
106600000,-0.14167306,0.019392315,0.14955765
106604000,-0.51593715,-0.14373493,-0.05965001
106608000,-0.2610846,0.001695707,-0.057987873
106616000,0.012176605,-0.27339107,0.39177874
106620000,0.028308043,-0.45148054,-0.037353978
106628000,0.23310375,-0.2652214,-0.46181458
106632000,0.40411377,-0.3402493,0.040356368
106640000,-0.10011316,0.6449824,0.38959754
106644000,-0.9082236,0.55775124,-0.23250426
106652000,-0.67282844,-0.7954853,-0.5110944
106660000,0.7180154,-0.3493522,-0.117745
106668000,-0.044071913,0.8849916,0.18642539
106672000,-0.2734837,0.68294835,0.27222285
106680000,0.6666182,-0.4837634,0.15465826
106684000,0.5718189,-0.835196,-0.2969832
106688000,-0.19660674,-0.5170497,-0.6018339
106692000,-0.6755544,0.19768158,-0.21635604
106696000,-0.3073811,0.473952,0.50167376
106704000,0.1405929,-0.86950886,0.10344957
106708000,0.3513425,-0.80994356,-0.31214017
106712000,0.2907332,0.038349092,-0.28655472
106716000,0.12258307,0.7291584,-0.14436905
106720000,0.012590148,0.8278827,-0.05314316
106724000,-0.2546466,0.048482925,-0.10712519
106728000,-0.3169391,-0.729771,-0.32375652
106736000,0.052134,-0.072238885,0.18146609
106740000,0.30101454,-0.031172585,-0.56410134
106744000,0.6574178,-0.024388181,-0.9281814
106748000,0.57125103,-0.09103981,-0.53730935
106756000,-0.09040439,0.059569523,0.031227909
106760000,-0.16792688,0.16084972,0.57240826
106768000,-0.5391358,0.34385046,0.2698409
106772000,-0.38714176,0.12453497,-0.15038314
106776000,-0.113654576,-0.19022864,-0.10573218
106780000,-0.13248384,-0.13992313,-0.07112987
106784000,0.20447452,-0.04656203,0.09216255
106792000,0.5887505,0.42682737,-0.33814353
106796000,0.22548528,-0.007344469,-0.44682503
106804000,-0.4946823,-0.5286269,-0.10995547
106808000,-0.13716319,-0.7282913,0.19754064
106812000,0.12831268,-0.76686305,0.58890384
106816000,-0.056098104,-0.4687056,0.46433693
106820000,-0.007490996,-0.34747964,0.15644562
106828000,0.37618285,0.05429253,-0.6562421
106832000,0.090375796,0.029823713,-0.87355673
106836000,-0.37585008,0.08228659,-0.51350427
106844000,-1.000388,-0.21506284,-0.23997125
106848000,-0.9283868,-0.8389115,0.007021949
106856000,-0.9205668,-0.6805182,0.17227298
106860000,-0.8597141,-0.9939225,-0.008895025
106864000,-0.906834,-1.1795692,-0.1746119
106872000,-0.72480565,-0.7708215,-0.82853985
106876000,-0.7533833,-0.7082868,-0.52980906
106880000,-1.2560815,-1.1219584,-0.23434871
106884000,-1.7685099,-1.7029624,-0.41727936
106888000,-1.7666843,-1.6624904,-0.7643372
106892000,-1.3154184,-1.0873402,-0.7412106
106896000,-1.0060493,-0.7409898,-0.35009807
106904000,-1.7129718,-0.8388123,-0.5012716
106908000,-1.3374861,-0.89460933,-0.44154948
106912000,-1.0474787,-0.63229847,-0.4688303
106920000,-2.1973839,-0.8338749,-0.5053979
106924000,-2.3755283,-1.6414707,0.16310707
106928000,-1.9899452,-1.8149258,0.6527587
106932000,-1.6305969,-1.5361859,0.25207457
106936000,-1.6380746,-1.1373118,-0.41946822
106940000,-2.0223112,-1.0320041,-0.52020544
106944000,-2.0737782,-1.3040191,-0.2714324
106948000,-1.6165595,-1.2558904,-0.5027162
106952000,-1.2281909,-1.1569207,-0.8650215
106956000,-1.0315003,-1.2508096,-0.5280119
106964000,-1.7304666,-1.166611,-0.23552316
106968000,-2.2293615,-0.92740226,-0.19521779
106972000,-2.2061424,-0.5567024,-0.038885675
106976000,-1.7739738,0.017669335,-0.33743003
106980000,-1.505151,-0.12453923,-0.44824317
106984000,-1.2848933,-1.1507661,-0.33087304
106988000,-1.099128,-1.477058,-0.22860062
106992000,-1.4735161,-1.183209,-0.28295422
106996000,-2.344678,-1.0887164,-0.4456919
107004000,-2.1646247,-0.7177671,0.27245837
107008000,-1.6043196,-0.72783446,-0.008702502
107016000,-1.6885445,-0.6876144,-1.1776991
107020000,-1.6965256,-0.36268207,-1.1890221
107024000,-1.6283424,-0.06950157,-0.40147877
107028000,-1.8740975,0.049552556,0.5189148
107032000,-2.1869857,-0.070751995,1.0168126
107036000,-2.216488,0.076804005,0.49885443
107040000,-2.0532355,-0.03333785,-0.42357504
107044000,-1.7362384,-0.54059166,-0.7087671
107048000,-1.8629856,-0.8145238,-0.4011491
107056000,-1.4801936,-0.6470596,-0.06434247
107060000,-1.2905136,-0.43795905,-0.18022747
107064000,-1.2345409,-0.45361197,-0.13861226
107068000,-1.1719768,-0.4584245,-0.1941844
107072000,-1.4399717,-0.29424834,-0.49604264
107076000,-1.5308338,0.022371799,-0.56746185
107080000,-1.4786546,0.033862676,-0.3304274
107088000,-2.190299,0.20061293,0.029651595
107092000,-1.5196822,0.621124,-0.15069969
107096000,-1.199532,0.49763462,-0.17491373
107100000,-2.1029112,0.31854394,0.056326356
107104000,-2.5975916,-0.07691285,0.16597147
107108000,-2.223267,-0.18653783,0.20216164
107116000,-1.932474,0.2351309,-0.25319433
107120000,-1.7312863,0.31804532,-0.3327567
107124000,-1.5219536,0.4733765,0.02767533
107128000,-1.3664572,0.4016042,0.0242436
107132000,-1.542913,0.4045333,0.08695626
107136000,-1.4002218,0.63918567,0.2777884
107140000,-1.232866,0.57838416,0.10768084
107144000,-1.7687182,0.52287614,-0.21791105
107152000,-1.7442971,0.47684455,-0.47176874
107156000,-1.5357968,0.42667717,-0.16868412
107160000,-1.4673125,0.09009628,-0.09407808
107164000,-1.5746473,-0.14111823,-0.23009026
107168000,-1.5700501,0.1250939,-0.011816151
107172000,-1.1389282,0.5354758,0.3342285
107176000,-0.594761,0.933864,0.35759085
107180000,-1.004408,1.0843896,0.24518307
107188000,-2.058147,0.39121357,0.3295936
107192000,-1.9398861,0.6478565,-0.18725935
107196000,-1.8605022,0.6678748,-0.9709358
107200000,-1.9159644,0.48682973,-1.0339242
107204000,-1.5234507,0.46910164,-0.5832592
107208000,-0.8643088,0.46910343,-0.124481805
107212000,-0.99394464,0.41750225,0.4566633
107220000,-1.6396222,0.36901033,-0.06198007
107224000,-1.3825886,0.7033617,0.042539343
107228000,-1.4567858,1.0970348,0.20315027
107232000,-1.4747686,1.2810016,-0.000718795
107236000,-1.048551,1.2036238,-0.2514695
107240000,-1.0653214,1.0993817,-0.3623103
107244000,-1.5661073,1.1221646,-0.3761611
107248000,-1.6812027,0.9520869,-0.57875097
107256000,-1.5508919,0.5901662,0.20662922
107260000,-1.8943048,0.060297944,-0.016306698
107264000,-1.7816188,-0.39789218,-0.6139069
107268000,-1.3227608,-0.015191972,-0.6404076
107272000,-1.1120628,0.7007767,-0.15631028
107276000,-1.1429023,0.75957906,0.012728021
107280000,-1.0956535,0.77469677,-0.30058804
107288000,-1.7440648,0.5856432,0.062197275
107292000,-1.7981937,-0.19611475,-0.17066845
107296000,-1.2417392,-0.267379,-0.10877394
107300000,-0.95160455,0.22827129,-0.059718177
107304000,-1.2689108,0.73264444,-0.5699045
107308000,-1.430831,1.0394516,-0.97665143
107312000,-1.3949298,0.8760653,-0.7977738
107316000,-1.6013525,0.43712458,-0.26979986
107320000,-1.6340013,0.33286697,0.2553159
107328000,-1.2354957,-0.8150606,0.24584258
107332000,-1.3469932,-0.5295922,-0.021794267
107336000,-1.2656432,0.22396223,-0.4638919
107344000,-0.5272802,0.5724971,-0.6301507
107348000,-0.8066337,0.76952237,-0.62485826
107352000,-1.1459254,0.4010064,-0.6991396
107356000,-1.1451712,-0.05972013,-0.44492128
107364000,-0.37478417,-0.77448297,-0.28111407
107368000,-0.5508239,-0.3268104,-0.5866004
107372000,-1.2399161,0.49897635,-0.6468797
107376000,-1.8003632,0.48608285,-0.82149565
107380000,-1.984807,-0.08573691,-0.82803583
107388000,-1.474524,-0.66425276,-0.16319598
107392000,-1.3612013,-0.37414777,-0.41905499
107396000,-1.4816527,-0.16669762,-0.50102866
107400000,-0.95595086,-0.20829229,-0.65080327
107404000,-0.6343407,-0.54898494,-0.64225197
107412000,-1.308234,-0.20067756,0.099520266
107416000,-0.9681407,-0.001991663,-0.13036624
107420000,-0.8575787,0.05531708,-0.5858232
107424000,-0.9908595,-0.13262782,-0.7682264
107428000,-0.99703866,-0.5318369,-1.0289551
107432000,-1.2895741,-0.85230595,-1.511377
107440000,-1.2912588,-0.99586904,-0.2490266
107448000,-0.7072921,-0.23909706,-0.13852565
107456000,-0.5591098,-0.18086071,-1.170619
107460000,-0.9136247,-0.5682056,-0.3644343
107464000,-0.95452887,-0.5772206,0.05304669
107468000,-0.717695,-0.37657,-0.42903838
107472000,-0.5719682,-0.383187,-0.8973198
107476000,-0.8925236,-0.5818471,-1.1920676
107480000,-1.4643905,-0.9314983,-1.106719
107488000,-1.0332478,-0.44434673,-0.682453
107492000,-0.91464776,-0.078121275,-0.9075399
107496000,-1.1766925,-0.44091567,-0.8727046
107500000,-1.1165086,-0.6340933,-0.5261364
107504000,-0.698116,-0.32232565,-0.53451556
107508000,-0.40268314,0.006288834,-0.72933435
107512000,-0.6141994,0.109470114,-0.511901
107516000,-0.9830038,-0.4377413,-0.30894133
107520000,-0.9330231,-1.0831704,-0.85234416
107524000,-0.9894229,-0.6350024,-1.4526672
107528000,-1.3455968,0.36099476,-1.3731073
107532000,-1.2733634,0.48458117,-1.1526425
107536000,-1.0843436,-0.15853488,-1.1815553
107540000,-1.5055969,-0.9013471,-1.1379733
107544000,-1.7720826,-0.9942645,-1.0329375
107552000,-0.94118524,-0.023545923,-0.34373856
107556000,-0.48340634,-0.2157875,-0.41120228
107560000,-0.5409934,-0.16222721,-0.28644717
107564000,-0.6497485,0.14633521,0.010553718
107568000,-0.33435765,0.02180744,-0.4265272
107572000,-0.72133005,-0.369832,-1.067911
107576000,-1.3619097,-0.835503,-1.1900386
107580000,-1.0206068,-0.95819324,-1.1302198
107584000,-0.46546674,-0.1569683,-1.1680892
107588000,-0.5674389,0.28787428,-1.0250018
107592000,-0.87568825,-0.45373586,-0.8264011
107596000,-1.0148871,-0.8742006,-0.70271826
107604000,-0.7860031,-0.4721232,-0.8584264
107608000,-0.9081689,-0.5817987,-1.2393169
107616000,-1.2806507,-0.29782847,-1.2950715
107620000,-0.841472,-0.2927136,-1.3301098
107624000,-0.35418236,0.07392122,-1.2312264
107628000,-0.2810256,0.23021272,-0.75801325
107636000,-1.0264938,0.028686237,-0.55195665
107640000,-1.2223375,0.3731653,-0.82368195
107644000,-1.0663421,0.90015614,-0.87121296
107648000,-0.6596407,0.8733268,-0.7176088
107652000,-0.08362827,-0.012606531,-0.7305817
107656000,0.06787045,-0.8413449,-1.0716472
107660000,-0.30489838,-0.84661984,-1.3090959
107664000,-0.187161,-0.60155815,-1.1560485
107672000,0.66160166,0.21317089,-0.74600554
107676000,-0.012599945,0.48522785,-0.69458485
107680000,-0.30321205,0.29891333,-0.48877114
107688000,0.41351372,0.5927757,-0.91108716
107692000,0.47624886,1.0823914,-1.511442
107696000,0.49519396,0.24591887,-1.3402483
107700000,0.5630941,-0.7566134,-0.9329888
107704000,0.34530675,-0.9383913,-0.6254121
107708000,0.4712661,-0.6153386,-0.5827642
107716000,0.40440175,0.42287847,-0.90236825
107720000,0.3468302,0.3925408,-0.8758193
107728000,1.1385034,0.5850361,-0.47725368
107732000,1.0478005,0.6320819,-0.59671366
107736000,1.1081285,0.6309964,-0.3208354
107744000,1.619579,0.3206803,-1.1575778
107748000,1.3105825,0.5218623,-1.9781117
107752000,1.0690763,0.53680825,-1.6319494
107756000,0.90541685,0.17828193,-0.37104386
107760000,0.58846426,-0.11127803,0.20998697
107764000,0.6180707,0.10045352,-0.22231966
107772000,1.6496191,0.1310651,-1.1494833
107776000,1.357009,0.15452206,-0.8315103
107784000,0.9690535,0.309061,-0.6581336
107788000,1.1780015,0.47463804,-0.6952263
107792000,1.053971,0.13713649,-0.79848593
107796000,0.8564037,-0.16405198,-0.62508696
107800000,1.0837784,0.34619206,-0.3531037
107804000,1.6627129,1.017851,-0.44839
107808000,2.025374,1.0234444,-0.9783885
107812000,1.7264853,0.9058548,-1.1966035
107816000,1.1640575,0.9091934,-0.6771822
107820000,1.001143,0.6307367,-0.20782153
107824000,1.0646362,0.13662264,-0.14315875
107828000,1.1131651,-0.40731025,-0.13219857
107836000,1.4423553,0.8658447,-0.7568088
107840000,1.20985,1.195606,-1.0375503
107844000,0.8933257,0.86149704,-0.89791214
107848000,1.2854844,0.7739124,-0.78767353
107852000,1.9670689,0.5265518,-0.85090303
107856000,2.3260121,-0.017584443,-0.7110718
107860000,2.0787523,-0.21209484,-0.51525474
107864000,1.3138944,0.22229762,-0.57338697
107872000,1.1100724,0.80107844,-0.74086785
107880000,1.5126579,0.2627697,-0.8291947
107888000,1.2049116,-0.13559268,0.2664658
107892000,0.88761663,0.3882758,-0.12397671
107896000,0.8923638,1.1424255,-0.70130706
107900000,1.2953275,1.3640883,-0.7994004
107904000,1.702317,1.3416269,-0.7314062
107908000,1.9133295,0.9041048,-0.5673999
107912000,1.8201165,0.38325578,-0.31944197
107916000,1.6025242,0.2908413,-0.12679218
107920000,1.4476571,0.20370303,-0.04109502
107924000,0.99907744,0.17763728,-0.3465154
107928000,0.8937113,0.52589935,-0.96055216
107932000,1.4767442,0.65900767,-1.3009224
107936000,1.609523,0.29276913,-1.1979759
107940000,1.2649978,0.17862734,-0.66155595
107944000,0.9155756,0.4511793,0.08851895
107952000,0.8772543,0.74304295,-0.18946831
107956000,1.5339848,0.45708954,-0.38052368
107960000,1.9511316,0.10547374,-0.61630654
107968000,1.719649,0.3114044,-0.3433408
107972000,1.4989195,0.52775913,-0.24784748
107980000,1.0685129,0.6408024,0.08551253
107984000,1.5486958,0.74185616,-0.056774262
107992000,0.801054,0.5753081,-0.9822079
107996000,0.873504,0.7134544,-0.7383371
108000000,1.479375,0.76708007,-0.64657074
108004000,1.3903532,0.4995741,-0.8097513
108008000,1.0063566,0.68465686,-0.4071051
108012000,0.904341,0.5971134,0.3443747
108016000,1.0329163,0.2543248,0.4859881
108020000,1.5344808,0.2898398,-0.14135762
108024000,1.7248361,0.18779236,-0.75912297
108028000,1.3149865,-0.000752135,-0.80400044
108032000,0.905501,0.22050254,-0.36957198
108036000,0.54832697,0.77345186,-0.012620062
108040000,0.67784876,1.1210918,-0.29888138
108044000,1.10263,1.0493171,-0.50905055
108048000,1.2720449,0.6351781,-0.21475822
108052000,1.4438744,0.01398097,-0.19795774
108056000,1.4482343,-0.010210618,-0.53534895
108060000,1.2661723,0.4748042,-0.63787144
108064000,1.4141735,0.79300076,-0.63182676
108068000,1.7891966,0.9620261,-0.7819523
108072000,1.8147932,0.7063416,-0.3697419
108080000,0.8141953,0.040720344,-0.110609055
108088000,0.7177632,-0.022805981,-0.3560157
108092000,0.6859096,-0.047389723,0.11505851
108096000,0.9522034,0.012896441,0.14599958
108104000,1.0644047,1.1565411,-0.5617648
108108000,1.1605061,0.85083055,-0.20050651
108112000,1.3039814,0.52125764,0.25369713
108120000,1.7359563,0.28575602,0.07830319
108124000,1.6201255,0.77452594,-0.107868224
108132000,0.3470779,0.40634036,-0.17237887
108136000,0.3657723,0.47900552,-0.24715361
108144000,1.4279195,0.27598232,-0.8025112
108148000,1.4197946,0.22667783,-0.5238985
108152000,1.3578063,0.45684853,-0.30061346
108160000,1.1765133,0.6404074,-0.11281468
108164000,1.1008002,0.8147345,-0.039737023
108168000,1.5548025,0.9907419,-0.24608687
108176000,0.68446386,-0.16983663,0.080426015
108180000,0.7044656,-0.021169916,-0.011023529
108188000,1.0987053,0.15027764,-0.7712615
108192000,0.72161376,-0.025278822,-0.7603096
108200000,0.23127751,0.14587471,-0.040520158
108204000,0.7058757,0.32981834,0.034846947
108208000,1.1781962,0.45045865,0.06143842
108212000,1.272341,0.13746697,-0.15829188
108216000,0.84102017,0.054687526,-0.22265369
108220000,0.5118872,0.8013891,-0.41168204
108224000,0.8907384,1.6294645,-0.5671427
108232000,1.348544,0.4117406,0.28025103
108236000,0.7123486,-0.17776197,0.47869128
108244000,-0.12611476,-0.000767246,-0.44142783
108252000,1.2012762,0.6547602,-0.48192894
108260000,1.4813045,-0.13034469,-0.5535749
108264000,1.703963,-0.00606031,-0.6692475
108268000,1.398546,-0.04033548,-0.63314223
108272000,0.8109993,0.17046419,-0.103566796
108276000,0.5708514,0.6904587,0.21452737
108280000,0.8731648,0.9497138,0.33989725
108284000,1.1535614,1.0393093,0.30145168
108288000,0.9658544,0.94305027,-0.058816083
108292000,0.7389264,0.5430019,-0.34800997
108296000,0.89427894,0.32116884,-0.32333076
108304000,0.6423538,0.2694377,0.5281067
108308000,0.44497484,0.34065214,0.4232797
108316000,0.4407226,0.44979954,-0.7606656
108320000,0.75644976,0.26173556,-0.5381963
108324000,1.0301052,0.42846063,-0.24577819
108332000,0.4024362,0.57638776,-0.3819842
108336000,0.7439864,-0.005538195,-0.58813965
108340000,1.3476077,-0.3491988,-0.5518883
108344000,1.2106054,-0.26189122,-0.13114779
108348000,0.840523,0.10142733,-0.019511897
108356000,0.5694515,0.7856916,-0.084698156
108360000,0.7051404,0.7947332,0.039146833
108364000,0.8804086,0.5943869,-0.18966118
108368000,0.6325867,-0.030412406,0.10705899
108372000,0.27877665,-0.08934585,0.5141691
108380000,0.65622455,0.37505966,0.15396693
108384000,1.0909988,0.3412177,-0.31523556
108392000,0.9739249,0.20050427,-0.7570409
108400000,0.6107268,0.44788226,-0.46596006
108404000,0.58370775,-0.003959894,-0.21965408
108408000,0.2602033,-0.012694933,-0.06862489
108412000,0.27324033,0.18999048,0.28203464
108420000,1.0133816,0.27474466,-0.23861769
108428000,1.4884179,0.52388585,-0.6697279
108432000,1.4143074,0.29580283,-0.7566902
108436000,0.7650667,0.23966128,-0.35203332
108440000,0.16992667,0.2980222,0.11967944
108444000,0.1175776,0.4527231,0.322226
108448000,0.19887324,0.6001907,0.17973888
108452000,0.015095741,0.4051009,-0.3633613
108456000,0.1429281,0.19999757,-0.95437557
108460000,0.66381943,0.4359979,-0.6535517
108464000,0.734853,0.6479552,0.07307066
108468000,0.514815,0.62364775,-0.04600811
108476000,1.480858,0.021893546,-0.009184584
108480000,1.2230521,-0.04857845,-0.05375112
108488000,0.42318094,0.3726051,-0.22873253
108492000,0.4639988,0.10836776,0.17525043
108496000,0.56909424,0.28588542,0.48015404
108500000,0.67822886,0.79929775,0.14294052
108504000,0.6335112,0.84926486,-0.5108696
108508000,0.4731836,0.33540064,-0.6873077
108512000,0.35764292,0.08095432,-0.42122263
108516000,0.28459075,0.37289026,-0.1569394
108520000,0.24518363,0.6630989,-0.077153735
108528000,0.6448076,0.2904985,0.13954139
108532000,1.0081755,0.27134514,-0.29654664
108536000,1.0854392,0.7537086,-0.5555856
108540000,0.65733343,0.65259075,-0.27810103
108544000,0.21414268,0.2204056,-0.32863814
108548000,0.1319898,0.33983037,-0.48706466
108552000,0.59387505,0.4344807,-0.5157405
108556000,0.8556345,-0.021088406,-0.31005234
108560000,0.5821971,-0.31499702,0.2749743
108568000,0.07399166,0.005454518,0.42657763
108572000,-0.05923405,-0.13702543,0.19526823
108576000,-0.21279882,0.25276637,-0.20146939
108580000,0.25288397,0.742144,-0.54493403
108584000,0.85228354,0.7736962,-0.5107273
108588000,1.0538439,0.57269084,-0.5894432
108592000,0.91072994,0.2916496,-0.7210708
108596000,0.313744,0.013089404,-0.5194773
108600000,0.12560366,-0.13974455,-0.24623919
108604000,0.4733405,-0.075435214,0.13174656
108612000,0.87592196,0.3544975,-0.25635922
108616000,0.6259944,0.8310107,-0.035666868
108620000,0.11249769,0.6493546,0.32056022
108624000,0.30579686,0.035164222,0.35585624
108628000,0.6978269,-0.2652822,0.07145584
108632000,0.76947176,0.08529559,-0.031036764
108636000,0.795797,0.21318431,-0.21316689
108640000,0.36440477,-0.03416817,-0.5413995
108648000,0.19255203,0.98991144,-0.06681182
108652000,0.8157809,0.68221533,0.3233636
108656000,1.0543789,0.024544656,0.03993708
108660000,0.52837014,-0.21762139,-0.47745883
108664000,-0.052915603,-0.12372695,-0.6471773
108672000,0.7510534,-0.09302646,-0.32293913
108676000,0.7417734,0.52742845,-0.36841708
108680000,0.855216,0.90532285,-0.45613396
108684000,0.94021183,0.26878995,-0.05217479
108688000,0.62572956,-0.28413814,0.26653436
108692000,0.11622691,0.004341111,0.2840351
108696000,-0.4538505,0.4307514,0.23227403
108700000,-0.61524963,0.76855636,-0.00375104
108704000,-0.080431595,0.691856,-0.14648312
108708000,0.4427364,0.12579465,-0.017471962
108712000,0.7109024,-0.012997732,-0.17916559
108716000,0.8620785,0.2881586,-0.44053686
108720000,0.4656065,0.31794974,-0.2212787
108724000,0.008844711,0.014977098,-0.1341557
108728000,0.24348828,-0.2661608,-0.21047927
108736000,0.84792745,0.5593846,-0.33766276
108740000,0.51921177,0.800288,-0.5009988
108744000,0.48301187,0.4641152,-0.54164475
108748000,0.3166141,0.10989298,-0.21347982
108752000,0.14340988,0.04477981,0.09418274
108760000,0.17466871,0.5283593,0.12664363
108768000,0.09787361,0.28514403,-0.25608426
108772000,0.36639008,-0.2539201,-0.62315965
108776000,0.74802816,-0.17598753,-0.66882676
108784000,1.0821391,0.93711525,0.123742335
108792000,0.37464875,0.38141543,0.7588115
108800000,-0.5349072,-0.0606902,0.35757956
108804000,-0.3185341,0.09608786,-0.27727377
108808000,-0.35154897,0.014764696,-0.688941
108812000,0.2676775,0.11094109,-0.44220006
108816000,0.99571925,0.52699983,-0.3273241
108820000,0.7041435,0.73706126,-0.33253923
108824000,0.08141908,0.4821439,0.02271299
108828000,-0.21513268,0.24266416,0.21922272
108836000,0.54880154,0.5870146,-0.4489552
108840000,0.7212194,0.38377202,-0.47419137
108844000,0.9039493,0.25177878,-0.54599637
108848000,0.65208626,0.34454802,-0.279036
108852000,0.019311383,0.32672778,0.2802299
108856000,-0.021965563,0.18130791,0.31510758
108860000,0.45949993,0.074159026,-0.10180707
108864000,0.767741,-0.07927265,-0.19267887
108868000,0.52618617,-0.15486151,-0.17197363
108872000,0.13081145,-0.2946148,-0.36512867
108876000,0.07518991,-0.1525329,-0.19327202
108880000,-0.067625515,0.5037269,0.13873671
108884000,-0.15055768,0.7590219,0.053117633
108888000,0.22995941,0.6111852,-0.009928647
108892000,0.8501977,0.7047294,-0.08262117
108896000,1.0603063,0.5524804,-0.4445218
108900000,0.3436212,0.09197153,-0.36321336
108904000,-0.12404823,0.12238608,0.15197833
108912000,0.004460618,-0.20010816,0.54778206
108916000,-0.1480267,-0.3961718,0.37473756
108920000,-0.004858412,0.06644619,-0.25382963
108928000,0.9277907,0.86396223,-1.3267596
108932000,0.4063831,0.40491253,-0.9102037
108936000,-0.28923842,-0.070201784,-0.04838839
108940000,-0.4719173,0.045705155,0.5118674
108944000,0.03607513,0.03141296,0.58350325
108952000,1.0168054,0.59185386,0.06946437
108956000,1.028384,0.011424273,-0.28326815
108960000,0.78676444,-0.4832187,-0.18280138
108964000,0.40402097,-0.14949636,0.29373506
108972000,-0.2656804,0.43484402,-0.108519256
108976000,-0.5063629,0.81072474,-0.91262215
108980000,0.23604286,0.72911644,-0.9880855
108988000,0.6292066,-0.36609763,0.35526013
108992000,0.44846535,-0.09734839,0.20044993
109000000,0.391308,0.5506389,-0.105561346
109004000,-0.121938646,0.23777126,0.11125743
109008000,-0.52279454,0.03364402,0.10499261
109016000,0.04018831,0.5306766,0.16552486
109020000,0.38377908,0.6902,-0.01623547
109024000,0.6037394,0.3602523,-0.20664549
109028000,0.34164447,0.13206951,-0.34779313
109036000,-0.682007,0.25040224,0.08345392
109044000,0.30173907,-0.011678264,-0.37765232
109048000,0.5710938,-0.05672922,-0.65365016
109056000,0.27582076,0.5073418,0.36245638
109060000,0.101543784,0.6232323,0.18704909
109064000,0.33697778,0.35529107,-0.24702191
109072000,0.42846158,0.17878371,-0.20835024
109076000,0.609202,-0.023780718,-0.44399217
109080000,0.5244708,0.1015829,-0.52397466
109084000,0.1190947,0.8727057,-0.24897216
109088000,-0.04528419,0.9972153,0.18338221
109092000,0.310911,0.28514954,0.58494186
109096000,0.5125055,-0.32262975,0.7530546
109100000,0.47744238,-0.449936,0.3585993
109108000,0.36294907,0.17430142,-1.167944
109112000,-0.13562801,0.26504663,-0.49452817
109116000,-0.16871141,0.36489934,0.42980647
109120000,-0.24209538,0.8961451,0.4157831
109124000,-0.13803768,1.0500556,0.001523987
109128000,0.25609756,0.55809355,-0.015243843
109136000,0.019156396,0.105336025,-0.6867246
109144000,0.57497084,-0.13761249,-0.82343113
109148000,0.48907965,-0.20782825,0.18379289
109152000,-0.016767636,-0.1175514,0.72736037
109156000,-0.012689225,0.2269878,0.46010017
109160000,0.17320058,0.4992403,0.001468599
109168000,0.038069412,0.13407888,-0.03765868
109172000,-0.19630012,0.295093,0.32652175
109180000,0.5183983,0.35757244,-0.6805998
109184000,0.21453506,0.12515625,-0.5853096
109188000,-0.1614089,-0.018607508,-0.41600674
109192000,0.4028556,-0.14376244,-0.46523786
109196000,0.69319916,-0.27984354,-0.36507267
109200000,0.112526074,-0.030408517,0.16668366
109208000,-0.29818115,1.0790946,0.046579793
109212000,0.16907832,1.0311,-0.15390858
109216000,0.49941564,0.88355446,-0.12504926
109224000,0.6020798,0.32684222,-0.006666705
109228000,0.28493258,-0.09500381,0.23577893
109232000,-0.26546472,-0.14537613,0.18392229
109240000,-0.65948665,-0.20878439,-0.910915
109244000,0.050889313,-0.16594324,-0.9486139
109252000,1.0387746,0.47039786,0.32994264
109256000,1.0723611,0.33537415,0.6542759
109264000,0.23704925,0.27192914,-0.28918797
109268000,0.52470183,0.07572745,-0.45032117
109272000,0.71331054,0.2432777,-0.122574836
109280000,-0.423203,0.56551963,-0.55792606
109284000,-0.035667166,0.41499013,-0.48806423
109288000,0.25103277,0.3831156,0.08041678
109296000,0.78719175,-0.35761923,0.04930085
109304000,0.5853707,0.034804635,-0.5176812
109308000,0.47299716,0.35092154,-0.21741956
109312000,0.11755943,0.43500552,-0.03461992
109320000,-0.3734845,-0.03744878,0.27493024
109324000,0.20738809,-0.0961623,0.26941735
109328000,0.45881167,-0.067479104,-0.19937952
109332000,0.0736194,0.005128413,-0.6835907
109336000,-0.005223862,0.1348505,-0.4291218
109340000,0.45487154,0.23005721,0.6288566
109344000,0.710359,0.45434284,1.1351975
109348000,0.7375196,0.527251,0.36164406
109352000,0.73243195,0.23792101,-0.278095
109356000,0.46389663,0.106491536,-0.3340695
109360000,0.1342857,0.4897172,-0.49192026
109368000,-0.16918793,0.1898616,-0.43858564
109372000,0.25161666,0.0781973,-0.015440181
109380000,0.36305714,0.7474414,-0.040479306
109384000,0.28960285,-0.044205487,-0.35957232
109388000,0.43414336,-0.64733845,-0.2779229
109392000,0.14955583,-0.5173428,-0.039007846
109396000,-0.14984892,-0.22421476,-0.14288542
109400000,-0.2856199,0.080850914,-0.31999493
109404000,-0.32840925,0.45806992,-0.04562155
109408000,-0.005836576,0.7732909,0.4062238
109412000,0.29410782,0.9230668,0.2960296
109416000,0.38588315,0.5440275,0.16309887
109420000,0.65861094,-0.07610224,0.26825973
109424000,0.6709523,-0.33597767,-0.01747363
109428000,0.37681037,-0.30608338,-0.45700336
109432000,0.36603552,-0.34962058,-0.58838654
109436000,0.24650559,-0.41721654,-0.5633446
109440000,-0.002697855,0.19262469,0.06857251
109444000,0.3718186,0.79215413,0.54157
109452000,0.26645964,-0.3274499,-0.1253489
109456000,-0.1814544,-0.045823485,-0.38702038
109460000,0.17641667,0.39371285,-0.4173312
109468000,0.7072581,0.26952085,0.48192877
109472000,0.79132146,-0.119562,0.20110455
109480000,-0.0388283,-0.61528313,-0.32794154
109488000,0.23774111,-0.1278573,-0.032225132
109492000,0.54300874,0.45219454,-0.24808526
109496000,0.578721,0.65335906,-0.49401787
109500000,0.3955103,0.8272275,-0.40820694
109504000,0.5396704,0.7546643,-0.08370717
109508000,0.58378637,0.15408495,0.17555732
109512000,0.31391028,-0.34901688,0.31407928
109516000,0.25721648,-0.35433123,0.22175461
109520000,0.4793151,0.014917642,0.061360627
109524000,0.4056484,0.2860702,-0.08007423
109528000,0.09742851,0.29430988,-0.04742641
109532000,0.06568507,0.06895794,-0.069862805
109536000,0.08660637,-0.15641361,-0.21311773
109540000,0.17903706,0.15541536,0.024844527
109544000,0.54869944,0.3483255,0.22027676
109548000,0.733907,0.058587447,-0.16979411
109552000,0.39974457,-0.07616729,-0.33742172
109556000,0.16967401,-0.18827865,-0.1732239
109564000,0.41077465,-0.39037144,-0.010810144
109568000,0.15071687,0.2873261,0.039993525
109572000,-0.07317429,0.5108231,0.4402775
109576000,-0.004691618,0.12573682,0.7395788
109580000,0.4212842,-0.45383045,0.6291722
109584000,0.66185975,-0.53941333,0.48022735
109588000,0.49463552,-0.13608633,0.19184749
109592000,0.3317533,0.2126341,-0.6667267
109596000,0.08968501,0.31769818,-1.144849
109600000,-0.11044882,-0.103319585,-0.52636755
109604000,0.2871629,-0.31017643,0.19189589
109608000,0.72463286,-0.09092257,0.4134956
109612000,0.57782245,-0.07500466,0.044296697
109616000,0.15673253,-0.13514206,-0.32208148
109624000,-0.4958662,-0.24111524,0.47784677
109628000,-0.21288368,0.19736533,0.5552974
109632000,0.30550832,-0.045694545,0.06089387
109636000,0.71798766,-0.60542995,-0.32474127
109640000,1.1699822,-0.18112805,-0.06494622
109644000,1.3170009,0.063590184,0.33563286
109648000,0.5427613,-0.24608842,0.45191038
109656000,-0.31895328,0.012326174,-0.3038093
109660000,0.3759327,-0.43815,-0.39514557
109664000,0.79777896,-0.4417382,-0.1463702
109668000,0.07905081,0.12454139,0.010939904
109672000,-0.290193,0.608252,-0.26573914
109676000,0.28178424,0.33515462,-0.44347364
109680000,0.1701622,-0.4464388,0.1578345
109684000,-0.059445,-0.89515644,0.47467983
109688000,0.29159665,-0.52892995,0.09990172
109692000,0.697319,0.12145838,0.2105586
109696000,0.96026635,0.190368,0.51550806
109700000,0.7155618,0.011252828,0.31905726
109704000,0.4900219,-0.05758424,0.1342391
109708000,0.6104146,-0.36395574,0.3344134
109712000,0.4083829,-0.3298238,0.3668703
109716000,-0.15083967,-0.014726535,0.14174879
109720000,-0.45342582,-0.30832553,0.061163973
109724000,-0.06809975,-0.47504446,0.015201066
109728000,0.49791795,-0.032673,-0.000357512
109732000,0.59769964,0.08869147,-0.09557484
109736000,0.7732686,-0.39959598,-0.4198841
109740000,1.1619706,-0.5950279,-0.61922896
109744000,0.97973025,-0.13678059,-0.3204422
109748000,0.43339723,-0.2696401,0.07569663
109752000,0.05518015,-1.0843123,0.16631556
109756000,-0.083552875,-1.2950029,0.20441934
109760000,0.035016395,-0.78296375,0.26144123
109768000,0.34900776,-0.03229156,0.36734617
109772000,0.35837615,0.030675285,0.122372605
109776000,0.2767015,-0.012548618,0.056470364
109784000,0.053237833,0.7874808,0.7964093
109788000,0.24286854,0.6649089,0.5806133
109792000,0.50812566,-0.1715557,0.22552186
109796000,0.6954201,-0.47748333,-0.20119753
109800000,0.3005899,-0.33282837,-0.7596913
109804000,-0.38921577,-0.49332264,-0.71700275
109812000,0.35751152,-0.44779986,0.5451203
109816000,0.5219227,-0.103825815,0.4922742
109824000,0.76488596,-0.16711277,-0.30262047
109828000,0.6798059,-0.13891752,-0.21750146
109832000,0.4526781,-0.06276004,0.17691451
109840000,0.35373247,-0.55601156,0.3479532
109844000,0.2813614,-0.44536847,-0.22826903
109848000,0.6084953,0.1728022,-0.32854873
109852000,0.69981474,0.37493804,0.19573729
109856000,0.024648935,-0.25162318,0.6361428
109860000,-0.60955644,-0.5427202,0.41863945
109864000,-0.23914757,-0.42725334,0.22109409
109868000,0.36862487,-0.26719058,0.5294822
109872000,0.6879873,0.053165108,0.63834405
109876000,0.9401095,-0.047797143,0.4726295
109880000,0.7980242,-0.61398834,-0.1750675
109888000,0.031364277,-0.44518995,-0.17947657
109892000,-0.21971886,-0.28120565,0.042114526
109896000,0.05561319,-0.4598763,-0.15344346
109900000,0.441775,-0.70133513,0.08907118
109904000,0.321798,-0.42958707,0.4805677
109908000,0.09899609,0.26209655,0.6294573
109912000,0.068206474,0.48677194,0.56913805
109916000,-0.03320685,-0.005370937,0.23969777
109920000,0.32232374,-0.7023216,-0.21677783
109924000,0.6822303,-0.67006284,-0.3071956
109928000,0.5102203,-0.10526095,0.17852938
109932000,0.5525159,0.082616225,0.75762427
109940000,1.4134114,-0.34471527,-0.3482167
109944000,0.6954402,-0.40781578,-0.26830226
109948000,0.1616829,-0.57710063,0.27184442
109952000,0.13225383,-0.4913642,0.3007825
109956000,0.19673198,0.07985368,0.24675551
109960000,0.23816751,0.19787395,0.48540345
109964000,0.099616304,-0.23241629,0.5218501
109968000,-0.047870252,-0.41285044,0.21968362
109972000,0.010913257,-0.34891754,-0.106524035
109976000,0.13332878,-0.13519335,-0.1906763
109980000,0.1387071,-0.08736637,-0.084650785
109984000,0.16513905,-0.29484385,0.07091014
109988000,0.42660987,-0.27733782,0.15583923
109992000,0.7144002,-0.050643206,0.17595655
109996000,0.72364587,0.2026951,0.24117833
110000000,0.41422287,0.13079949,0.32689577
110004000,-0.121545255,-0.37034962,0.25584328
110008000,-0.46361488,-0.8458853,0.03679855
110012000,-0.19648892,-0.60018027,0.18579213
110016000,0.31867093,-0.25727466,0.42978153
110020000,0.5655229,-0.54147106,0.40554535
110024000,0.64623344,-0.54502606,0.28318632
110028000,0.68073696,-0.3575579,0.04122819
110032000,0.45555687,-0.4273334,0.13481817
110040000,0.25862494,-0.9159013,0.13644657
110048000,0.49042153,0.26299104,-0.03727976
110052000,0.6898225,-0.07394835,0.46861246
110056000,0.66683644,-0.48735687,0.5932543
110060000,0.44977295,-0.8909565,0.0764689
110064000,0.3508218,-0.90757126,-0.28559422
110068000,0.39801547,-0.16757578,-0.24484253
110076000,0.47655782,-0.028016135,0.47446248
110080000,0.24714093,-0.32417715,0.9519405
110084000,0.2556761,0.033747673,0.87141573
110088000,0.49116054,0.22783503,0.3558392
110092000,0.38156763,-0.15528269,-0.18254054
110096000,0.4441515,-0.78910226,-0.49012357
110104000,0.62725395,-0.7930986,0.3103564
110108000,0.33742076,-0.50787944,0.50559336
110112000,-0.11522239,-0.3675107,0.42264986
110116000,-0.40824148,0.047713608,0.2418114
110120000,0.2664533,0.0908123,0.046181887
110124000,0.85707754,-0.053573802,0.23642693
110128000,0.69613457,0.06405815,0.5352624
110132000,0.5963128,0.009566389,0.23706552
110136000,0.46551836,-0.1327203,-0.2329314
110140000,-0.14061178,-0.4358507,-0.35167083
110148000,-0.3509696,-0.53879035,0.52337885
110152000,0.49448436,-0.17750484,0.41074446
110156000,0.86472046,0.14563775,0.0582807
110160000,0.77484375,0.14178395,-0.09350712
110168000,0.124526195,-0.63296866,-0.22837377
110172000,0.48124123,-0.6707977,-0.014968202
110176000,0.2927214,-0.40847087,0.42100185
110180000,-0.08338761,0.05180219,0.5369663
110184000,0.00213892,0.31114048,0.59497863
110192000,0.6255054,-0.5124713,0.20596285
110196000,0.1392887,-0.27107072,0.111770734
110204000,0.32512802,-0.7050094,0.5410213
110208000,0.8448607,-1.1409028,0.30079448
110212000,0.9456953,-1.2345388,-0.20851633
110216000,0.4696538,-0.75051874,-0.40102366
110220000,0.10664495,-0.30640662,0.05432701
110224000,0.3169198,-0.06742538,0.39241308
110228000,0.6935077,0.0361548,0.35036564
110232000,0.7763757,0.52348685,0.35583985
110240000,-0.11295777,0.1117636,0.3509205
110244000,-0.2719669,-0.5249058,0.07399906
110248000,-0.076314285,-0.7453716,-0.1207656
110252000,0.24799038,-0.94666034,0.06997013
110256000,0.6405063,-0.76027477,0.4598666
110260000,0.96168554,-0.35747248,0.3661112
110268000,-0.009503245,-0.6310348,0.20957087
110272000,-0.07020101,-0.67319006,0.32147035
110276000,-0.09274186,-0.11025263,0.13527903
110284000,0.4895853,0.037736773,0.0946697
110288000,0.87597823,-0.28039265,0.11623146
110292000,1.1010062,-0.00065133,0.2704278
110296000,0.8288981,-0.10277215,0.1510715
110300000,0.107391804,-0.18051666,0.07461032
110304000,-0.52535164,-0.071902454,0.003143337
110308000,-0.3198192,-0.61972,-0.24715705
110316000,-0.17564356,-0.63327307,0.55286884
110320000,0.36939096,-0.13929695,0.33780813
110324000,1.0124072,-0.068422645,-0.07257882
110332000,0.9954251,-0.3543159,-0.4308749
110336000,0.75255173,-0.16535708,0.0908349
110344000,-0.22645535,-0.60202724,0.8288986
110348000,-0.06114149,-0.5935638,0.6205863
110352000,0.1727912,-0.4394184,0.45746338
110356000,0.3059712,-0.5338863,0.29212004
110364000,-0.18085295,-0.74392855,-0.27212498
110372000,0.81273663,0.13382468,-0.1778162
110376000,0.59560674,-0.030207142,-0.05101408
110380000,0.37674892,-0.3783449,0.23512045
110384000,0.50072813,-0.3233241,0.6144922
110388000,0.5215885,0.36311576,0.9076858
110392000,0.41548482,0.34240493,0.708904
110400000,0.08444833,-1.2347076,-0.7229739
110404000,0.19640642,-0.8038931,-0.46577692
110408000,0.2577949,-0.28076968,0.04716436
110412000,0.1397302,-0.042266116,0.23624843
110416000,0.19626765,0.1485087,0.19620585
110420000,0.46629804,-0.0905354,0.12881972
110424000,0.43996203,-0.30381814,0.26400673
110428000,0.059673563,-0.01825425,0.5909046
110432000,-0.14081943,-0.03556828,0.5781268
110436000,-0.006922752,-0.44066584,0.06413737
110440000,0.3510539,-0.72559553,-0.300679
110444000,0.6371142,-0.8264137,-0.24504763
110452000,0.5693163,0.2583335,0.07348727
110456000,0.4225827,0.23000963,0.39974195
110460000,0.2307414,-0.4601665,0.2701536
110464000,0.13810557,-0.7268165,0.04480731
110468000,0.18460554,-0.3640695,0.17407632
110476000,0.54920214,-0.58835024,0.503027
110480000,-0.001265958,-0.6420506,0.2471892
110484000,-0.40368986,-0.83772254,0.10179081
110488000,-0.4229563,-0.70365655,0.55892646
110492000,-0.4550153,-0.02927497,0.95669585
110496000,-0.49967209,0.26350975,0.6338594
110500000,0.35436082,0.22692558,-0.007506043
110504000,1.3139712,0.106595874,-0.23885441
110508000,1.3021984,-0.2537401,-0.07891145
110512000,0.7329215,-0.666292,0.09043883
110520000,-0.054291964,-0.9399029,0.11198226
110524000,-0.000624418,-0.29353082,0.44812056
110532000,-0.089147195,-0.028343782,-0.05357799
110536000,0.12523477,-0.051987804,0.14551345
110540000,0.45178023,0.022363693,0.2738714
110544000,0.41613978,-0.29277948,0.11576485
110552000,0.32936156,-0.1542494,-0.09656344
110556000,0.7604038,-0.76853657,-0.085954785
110560000,0.7362789,-0.9592786,0.28530198
110564000,0.22135209,-0.37287575,0.63155454
110568000,-0.043549597,-0.24992979,0.74430215
110572000,0.12815213,-0.53053993,0.6074445
110580000,0.013930991,0.24867827,-0.5263744
110588000,0.47150648,-0.23106946,0.1282477
110592000,0.11132122,-0.11504657,0.5338293
110596000,-0.010083337,-0.08068889,0.8364526
110600000,0.24290955,-0.2923566,0.85068375
110604000,0.49130017,-0.17144266,0.60170376
110612000,0.1836618,-0.4634443,-0.34651834
110616000,0.086827144,-0.8833052,-0.5214298
110620000,0.14218205,-0.6460548,-0.15995897
110624000,0.116687045,-0.3468247,0.17578627
110632000,0.5135762,-0.81648916,-0.13738316
110636000,0.27473432,-0.38999224,0.50398135
110640000,0.19596246,0.06865615,1.3023885
110644000,0.12254204,-0.002259642,0.8695211
110648000,0.17349075,-0.019470148,-0.34581125
110656000,-0.23218928,0.17601947,-0.2267604
110660000,-0.44804317,0.12277514,-0.20277491
110664000,-0.014024824,-0.19497429,-0.13144116
110668000,0.45838737,-0.40977627,0.50380695
110672000,0.53271115,-0.34444374,1.2068416
110676000,0.32328817,-0.07898009,0.9875308
110680000,0.13271399,-0.1466838,-0.042458296
110688000,0.32175672,-0.7472578,-0.44278497
110692000,0.35106927,-0.6511142,0.045704946
110696000,0.2504668,-0.33814538,0.4959135
110700000,0.118048936,-0.19981903,0.7625216
110704000,-0.30785093,-0.26594234,0.3643309
110708000,-0.49708122,-0.46021432,-0.00778622
110712000,0.18374527,-0.71978533,0.054802824
110716000,0.87096304,-0.49917787,0.015479744
110720000,0.75790167,-0.08086571,-0.00734401
110728000,0.24842158,-0.029609092,0.3196534
110736000,0.32113415,-0.1741019,-0.004902732
110740000,0.101354815,-0.44391316,0.12249156
110744000,-0.06607294,-0.61430097,0.19991843
110748000,-0.21634957,-0.7549523,0.29074335
110752000,-0.32288483,-0.6065619,0.049422033
110756000,-0.0948564,-0.18290105,-0.27096045
110764000,-0.26307732,-0.22254549,0.57544917
110772000,0.41236475,-6.30E-05,0.60156506
110780000,0.5796001,-0.33533072,0.14477402
110784000,0.2506455,-0.35801065,0.011151386
110788000,0.057802245,-0.34786642,0.17370147
110792000,0.036557496,-0.2058438,0.17175804
110796000,0.049356274,0.17400055,-0.0771048
110804000,0.43870854,0.27713275,-0.2794941
110812000,0.16865107,-0.601956,0.16833815
110816000,0.19817044,-0.69972557,0.48951876
110820000,0.16146679,-0.71561337,0.4657387
110828000,-0.01860691,-0.055380903,0.6264892
110832000,-0.125786,0.0447855,0.6585869
110836000,0.057520628,-0.12097608,0.31277508
110840000,0.41354895,-0.24918672,0.10912397
110844000,0.6596637,-0.42895424,0.34188884
110852000,-0.16446856,-0.057415858,-0.46442237
110856000,0.10874207,0.61631507,-0.15782386
110864000,0.3143154,-0.40091696,0.57335556
110868000,-0.30321354,-0.6429689,0.66918033
110876000,-0.048808977,-0.74154943,0.40557492
110884000,-0.12128602,-0.16371123,-0.28587213
110888000,0.13115248,-0.28103906,-0.39606845
110892000,0.31063724,-0.41112143,-0.42194748
110896000,-0.11789525,-0.27897912,-0.054791056
110900000,-0.60862494,-0.304891,0.5147315
110908000,0.110997945,-0.42975867,0.59278864
110916000,0.49106354,-0.22190148,-0.034236655
110920000,0.69118714,0.19727536,0.11744669
110924000,0.5412844,0.26506042,0.45457262
110928000,0.028046936,0.041047424,0.28616923
110932000,-0.2712068,-0.1321658,0.07587207
110936000,-0.31772617,-0.14003831,0.23038782
110940000,-0.13773704,-0.120084316,0.313401
110944000,0.24581267,-0.08887705,0.24217097
110952000,-0.028031588,-0.041178912,0.026686218
110956000,-0.1629126,-0.17807601,-0.29866654
110960000,0.06374734,-0.2613538,-0.1679621
110964000,0.22219348,-0.36775565,0.18070132
110968000,0.2531238,-0.07232165,0.10546921
110972000,0.19914141,0.45330128,0.08329338
110976000,0.23742482,0.24308772,0.19669609
110980000,0.4454475,-0.56633955,0.159646
110984000,0.41346353,-0.9170897,0.44252405
110988000,-0.16334024,-0.57321244,0.94393396
110992000,-0.46497646,0.10990597,0.7271231
110996000,0.034909412,0.51401484,-0.17059329
111000000,0.30512094,0.16292939,-0.60178274
111008000,0.043284595,-1.2161447,-0.0799101
111012000,-0.045136206,-1.2401941,0.7166966
111016000,-0.26670048,-0.4955026,1.13794
111020000,-0.3035563,0.1989277,0.8601567
111024000,-0.08702105,0.4205896,0.3078791
111028000,0.41900814,0.27401292,0.24402633
111032000,0.64624465,0.1950528,0.42144573
111036000,0.33414483,0.3047971,0.1206173
111040000,0.069471434,0.15505588,-0.10227652
111044000,0.0535832,-0.17614505,0.12465066
111048000,-0.05134047,-0.32520917,0.3979991
111052000,-0.19894962,-0.699093,0.32784104
111056000,-0.23131625,-1.0092432,0.09617005
111064000,-0.64089274,-0.004908659,-0.08731849
111072000,0.19509877,-0.24818844,0.058088668
111076000,0.5909004,-0.3532837,0.3448882
111084000,-0.094038084,-0.38510582,0.12865938
111088000,0.024155512,-0.5135133,0.19652894
111092000,0.31657618,-0.31700826,0.55255246
111096000,-0.021055594,0.17488186,0.43657017
111100000,-0.3687291,0.3086235,-0.037469164
111108000,0.6759003,-1.0756464,0.23406422
111116000,0.095778346,-0.4009375,-0.30824423
111120000,-0.4472841,0.19315946,-0.059001625
111128000,-0.53084725,0.3151972,0.57005906
111136000,0.33847696,-0.000439391,0.33785003
111140000,0.3867126,-0.06429312,0.25841722
111144000,0.35739994,-0.2545288,0.01803276
111148000,0.14198798,-0.39905044,0.21102145
111152000,-0.055669732,-0.35415453,0.43156955
111156000,-0.08632469,-0.20240638,0.14617649
111160000,-0.23769338,-0.35151,-0.028155312
111164000,-0.47541982,-0.43619132,0.11564898
111168000,-0.73224854,0.086327225,0.22045906
111172000,-0.70559394,0.65467846,0.34299943
111176000,-0.25930905,0.3171233,0.3659207
111180000,0.4223243,-0.37038776,0.1952863
111184000,1.0676892,-0.5796233,-0.014730994
111188000,0.97442204,-0.4598472,0.09839071
111192000,0.36778516,-0.3392207,0.4141755
111200000,-0.13603595,-0.39619428,-0.16138922
111204000,-0.3684768,-0.5236986,-0.25395072
111208000,-0.32479578,-0.41725016,0.2223456
111216000,-0.37328,-0.02168683,0.569201
111220000,-0.29446852,-0.1981264,-0.008601517
111224000,-0.16400675,-0.12490088,-0.555108
111228000,-0.03790831,-0.001728326,-0.090425566
111236000,-0.20554665,0.27916256,0.9974342
111240000,-0.009857371,0.36128196,0.46177155
111244000,0.5019586,0.028728582,0.06514138
111248000,0.36929747,-0.3256421,-0.114723265
111252000,-0.16233699,-0.3760465,-0.12999105
111256000,-0.5759121,-0.5201011,-0.14403793
111260000,-0.54658747,-0.7376982,0.008304598
111264000,-0.21644391,-0.5226327,0.45345604
111268000,-0.23014733,-0.35956457,0.49646303
111276000,0.03772241,0.056130156,-0.057262298
111284000,0.11200467,0.25553542,0.07143361
111288000,-0.054446343,-0.1311923,0.19949067
111292000,0.46954864,-0.29812428,0.17978725
111300000,-0.10653423,-0.012861028,0.16163461
111308000,-0.31860313,0.011014998,0.8437662
111312000,0.08246204,-0.4377408,0.6410374
111316000,0.19690219,-0.42491472,-0.054512292
111324000,-0.7293654,0.084358834,-0.06470296
111328000,-0.24273401,-0.078266345,0.22984241
111332000,0.32269424,-0.14078172,0.5775678
111336000,0.17465201,0.1648492,0.6519272
111340000,-0.38120317,0.10017901,0.6550358
111344000,-0.5845526,-0.535273,0.64677256
111348000,-0.18210457,-0.7042357,0.33939698
111352000,0.14782102,-0.479505,0.07129559
111356000,0.09808926,-0.1141696,-0.011487328
111360000,-0.08918819,0.3848256,-0.27773526
111364000,-0.095333904,0.30172592,-0.42433953
111368000,0.24183175,0.15886746,-0.27548712
111372000,0.3541925,-0.19010763,0.036310125
111376000,0.019454539,-1.0979636,0.51841
111384000,0.13021672,-0.54282737,0.7847897
111388000,0.124850415,-0.1316171,0.34004968
111396000,-0.81414115,0.13054043,-0.2406581
111400000,-0.18320708,-0.4200246,0.073631436
111404000,0.32668966,-0.7438231,0.22464111
111412000,-0.13286635,0.6448163,0.48130968
111416000,-0.1888672,0.81324077,0.35665435
111424000,0.4327962,-0.20759901,0.16999723
111428000,0.536376,-0.40226838,0.13437648
111432000,0.17297748,-0.43088472,0.09026644
111436000,-0.4503692,-0.16326076,-0.13146386
111440000,-0.7381687,0.108042955,-0.01880648
111444000,-0.8094015,0.03864181,0.35360485
111448000,-0.7706451,-0.2075448,0.39289153
111452000,-0.27581507,-0.21698716,-0.10000683
111460000,0.1336211,-0.022901237,-0.31151673
111468000,-0.5369418,-0.011027291,0.624923
111472000,-0.08875543,0.08006421,0.9557706
111476000,0.24775958,-0.33368275,0.92196524
111480000,0.42663205,-0.60133666,0.8824382
111484000,0.2635737,-0.3169691,0.5588186
111492000,-0.6015889,-0.7357601,-0.570547
111496000,-0.4707986,-0.8775595,-0.32282054
111500000,-0.20370832,-0.4671369,0.03766972
111504000,-0.27907807,-0.20859767,0.3118909
111512000,-0.45358348,0.11660376,0.22516029
111516000,-0.23967521,0.28558898,0.025142439
111520000,0.20932999,0.33162433,-0.06648217
111528000,-0.053069897,0.3660047,0.24989167
111532000,-0.1885438,0.30806667,0.068078965
111540000,0.148612,0.12978232,0.6256639
111544000,0.49918497,-0.48082417,0.7561898
111552000,0.26655352,-0.31524652,0.14990768
111556000,-0.0965852,0.003356025,0.054212578
111564000,-0.7366984,-0.0252143,-0.3470805
111568000,-1.0703062,0.07285765,-0.18908256
111572000,-0.9114227,-0.14126068,0.25127673
111576000,-0.4761201,-0.16714638,0.34504038
111584000,-0.00986385,-0.09343183,-0.33248344
111588000,-0.17386569,0.18971336,-0.32076514
111592000,-0.5003708,0.010647208,-0.12382777
111596000,-0.32879353,-0.33837312,0.21053085
111604000,0.19030952,-0.3838055,1.1251655
111612000,-0.8757831,-0.0731143,0.35707575
111616000,-0.8147924,-0.12568778,-0.23708746
111620000,-0.2403177,0.09777903,-0.052898042
111624000,0.23651457,0.4689155,0.38408446
111628000,0.25878066,0.08882406,0.40788463
111632000,0.07387769,-0.60628194,-0.013410486
111636000,-0.09484963,-0.79721016,-0.17993815
111640000,0.06135959,-0.5683423,0.30922496
111644000,0.060539316,-0.5760942,0.6157149
111648000,-0.42607355,-0.55717736,0.36033592
111652000,-0.53267044,-0.20364814,-0.017063886
111656000,-0.24338318,0.06651012,-0.47186986
111660000,-0.105077654,0.5452502,-0.46310756
111664000,-0.10223536,0.97702634,0.21130688
111668000,0.08794575,0.58338666,0.87049776
111672000,0.36834005,0.008414745,0.97092175
111676000,0.28579763,-0.18310046,0.5135501
111684000,-0.19608521,-0.639188,0.06591974
111692000,-0.4329469,-0.26464492,-0.1487616
111696000,-0.6955427,-0.16410673,0.16604455
111700000,-0.42537367,-0.42847914,0.25557455
111708000,-0.46778804,0.30824664,-0.1596809
111712000,-0.5967678,0.7639812,-0.07321931
111716000,-0.14400959,0.6138663,0.53970265
111720000,0.012040548,0.19588216,0.42255917
111724000,-0.4411624,-0.3954835,-0.22886923
111728000,-0.50438595,-0.9761301,-0.4817934
111732000,-0.03891886,-0.9245952,-0.036560073
111736000,0.47733337,-0.37680227,0.74006593
111740000,0.46235263,-0.03685505,0.77682567
111744000,0.03174545,0.04624998,0.13050225
111752000,-0.3595057,0.32295394,0.4752113
111756000,-0.5816759,0.3630893,0.8362038
111760000,-0.31631353,0.17164369,0.35953096
111764000,-0.032234814,-0.23842943,-0.029269485
111768000,-0.020974942,-0.7142445,-0.138454
111772000,-0.39458808,-0.4649005,-0.3268083
111780000,-0.31064942,0.1445593,0.04906608
111788000,-0.26823682,0.17583579,0.39948043
111792000,-0.23152837,0.15630953,0.46091664
111796000,-0.30432487,-0.3328203,0.37899137
111804000,-0.83743787,-0.47039476,0.06774611
111808000,-0.5193558,0.22884941,0.22062793
111816000,0.5853683,0.6012108,0.19988357
111820000,-0.09615387,0.052870855,0.24962232
111824000,-0.38453254,-0.38728675,0.10662472
111832000,-0.1108486,-0.64074975,-0.080931254
111836000,-0.3973742,-0.33380795,0.09950049
111840000,-0.5111115,0.11606317,0.37119007
111848000,0.32310468,0.122142576,0.72483075
111852000,0.016716197,0.05419174,1.1009043
111856000,-0.46634942,-0.04464466,0.705295
111860000,-0.640408,0.008156206,-0.07005967
111868000,-0.50359327,-0.08012547,0.29600325
111872000,-0.3671997,-0.1936469,0.35531488
111876000,-0.2822123,-0.20755671,-0.036287993
111884000,-0.7292973,-0.35086292,-0.57081175
111892000,-0.02692595,0.25601903,-0.70945984
111896000,0.11689769,0.3610211,-0.5462838
111900000,0.39392522,0.21726367,0.31511065
111908000,0.42871526,-0.92425996,0.7578562
111916000,-0.40175867,-0.39284393,0.83068585
111920000,-0.60850626,-0.12896788,0.6193634
111924000,-0.65909415,-0.07966203,0.065369815
111928000,-0.42691314,0.15690973,-0.31787288
111932000,0.028407186,0.36267602,0.04869014
111936000,0.3986765,0.28900206,0.29979554
111944000,-0.3140253,0.45535496,-0.38535833
111948000,-0.69155204,-0.023265988,-0.5071861
111956000,-0.7098551,-0.53109944,0.5660166
111960000,-0.6745605,-0.4883686,0.5199837
111968000,0.005864978,0.18272239,-0.058934018
111972000,-0.16113146,0.000629202,0.95383686
111976000,-0.5968393,-0.06898611,1.2149098
111984000,-0.35206574,0.24759549,-0.508095
111988000,-0.065425366,-0.08868149,-0.23746319
111992000,0.21715026,-0.5025162,0.30438396
111996000,0.37277156,-0.523005,0.43561995
112000000,0.35792965,0.192887,0.39917013
112004000,0.3394776,0.8582178,0.42072865
112008000,-0.12176016,0.50882596,0.3826518
112016000,-0.6610877,-0.88982946,-0.18237346
112020000,-0.42686653,-0.4683485,-0.28837842
112024000,-0.24820298,0.18457884,-0.11546795
112028000,0.038447052,0.045064338,0.12030628
112032000,0.10975039,-0.37541318,0.16794136
112036000,-0.10655847,-0.26297596,-0.020125695
112044000,-0.34236243,0.012465648,0.34689438
112048000,-0.08877893,0.02100648,0.3875152
112052000,-0.11360579,-0.17079851,0.23464
112056000,-0.13090035,-0.35076773,0.24188949
112060000,-0.33197045,-0.19271481,0.26104242
112064000,-0.63827866,-0.19441932,0.076525465
112072000,0.2782203,0.043677036,0.44186834
112076000,0.22887245,0.13213715,0.33580995
112080000,-0.071100414,0.120211765,0.03177147
112088000,-0.8109832,0.51082665,0.036049284
112096000,-0.1480322,-0.138649,-0.1366294
112100000,0.43781143,-0.46707577,-0.1219647
112104000,0.03413105,-0.5025667,0.077267185
112108000,-0.6799938,-0.15206535,0.022497922
112112000,-0.64044803,0.17978859,0.011670907
112120000,-0.48591003,0.13204394,0.33079526
112124000,-0.7068708,-0.074723996,0.6220016
112128000,-0.4143567,-0.44306934,0.48405403
112136000,-0.02123376,0.03422483,0.4241013
112140000,-0.09593312,-0.1440745,0.33769983
112148000,-0.27086943,0.19033517,-0.008836687
112152000,0.19756255,0.07275159,-0.1530655
112156000,0.15375422,0.01670171,-0.020387895
112164000,-0.4333578,0.10364368,0.007817291
112168000,-0.10565159,0.11647855,0.055746242
112172000,0.45783088,-0.25475007,0.06185096
112180000,-0.70701104,-0.18079692,0.001670025
112184000,-1.0661081,0.03541774,0.22228836
112188000,-0.7422054,-0.14738624,0.3027403
112192000,-0.4178404,-0.09766171,0.25877565
112196000,-0.07196163,0.098020814,0.32636267
112200000,0.2289025,0.012729704,0.029433385
112208000,-0.34192267,-0.16193067,-0.42904198
112212000,-0.5804475,-0.036224715,-0.0910577
112216000,-0.06204784,-0.077901095,0.17177513
112220000,0.29626295,-0.30343372,0.5141713
112224000,0.16763651,-0.40435767,0.5621506
112228000,0.07366797,-0.025428727,0.2439731
112232000,-0.001503861,0.3484532,0.080170944
112240000,-0.6732083,0.22061336,0.05593128
112244000,-0.82003236,-0.055555463,0.15197358
112252000,-0.40753266,-0.28382474,0.6710478
112256000,-0.6295735,-0.3800676,0.09566918
112260000,-0.46899378,-0.44543198,-0.14050804
112268000,-0.43872523,0.5147102,-0.21047288
112272000,-0.21154785,0.05044131,-0.31433755
112276000,0.16479397,-0.4512043,0.16071087
112280000,0.04262299,-0.33186197,0.7794657
112284000,-0.11042336,0.00965333,0.73434526
112288000,0.11269222,0.06766644,0.6158895
112292000,0.17607401,0.12104536,0.54551584
112296000,-0.12619098,0.21174279,0.03650911
112300000,-0.21843323,0.2182262,-0.602257
112308000,-0.07263419,0.6749641,-0.13219208
112312000,-0.16277446,-0.016070932,0.03702657
112320000,-0.98436666,-0.48171976,0.62507033
112324000,-0.81548965,-0.002455592,0.6005061
112328000,-0.42961973,-0.15118304,0.07520592
112332000,-0.14016733,-0.24178915,-0.30633304
112336000,0.07034864,-0.03821004,-0.14080326
112340000,-0.15104836,-0.051840298,0.23114666
112348000,0.10020046,-0.34580424,0.39190733
112356000,-0.17898908,0.31617317,0.10715537
112360000,-0.25347906,0.7194438,0.31600204
112364000,-0.13713942,0.76178,0.20221129
112368000,-0.098248996,0.39171708,-0.39824957
112372000,-0.35258865,-0.2782759,-0.94497824
112376000,-0.57395995,-0.76289445,-0.5070812
112380000,-0.5154432,-0.8882225,0.31985873
112388000,-0.105237976,-0.56434727,0.41155988
112392000,-0.084288344,0.22485238,-0.31410834
112396000,-0.3449029,0.8398148,-0.44999653
112400000,-0.4078705,0.19122395,0.32633215
112404000,0.14781497,-0.35432297,0.82377684
112408000,0.22863296,-0.19064608,0.29905838
112412000,-0.2771348,0.12985723,-0.08021161
112416000,-0.30330032,0.26940033,-0.105975464
112424000,-0.15982684,-0.006980225,0.27388674
112428000,-0.22189885,0.115137875,0.33651432
112432000,0.05917278,0.14925674,-0.087639645
112436000,0.18837163,0.031735696,-0.15392701
112440000,-0.4338285,-0.22777878,-0.16947113
112444000,-0.697133,-0.32838947,-0.16896603
112448000,-0.39147732,-0.16928008,0.10966793
112452000,-0.16968554,0.13365467,0.029634349
112460000,-0.017965846,-0.025877785,0.44894356
112464000,-0.4332167,-0.05904576,0.5852371
112468000,-0.44313282,0.19140378,0.4419318
112472000,0.14149992,0.5315481,0.07242493
112476000,0.51055914,0.29897237,-0.20765537
112480000,0.42182475,-0.4431583,-0.26122776
112484000,0.002284721,-0.8808429,-0.16374484
112488000,-0.7803568,-0.53147936,0.069313124
112496000,-1.2978823,0.307284,0.47793746
112500000,-0.5186262,0.15608416,0.6437937
112504000,0.25434846,-0.12229805,0.36964077
112508000,0.41141713,-0.12210143,-0.21216673
112512000,0.16296609,0.08754736,-0.1656235
112516000,0.05733386,0.09652784,-0.01890418
112520000,0.07033293,-0.000443417,0.037804674
112524000,-0.12077173,-0.0568762,0.4367669
112528000,-0.26233986,-0.026497722,0.5589664
112532000,-0.3399899,-0.025320113,0.20350221
112536000,-0.5825577,-0.36991075,0.010922372
112540000,-0.35275608,-0.5480672,0.033541188
112544000,0.13159528,-0.290371,-0.059375484
112548000,0.09097257,-0.09387913,-0.19406627
112556000,0.27087438,0.5078754,-0.32488447
112560000,-0.093207866,0.3159659,-0.115214035
112564000,-0.7465428,0.14694804,0.16314292
112568000,-1.3469172,0.025494404,0.048213933
112572000,-1.1918625,0.0403352,0.12515113
112576000,-0.1609653,0.11892927,0.47184545
112580000,0.73251146,0.043873508,0.082553655
112584000,0.7518098,0.12311171,-0.41924083
112592000,-0.90089595,-0.25350595,0.6631554
112596000,-0.9700148,-0.13289167,0.47803733
112604000,-0.6014802,-0.33971936,0.21844108
112608000,-0.14905277,-0.54139954,0.41102654
112612000,0.20844021,-0.3302084,0.26147085
112616000,0.3760868,-0.050304674,-0.19546229
112620000,0.5010755,-0.15580298,-0.53332853
112624000,0.319932,-0.5542264,-0.29565567
112628000,0.11991182,-0.49272102,-0.17665388
112636000,-0.19625649,0.38954437,-0.49218932
112640000,-0.6184953,0.32831728,0.038115017
112644000,-0.72619534,-0.15775515,0.5038125
112652000,-0.8716347,-0.9551641,0.7363849
112656000,-0.7173363,-0.183606,0.7594021
112660000,-0.2609465,0.38693675,0.14917405
112664000,-0.0319781,0.30855983,-0.0633686
112668000,-0.00593479,0.16048571,-0.2181995
112672000,0.2730523,0.06949761,-0.5111369
112676000,0.2157669,-0.13971306,-0.12334971
112680000,-0.29601213,-0.14577568,0.33741987
112684000,-0.5951455,0.29270637,0.43255204
112688000,-0.5916234,0.52897066,0.2580887
112692000,-0.22337177,0.17833653,-0.29903275
112696000,0.16280778,0.10583614,-0.44713628
112704000,-0.14494471,-0.003233098,0.13886441
112712000,0.007083073,0.21231683,0.27808905
112716000,-0.3681054,0.16480814,0.24749157
112724000,-0.83024466,-0.1812605,-0.101840705
112732000,0.44670668,-0.47039777,0.6676978
112740000,0.21149315,0.15458098,0.22901213
112744000,-0.17966288,0.2974426,-0.27727184
112748000,-0.23561873,0.35769445,-0.7741372
112752000,0.18163702,-0.014250174,-0.7328574
112756000,0.33537096,-0.0738695,-0.24913667
112760000,-0.38250998,0.2568874,0.2887925
112768000,-0.22952712,-0.3850808,0.70653695
112772000,-0.12590061,-0.37154818,0.232315
112776000,-0.40671328,-0.52920145,0.13336489
112780000,-0.6969248,-0.70910007,0.2182008
112784000,-0.75262964,-0.09901115,-0.037396587
112788000,-0.40176004,0.6807085,-0.3609538
112792000,0.1336169,0.89685863,-0.38923067
112800000,-0.016275555,-0.104984924,0.11639251
112804000,-0.8389847,-0.48137623,0.11135911
112812000,0.5380801,-0.36229813,0.3655726
112816000,0.7659734,0.046603024,0.694297
112820000,0.30633652,0.2453395,0.22809766
112824000,-0.6597713,-0.07125475,-0.36273524
112828000,-1.5182707,-0.47884646,-0.23717958
112832000,-1.3941164,-0.32723862,0.123573594
112840000,0.24206679,0.18512088,-0.2687895
112848000,0.9591416,0.33320835,0.33359692
112852000,0.24173793,0.25541252,0.39984748
112856000,-0.62881464,0.21412699,0.08429232
112860000,-0.8957854,0.09985758,0.1142319
112864000,-0.59205747,-0.12179636,0.59459466
112872000,-0.76036406,-0.42504174,0.27648476
112876000,-0.6587102,0.09654112,-0.025855884
112884000,0.5761558,0.31167632,-0.9872647
112888000,0.69777167,-0.59701824,-0.86005366
112892000,0.5080453,-0.5552497,-0.3891728
112896000,-0.04896967,0.22185114,0.18329234
112900000,-0.36956856,0.34282625,0.793226
112908000,-0.57030344,-0.17742944,0.3602075
112912000,-0.6279981,-0.2747744,-0.24189964
112920000,0.30403516,-0.18103546,0.09238343
112924000,0.40371072,0.22894762,0.6417728
112928000,-0.24750462,0.29380885,0.36110115
112932000,-0.7466242,-0.16707501,-0.44158125
112936000,-0.9384613,-0.38299352,-0.56820774
112940000,-0.93592787,-0.086546436,-0.1521743
112944000,-0.28004533,-0.236927,0.1565014
112948000,0.07525318,-0.6026151,0.17465244
112952000,0.11283917,-0.30725953,0.04246937
112960000,0.4403084,0.83264303,0.42718184
112964000,-0.007474706,0.48906577,0.32222843
112968000,-0.39695096,-0.18037635,-0.05424749
112972000,-0.65574175,-0.5229214,-0.2624625
112976000,-0.5042205,-0.30864298,-0.3120484
112980000,-0.2576349,-0.033461623,-0.27714872
112984000,-0.14328112,-0.010534152,-0.17844763
112988000,0.3201193,0.106290445,-0.06288092
112996000,-0.22015049,0.100648895,0.106472194
113000000,-0.566842,-0.5212467,0.32724464
113004000,-0.41150656,-0.6556423,0.24559568
113008000,-0.041043766,0.07296306,-0.04635244
113012000,0.2077395,0.7437037,0.10038769
113016000,0.14698279,0.65614146,0.3740891
113020000,0.056087233,-0.13839605,0.18652655
113024000,-0.023506425,-0.90534186,-0.061520822
113028000,-0.11118591,-0.76109755,0.009841129
113036000,-0.40752122,0.9885572,0.18578433
113040000,-0.4184555,0.17216939,0.2062045
113044000,-0.014582828,-0.68047136,-0.3286302
113048000,0.17048128,-0.8222185,-0.33354837
113052000,-0.43105555,-0.16626462,0.25611714
113056000,-0.73766047,0.9169969,0.4662293
113060000,-0.31234825,1.0300324,0.45029196
113064000,0.027488085,0.21326593,0.36819407
113068000,0.049906995,-0.3398444,0.20147373
113072000,-0.30128804,-0.39855075,-0.18460366
113076000,-0.4667969,-0.13808036,-0.6495862
113080000,-0.13616201,0.035881765,-0.8154393
113088000,-0.06601172,-0.09040286,-0.055274993
113092000,-0.08991086,-0.26189834,0.32027304
113100000,0.24946679,0.52130264,0.42946565
113104000,0.5267367,0.27073085,0.5170107
113108000,-0.21692687,-0.37456328,0.26004553
113116000,-1.0761175,-0.28601405,-0.30537677
113120000,-0.44766092,0.041796006,0.06540802
113124000,0.15814029,0.044185422,0.37048638
113128000,0.3564357,0.157844,0.030793905
113136000,-0.048279777,0.08343118,-0.12950408
113140000,-0.27055237,0.039533604,0.39446947
113144000,-0.33056936,-0.12933007,0.5482566
113152000,0.2670614,0.07669247,-0.01932158
113156000,0.57982564,0.17437121,0.3198865
113160000,0.49869195,0.32081923,0.43170765
113164000,-0.113144115,0.19291824,-0.20153433
113168000,-0.6960599,-0.08685381,-0.55310684
113172000,-0.6767136,-0.062464304,-0.34097546
113176000,-0.42682272,-0.19186933,-0.1855307
113180000,-0.2921825,-0.5504794,-0.14308603
113184000,0.080795795,-0.54870796,0.056913175
113188000,0.16038465,-0.17074534,0.7252748
113192000,-0.0968599,0.26413113,0.8376227
113196000,-0.10105969,0.4144455,0.22944467
113200000,-0.29591295,0.15538481,0.053978115
113204000,-0.4581619,0.09927635,-0.1163172
113208000,0.016854644,0.7157339,-0.5340932
113216000,0.4370554,0.4677656,-0.00897333
113220000,0.21938059,-0.09860335,0.14393649
113224000,-0.44093016,-0.28678194,0.001157619
113232000,-1.0090649,-0.009218201,-0.09125539
113236000,-0.46355075,0.22603016,-0.06963533
113240000,-0.06187727,0.03424897,-0.15526299
113244000,0.25755355,-0.13923629,-0.045229457
113248000,0.37727952,-0.021540046,0.66393757
113252000,0.011881635,-0.017105125,0.71555316
113256000,-0.33653823,-0.025917068,-0.12621847
113260000,-0.21620187,-0.20683105,-1.069432
113264000,0.061274365,-0.65816426,-1.3849125
113268000,0.11228839,-0.51785815,-0.5733884
113272000,-0.08675277,-0.102528565,0.3682531
113276000,-0.34645477,-0.2118938,0.33049244
113280000,-0.42218903,-0.1065683,0.05410909
113284000,-0.39813554,0.3912785,0.25439695
113288000,-0.055581734,0.3978365,0.40560603
113292000,0.27457774,0.09167273,0.50228685
113296000,-0.17758352,-0.1772963,0.473786
113304000,0.38954997,0.13251281,-0.44044986
113312000,-0.07024921,0.29635924,-0.1600888
113316000,-0.29155594,-0.22609726,0.23342454
113320000,-0.51774585,-0.46482491,0.6102836
113324000,-0.6356522,-0.3947311,0.43422797
113328000,-0.4955677,-0.37458223,-0.17648397
113332000,-0.06556165,-0.026739284,-0.60108185
113336000,0.18782857,0.18238826,-0.35375753
113340000,-0.009820372,-0.054810144,0.045933224
113344000,0.038026586,-0.040719837,0.30570167
113348000,0.3068445,0.21445706,0.4134906
113352000,0.037253752,0.23407567,0.06509225
113356000,-0.38308746,0.09752832,-0.35620922
113360000,-0.040084824,-0.09507303,-0.11740881
113364000,0.3171289,-0.20549645,0.20553073
113368000,0.12574482,-0.15511125,0.020207599
113372000,-0.124159545,-0.262968,0.027564183
113376000,-0.4641077,-0.3138407,0.21251744
113380000,-0.52616155,-0.26791403,0.298402
113384000,-0.24576017,0.003010768,0.024374865
113388000,-0.16802302,0.60350466,-0.45762452
113392000,0.088180184,0.58655834,-0.25739625
113396000,0.5349716,0.1173321,0.29709855
113400000,0.021862745,-0.0831598,0.57244545
113404000,-0.7894491,0.12681669,0.49026167
113412000,0.015316702,0.35929042,-0.44100875
113416000,0.27480423,-0.21520212,-0.45785308
113420000,0.124972016,-0.5293916,-0.2214298
113424000,-0.052399673,-0.5114119,-0.029379275
113428000,-0.20618428,-0.17611673,-0.005713711
113432000,-0.3239468,0.19244215,-0.054392345
113436000,-0.14024486,0.04890304,0.25745893
113440000,-0.008823354,-0.204774,0.6326479
113448000,-0.02756863,0.36785302,-0.6288247
113452000,-0.08481791,0.08991134,-0.5274913
113456000,-0.30901587,-0.24093738,-0.01803714
113460000,-0.25686228,-0.5489027,0.42149785
113468000,-0.11862613,-0.21571717,-0.059022933
113472000,-0.76016456,-0.22312966,-0.88465583
113476000,-0.69253296,-0.15446755,-0.6258853
113480000,0.10077612,0.17905506,-0.005124062
113484000,0.58593595,0.3734907,0.47500855
113492000,0.36212203,0.6022302,0.69819343
113496000,-0.25172174,0.632504,-0.38067532
113500000,-1.020844,0.43439615,-0.9423212
113504000,-1.0270518,0.1535786,-0.5376065
113512000,0.16373646,-0.65417737,0.7109441
113516000,0.5690689,-1.056249,0.27655405
113520000,0.35008898,-1.008309,-0.44086123
113524000,-0.12988009,-0.08062509,-0.47723868
113532000,0.030164786,0.6000529,0.4419368
113536000,0.16146232,0.06964691,0.08730924
113540000,-0.08439697,-0.42445606,-0.005283549
113544000,-0.06700035,-0.41505584,-0.033291005
113548000,0.11536384,-0.019467995,-0.11288251
113552000,-0.032047406,0.1391699,0.09284252
113556000,-0.1704757,0.27604538,-0.12768042
113560000,-0.07736354,0.43013397,-0.25823233
113564000,0.039870545,0.19984093,0.14011362
113568000,0.09210436,-0.27820018,0.16480173
113572000,0.22374484,-0.41981912,-0.030573033
113580000,0.022648618,0.025422089,0.033942956
113584000,-0.23930256,0.09214207,0.25489348
113588000,-0.5476205,-0.107432686,0.19081692
113592000,-0.7017089,-0.47247577,-0.019533567
113596000,-0.31942365,-0.5897173,0.034281503
113600000,0.24616948,-0.3668965,0.18469396
113604000,0.42752388,0.18605039,0.21324113
113608000,0.09933939,0.811799,-0.13778849
113616000,-0.13904653,0.515157,-0.9186089
113624000,-0.005583399,-0.39272153,0.2332687
113628000,-0.32149115,-0.8736365,0.4870133
113632000,-0.75065076,-0.6772257,0.33148324
113636000,-0.6610606,0.12437217,0.41558775
113640000,0.001043156,0.64247787,0.30671299
113644000,0.5201837,0.37919483,0.010684727
113648000,0.33557785,-0.23158897,-0.11281781
113652000,0.1745264,-0.21778479,-0.17952195
113656000,0.32884964,0.2671181,-0.3080785
113660000,0.20136987,0.62873346,-0.2491689
113664000,-0.06524383,0.49000508,-0.005188935
113668000,-0.13431595,0.031335756,0.06749688
113672000,0.03835118,-0.4953215,0.26166266
113676000,0.013767324,-0.63701576,0.70944244
113680000,-0.18547797,-0.13430162,0.8555269
113688000,0.00975436,-0.32457268,-0.21557143
113692000,-0.0710787,-0.45098704,-0.48309517
113696000,-0.5168574,-0.16220395,-0.6110738
113700000,-0.56757784,0.023620177,-0.49848688
113708000,-0.44696695,0.22835699,-0.16941056
113716000,-0.08430881,0.36201122,-0.06443466
113724000,0.054605898,-0.38308093,0.14559802
113728000,-0.11954587,-0.20091552,0.12333931
113732000,0.00033325,0.31046015,-0.0816143
113740000,0.17162156,0.12725009,-0.009400515
113748000,-0.52115536,-0.2271363,0.61058766
113752000,0.05105412,-0.24914931,0.011603311
113756000,0.38116884,0.075920895,-0.37361306
113760000,0.20356807,0.39438277,0.24898934
113768000,0.39161277,-0.37878454,0.5705244
113772000,0.22864935,-0.31791693,-0.51440775
113776000,-0.09653176,-0.2978736,-1.1943072
113780000,-0.3569609,-0.03378257,-0.9787359
113784000,-0.81997526,0.31958938,-0.55950063
113792000,-0.3321833,0.7600546,0.26245403
113800000,-0.24579757,-0.53695536,0.023340791
113808000,0.20965278,-0.0501007,-0.113066934
113816000,0.021356791,-0.35941917,0.31511456
113820000,0.27070984,-0.33555642,0.0162393
113824000,-0.12550622,0.18486145,0.11589444
113828000,-0.40700057,0.48718315,0.40587857
113832000,0.18712425,0.69845164,0.746482
113836000,0.3328703,0.13641924,0.8649722
113840000,-0.13839325,-0.34796286,0.37672326
113848000,0.060774956,0.4584393,-0.52547777
113852000,0.060628474,0.43288893,-0.5566759
113860000,-0.5142873,-0.5307274,-0.34295863
113864000,-0.30966237,-0.53398293,-0.478198
113872000,0.27952588,-0.06889407,-0.4884479
113876000,0.3499221,0.48640287,-0.38384357
113880000,0.11097588,0.5256306,-0.33910638
113884000,-0.3418805,0.107153736,0.19658963
113888000,-0.3032788,-0.642379,0.88380426
113896000,0.80835694,-0.4684797,0.23306826
113900000,0.49213415,0.41481262,-0.42848772
113904000,-0.33428794,0.2702585,-0.23597309
113908000,-0.4963864,-0.05330909,0.07217238
113912000,-0.038281396,0.16421992,0.08410166
113916000,0.29199773,0.27972856,0.14874743
113920000,0.108780794,0.07712594,-0.107436724
113924000,-0.43265578,0.06329746,-0.3542888
113928000,-0.66514456,0.25908047,-0.073240496
113932000,-0.46418345,0.3967741,-0.020364378
113940000,0.054269344,0.012400121,0.11627719
113944000,0.17917466,-0.4534581,0.34054786
113948000,-0.09207161,-0.29237288,0.28765717
113956000,0.12986016,0.26253122,0.06280123
113960000,-0.16850823,0.16912083,-0.09436606
113968000,0.16639405,-0.71878636,0.083411716
113972000,0.19904989,-0.83346385,0.15170662
113976000,0.10200897,-0.56290674,0.18721245
113984000,-0.8319158,0.75350875,-0.7568276
113988000,-0.20213182,0.43811294,-0.47513685
113992000,0.24477184,0.31538388,-0.42321616
113996000,-0.020645373,0.20533046,-0.59039646
114000000,-0.32073292,-0.10298208,-0.118915424
114004000,-0.12533689,-0.3827222,0.44558987
114008000,0.50518703,-0.32547435,0.29009753
114012000,0.724841,0.24763602,0.04548865
114016000,0.34894848,0.27729023,0.36844704
114020000,0.18679748,0.059450425,0.8820936
114024000,0.23406355,0.35209805,0.9394234
114028000,-0.14766377,0.21862336,0.47798258
114032000,-0.33994278,-0.22513892,-0.040740825
114036000,-0.09802729,-0.33944473,-0.48927256
114040000,-0.076197475,-0.5884251,-0.6730486
114048000,-0.11110345,0.21180478,0.18869317
114052000,-0.47597277,0.74915457,-0.077478245
114056000,-0.6792685,0.43016768,-0.83613265
114060000,-0.26252156,-0.32727966,-0.4778405
114064000,0.36602217,-0.50477916,0.48520407
114068000,0.25801545,0.08241893,0.5199704
114072000,-0.30830765,0.29482496,0.06372883
114076000,-0.19661519,0.08279628,-0.090416715
114080000,0.47758013,0.19423947,-0.19956815
114084000,0.738184,0.16684988,-0.16807243
114088000,0.3510803,-0.17848343,0.007369466
114092000,-0.33548862,0.051971793,-0.056190185
114096000,-0.5723433,0.5995014,-0.3326694
114100000,-0.12081358,0.73898506,-0.5907299
114108000,0.11338475,-0.5866908,0.32639542
114116000,-0.50558317,-0.254212,-0.25731757
114120000,-0.56456,0.3639873,-0.22100031
114128000,0.18129247,0.2415188,0.38320613
114132000,0.57944345,0.013059415,0.3438559
114136000,0.9117531,-0.37909612,0.45966092
114140000,0.7122388,-0.40894705,0.27505338
114144000,0.09189992,-0.157197,-0.21067753
114148000,-0.37505546,-0.22700477,-0.43231645
114156000,-0.41335845,-0.44148162,0.13169798
114160000,-0.46999454,-0.6095642,0.19671714
114164000,-0.43294525,-0.5431381,-0.12002451
114168000,-0.30630237,-0.1150998,-0.13175946
114172000,0.041542456,0.21796727,0.11535128
114176000,0.59476817,0.39289793,-0.007980451
114180000,0.8289249,0.5160047,-0.11596596
114184000,0.27378213,0.7076891,-0.008984022
114188000,-0.20291181,0.44257164,-0.10622576
114192000,0.20258027,-0.21213691,-0.223253
114196000,0.34470236,-0.44915658,-0.07045925
114200000,-0.27501675,-0.43411964,0.15422095
114204000,-0.8104349,-0.2533195,0.14180249
114208000,-0.70679146,0.21468796,0.34970185
114216000,0.42441824,0.32307523,-0.21784914
114224000,0.63040257,-0.008921688,-0.4657566
114228000,0.15011913,0.0976121,0.2713349
114232000,-0.45164174,-0.27513653,0.0976059
114240000,-0.67438906,-0.4509418,0.33002073
114248000,-0.036219012,0.8070748,0.24414176
114256000,0.28126422,0.17086533,-0.36832225
114264000,0.31861526,-0.23142296,-0.10385359
114268000,0.13964674,-0.48319,0.15431388
114272000,-0.02236453,-0.30215183,0.29767373
114276000,0.07177146,0.22705904,-0.16875277
114280000,0.24241967,0.36852768,-0.5575503
114284000,0.38947746,0.29690123,-0.24285103
114288000,0.14694071,0.046816275,0.18683301
114292000,-0.38637152,-0.2563187,0.2817313
114296000,-0.73859,-0.4746913,0.16839844
114300000,-0.45498466,-0.38708478,-0.36833295
114304000,0.039237574,0.056555703,-0.7518826
114308000,0.3154009,0.3682653,-0.3356077
114312000,0.63394105,0.12616254,0.09401716
114316000,0.58882064,-0.6309575,0.07997144
114320000,-0.20967364,-0.7291904,0.08249823
114324000,-0.85383815,0.4210924,0.09674388
114332000,0.21279518,1.03078,0.32684097
114336000,0.28487852,0.2400416,0.34441113
114344000,0.15253988,-1.1160085,-0.108237445
114348000,-0.008279767,-0.7615836,-0.33507788
114352000,-0.24363671,0.12982291,-0.27696982
114356000,-0.6626644,0.5173453,-0.20208868
114364000,-0.6026649,-0.25356284,0.37370765
114368000,-0.20892437,0.26262963,0.527015
114372000,0.34641927,0.7346839,0.31964034
114376000,0.5506035,0.75969654,-0.1458799
114380000,0.33154407,0.3456531,-0.69974214
114384000,0.40500364,-0.14805512,-0.60204494
114388000,0.6000517,-0.5478321,-0.05692198
114392000,0.36282825,-0.7971124,0.22138658
114396000,-0.11804207,-0.37301558,0.087187
114400000,0.034259133,0.28590974,-0.3445727
114404000,0.20896807,0.4011882,-0.5475778
114408000,-0.42493567,0.07753506,-0.057321295
114412000,-0.76396346,-0.18676485,0.45065293
114420000,0.002886593,-0.43423355,0.007024579
114424000,0.047606304,-0.16774562,-0.00070357
114432000,0.17237239,0.40053862,0.125456
114436000,0.22449991,0.5294702,0.026142381
114440000,0.19485602,0.34683907,-0.3058002
114444000,0.12511311,-0.16814838,-0.47913706
114448000,-0.08125161,-0.3255911,0.005236238
114452000,-0.19128618,-0.22328024,0.47412086
114456000,-0.30972725,-0.31415996,0.18834685
114464000,0.18301827,0.65967906,-0.3131311
114468000,-0.03859617,0.74627435,-0.18644926
114476000,-0.38265187,0.16508608,0.30596122
114480000,-0.17920068,-0.119130775,0.86591965
114484000,0.055866517,-0.6338645,0.66936594
114488000,0.57179344,-0.28206918,-0.086508006
114492000,0.5935207,0.20623802,-0.6263138
114500000,-0.16462919,-0.4267188,-0.27618897
114508000,-0.38706017,0.002787404,0.42938972
114512000,0.18110602,-0.001711048,0.18679303
114516000,0.5942454,0.08232895,-0.3104519
114524000,-0.42554677,0.5765171,-0.22633998
114528000,-0.34320962,0.2891415,0.36849818
114536000,0.47952512,-0.7397826,0.21029815
114544000,0.19047806,-0.111990064,-0.31841514
114552000,-0.93848085,0.5872748,-0.24333586
114556000,-0.5218361,0.74570686,-0.38147786
114560000,0.37070826,0.43892485,-0.13017398
114564000,0.59966266,0.040441222,0.35772872
114568000,0.31317413,-0.38990206,0.6676356
114572000,0.13182634,-0.6322453,0.4851494
114580000,0.021711204,0.19790061,0.006740006
114584000,-0.0743954,0.75297284,0.031346016
114588000,0.28765738,0.66912293,-0.4315055
114596000,0.101554796,-1.1253963,-0.6757784
114600000,-0.3602042,-0.97046876,-0.005319282
114608000,-0.41078588,0.52676755,0.41804218
114612000,0.04607494,0.55014944,0.40588582
114616000,0.053597912,0.3241313,0.006654561
114624000,-0.4585464,-0.21866703,-0.8938667
114628000,-0.4760601,0.015440732,-0.5787856
114632000,-0.2637577,0.21006927,0.036964834
114636000,0.106714755,0.3715444,0.46731365
114644000,1.0480137,-0.30517054,0.14165068
114648000,0.6055758,-0.46949917,-0.08878249
114652000,-0.18568498,-0.24550739,-0.20715646
114656000,-0.4841174,-0.2626359,-0.30196166
114660000,-0.50821507,-0.11113532,-0.21345375
114664000,-0.5341694,0.2078191,0.22351757
114672000,0.18554844,0.7070625,0.22070754
114676000,0.13268642,0.5593368,0.110737756
114684000,0.016576152,-0.65584075,-0.29358304
114688000,-0.2591284,-0.44860256,-0.3637523
114692000,-0.1881503,0.006509319,-0.002380446
114696000,0.20405552,0.223186,0.4195384
114700000,0.56089354,0.2847778,0.3364905
114704000,0.51557785,0.48513573,0.08868582
114708000,-0.009783864,0.28524238,0.34538662
114712000,-0.43689793,-0.12787493,0.60063946
114716000,-0.4647237,-0.1785549,-0.004772931
114720000,-0.12958229,-0.21585137,-0.5274064
114724000,0.17851487,-0.30137733,-0.41808254
114732000,0.2321784,0.05867186,-0.313143
114740000,0.07482427,-0.15239209,0.41492057
114744000,-0.032850064,0.1435357,0.69797975
114748000,0.11548358,0.14166802,0.24555038
114752000,-0.15015405,0.04431905,-0.5501169
114756000,-0.6787969,0.11955766,-0.74339825
114760000,-0.06635061,0.12124659,-0.24246074
114764000,0.9031472,-0.29545182,0.24999605
114768000,0.57159954,-0.5460913,0.06886628
114776000,-0.23162054,0.64104795,0.4893578
114780000,-0.24612992,0.6751407,0.73765326
114784000,-0.6342466,0.25019512,0.37376365
114788000,-0.85431176,-0.13768809,-0.35564566
114792000,-0.25581127,-0.7039048,-0.8261807
114796000,0.40445453,-0.9666654,-0.67389333
114800000,0.5572134,-0.26344693,-0.1003817
114804000,0.27969372,0.4312795,0.22941941
114812000,0.23576187,0.48108834,0.17317182
114816000,0.47544768,0.19750616,-0.003285527
114824000,0.2278594,-0.026387304,-0.64200586
114828000,0.2796111,-0.12295061,-0.64050436
114832000,0.03428945,0.02701521,0.011518329
114836000,-0.13334025,0.31532547,0.48040396
114840000,-0.25404188,0.18217951,0.31098193
114848000,0.37073034,0.2411687,0.3131722
114852000,0.37358153,-0.00396806,0.44001436
114856000,0.12397774,-0.22730829,0.48374334
114864000,-0.109053314,-0.4801051,-0.75485176
114868000,0.018817611,-0.77720356,-0.77914405
114872000,0.27678555,-0.2899295,-0.32820708
114876000,0.31985956,0.5003311,0.41257963
114880000,-0.27112257,0.6143762,0.6145464
114888000,-0.47622326,0.17598999,-0.2982597
114892000,-0.07965931,-0.5432057,-0.21544868
114896000,0.25304043,-0.87176555,-0.27177712
114900000,0.31822884,-0.6740284,-0.34092173
114904000,-0.1272083,-0.579135,-0.34065863
114908000,-0.43723,-0.6278639,-0.33188108
114912000,-0.27193075,-0.12761502,-0.3538215
114920000,0.08877146,1.0236448,0.63266397
114928000,0.00926679,0.8196885,0.052934
114932000,-0.2312018,0.76727164,-0.13566414
114936000,-0.1766669,-0.20891458,0.1334468
114940000,0.047394656,-1.172018,0.5784837
114944000,0.18995191,-0.90176105,0.75613815
114948000,0.3485827,-0.17589518,0.703359
114956000,0.3124451,0.15474018,-0.49058327
114960000,0.289184,0.20163548,-1.2406942
114964000,-0.18718687,0.04201079,-1.0150547
114972000,-0.35260558,0.033357643,0.20272207
114976000,-0.070717424,0.08064571,0.16649082
114984000,-0.1220181,0.36501077,-0.04603975
114988000,-0.6832411,-0.30275154,0.29790974
114992000,-0.34498632,-0.8740878,0.4733859
114996000,0.60613734,-0.16935614,0.0322745
115004000,0.7984928,0.42298895,-0.19083722
115008000,0.26623607,0.064467624,-0.24846393
115012000,-0.037764437,-0.17182449,-0.41432965
115016000,-0.10396646,0.020773143,-0.2814956
115024000,-0.33276996,0.33525625,0.35794058
115032000,-0.14364243,-0.14549468,0.38991666
115036000,0.007993534,-0.12357724,0.012083873
115044000,0.3809698,-0.24094573,-0.002750967
115048000,0.67020535,-0.40799472,-0.55142635
115052000,0.1443774,-0.17545596,-1.1804864
115060000,-0.53009653,-0.011329139,-0.070561916
115064000,0.24814449,-0.20488471,0.5000893
115068000,0.36075813,-0.3849317,0.23319973
115072000,-0.116463184,-0.31983137,0.012737021
115080000,-0.33929366,0.41899627,0.30416578
115088000,-0.38418037,0.8241295,-0.15246044
115096000,0.9865038,0.25694287,0.07604285
115100000,0.8117789,-0.05497821,0.4484526
115104000,0.21380928,-0.69237983,0.29289797
115112000,-0.79142034,-0.12785336,-0.48547953
115116000,-0.47058928,-0.16033624,-0.11146189
115120000,0.14542478,-0.001251191,0.31039256
115124000,0.66659975,0.3148727,0.36325145
115128000,0.69615006,-0.0712768,0.049978174
115132000,0.19865032,-0.45739126,-0.39987883
115136000,-0.34430674,-0.50903296,-0.33912182
115140000,-0.5857663,-0.37989283,0.053375166
115144000,-0.5954682,0.12241523,0.43500242
115148000,-0.24313205,0.5904549,0.2807626
115152000,0.075213015,0.7621629,-0.3000294
115156000,0.21593949,0.6817972,-0.34780303
115160000,0.43336385,0.15013653,0.045268685
115168000,0.30274427,-0.49809116,-0.090936765
115172000,0.37775928,-0.39096242,0.08882862
115180000,-0.06349559,-0.02894245,-0.23544855
115184000,-0.4056046,0.56764495,0.15682563
115188000,-0.42432523,0.3509509,0.39021346
115192000,-0.11610465,-0.28855416,0.023128688
115200000,0.5999054,-0.23995137,-0.37479758
115204000,0.45372742,0.4330805,-0.4381712
115212000,-0.44077286,0.50269,0.040477008
115216000,-0.6674879,0.3120941,0.4258129
115220000,-0.13872713,-0.12680812,-0.029809117
115224000,0.65718985,-0.33539873,-0.13771129
115228000,0.67735124,0.023369186,0.3613176
115232000,0.061815977,0.35248318,0.33315057
115236000,-0.61359763,0.3794017,-0.08425614
115240000,-0.9420479,0.17231908,-0.2997365
115244000,-0.28376752,-0.4305412,-0.17908187
115248000,0.41694528,-0.7542589,0.16332152
115252000,0.16361366,-0.30186787,0.31534472
115256000,0.042581715,0.074649744,0.012429915
115260000,0.2502779,0.21848598,-0.39478126
115264000,-0.18814085,0.21068834,-0.34528357
115268000,-0.6325642,-0.37110588,-0.08283602
115272000,-0.3097037,-0.8247315,0.18351707
115276000,0.2943505,-0.16492689,0.53982264
115280000,0.5692215,0.5927478,0.4889186
115284000,0.18960401,0.41655403,0.14003144
115288000,-0.07091805,0.29463932,-0.095512085
115292000,0.37136886,0.42297208,-0.038123753
115296000,0.6499226,0.17926612,0.21015659
115300000,0.1981304,-0.11733973,-0.1547418
115308000,-0.16450685,-0.16288903,-0.780501
115312000,0.20037705,0.5217009,-0.26820964
115316000,0.08466378,0.40567815,0.28390872
115324000,-0.6354165,-0.13140772,-0.13969256
115328000,-0.06248519,-0.43468598,-0.16594422
115332000,0.43419895,-0.36360276,-0.008992111
115336000,0.39789978,-0.08793921,0.08107091
115340000,0.21111473,0.047533363,0.24702586
115344000,-0.013252676,0.17077643,0.5092532
115352000,0.059397046,-0.077029884,-0.18503615
115356000,-0.051454388,-0.28986242,-0.36080524
115360000,0.07333556,-0.13542485,-0.049411774
115364000,0.13676587,-0.02876876,0.46394873
115368000,0.15520316,-0.16383089,0.7048173
115372000,0.27508205,-0.3731651,0.6421151
115380000,-0.9125756,-0.06734267,-0.6273157
115384000,-0.4420947,0.18086913,-0.5768708
115388000,0.29091334,0.37937558,-0.15897326
115392000,0.35065538,0.39330253,-0.11079868
115400000,0.4999408,-0.003920163,-0.2501257
115404000,0.30600905,0.09295179,0.2313519
115412000,-0.37033457,-0.1902967,-0.62208354
115416000,-0.30916673,-0.22099411,-0.33560842
115420000,0.2856588,0.03175378,0.17812914
115428000,0.001178175,0.40564257,0.5895273
115432000,-0.25669113,0.21894586,0.30692524
115440000,-0.022738032,-0.4305073,0.003947131
115444000,-0.54622936,-0.5893175,-0.038362794
115448000,-0.55702597,-0.31729627,-0.24882294
115452000,-0.13362537,-0.1645279,-0.52507645
115456000,0.2335267,-0.07551028,-0.48816103
115460000,0.4496949,0.3506149,0.093791336
115464000,0.36719966,0.5770097,0.6845547
115472000,0.004659953,0.0730913,0.073519126
115476000,-0.052939538,0.18275365,-0.009726591
115484000,0.007671829,-0.2519259,-0.21676478
115488000,-0.08279744,-0.04664333,-0.39217392
115492000,0.014034815,-0.00195799,-0.6600399
115500000,-0.358569,-0.28353232,0.16874757
115504000,-0.6718298,-0.3200078,0.22554758
115508000,-0.63725215,-0.23883833,0.17276563
115512000,-0.26097983,0.025647908,0.12421511
115516000,0.067517,0.32956475,-0.13201553
115520000,0.4370949,0.4457747,0.16693942
115524000,0.67013633,0.47555757,0.4945981
115528000,0.255667,0.68596095,0.04529023
115532000,0.02721337,0.7132222,-0.42306742
115536000,0.25372833,0.28580555,-0.5222951
115540000,0.24641122,-0.24806166,-0.09303056
115544000,0.2135793,-0.7203795,0.37034518
115548000,0.3605276,-0.6735473,0.2639045
115552000,0.43566138,-0.08370681,0.057173256
115556000,0.09137585,0.26179424,-0.057589125
115564000,-0.62122643,0.5083448,-0.13887188
115568000,-0.15392458,0.18855897,0.19930016
115572000,0.029721124,-0.11650577,0.5588093
115576000,-0.32951522,-0.21464272,0.6029529
115584000,0.6176169,-0.0459002,-0.548139
115588000,1.1460721,-0.03748741,-0.2878234
115592000,1.0375817,-0.41475758,-0.40253624
115596000,-0.041218877,-0.39524245,-0.7091256
115600000,-0.93561053,0.04499299,-0.23765156
115604000,-0.856356,0.23169482,0.3767358
115608000,-0.45505404,0.085118555,0.5918606
115612000,-0.17159203,-0.41814837,0.39542702
115616000,-0.087249145,-0.6887839,0.006967291
115620000,-0.059050974,-0.022601277,-0.17317864
115624000,0.038003623,0.57358634,-0.2477673
115628000,0.39162195,0.5395227,-0.13643831
115632000,0.53745365,0.41527295,-0.004295312
115636000,-0.06324774,0.20786694,-0.06687339
115640000,-0.35546303,-0.14758772,-0.03150578
115644000,0.1147868,-0.46622753,0.004784439
115648000,0.3657493,-0.28812927,-0.01083466
115652000,0.31402388,-0.28520313,0.17832132
115656000,0.15590964,-0.4055546,0.5379987
115660000,-0.13662052,0.028892785,0.52270156
115664000,-0.18075556,0.34445763,0.04580593
115668000,-0.21876694,0.4173128,-0.36404452
115672000,-0.5043977,0.25094375,-0.46360147
115676000,-0.52240837,0.02166536,-0.22715262
115680000,-0.044957787,0.004096927,0.029116422
115688000,0.6364675,-0.30810973,0.059582237
115692000,0.51351297,-0.4481385,0.18466902
115696000,0.18629995,-0.25191933,-0.29015484
115704000,0.19449179,0.06008193,-0.6070147
115712000,-0.30962235,0.30961287,0.3319497
115720000,-0.47303283,0.046976514,0.2006774
115724000,-0.20498976,-0.15671763,0.11829166
115732000,0.13832353,0.024044547,0.16929182
115736000,0.29498255,0.31520012,0.3909784
115740000,0.41590515,0.24174076,0.47483644
115744000,0.43053928,0.14024813,0.3680099
115752000,-0.011940692,-0.061424837,-0.024644557
115756000,-0.29648548,-0.49545276,-0.33853287
115764000,-0.36662742,-0.15329109,-0.39485303
115768000,-0.5837496,0.13872205,-0.18020119
115772000,-0.53348076,0.24273077,-0.17926589
115776000,-0.13356133,0.35618144,0.08926687
115780000,0.49186948,0.46581945,0.12154649
115784000,0.82526565,0.10593316,-0.2901548
115788000,0.64561754,-0.70591474,-0.26502088
115792000,0.38993543,-0.8224378,-0.09574683
115796000,0.3085819,-0.051357657,-0.046070438
115800000,0.07848607,0.37372336,0.10947294
115804000,0.00538102,0.28030908,0.21519327
115808000,-0.033287406,0.40494108,0.4157556
115812000,-0.1114739,0.31109163,0.47263736
115816000,0.30320293,-0.15775764,0.3217711
115820000,0.39047432,-0.17260012,0.28092557
115824000,-0.10780465,0.08835538,-0.048113823
115828000,-0.5648075,0.17047742,-0.35973424
115836000,-0.7875658,0.09952974,-0.2753179
115840000,-0.20201841,0.28774756,-0.28719288
115848000,0.32127538,0.054433584,0.71116054
115852000,0.2707088,-0.21711804,-0.03977245
115856000,0.2496771,-0.6744197,-0.45614183
115860000,0.1450195,-0.382134,-0.4426785
115868000,-0.010030493,0.54067796,-0.28091782
115872000,0.08434838,0.63253695,-0.43123862
115876000,0.086625114,0.8249006,-0.5989063
115880000,0.16041642,0.33446777,-0.40631768
115884000,-0.06604928,-0.46399975,0.06363778
115888000,-0.068812214,-0.59054387,0.35879034
115892000,0.06538829,-0.26021215,0.17865133
115896000,-0.330068,-0.25805384,0.09483946
115900000,-0.4780667,-0.20898022,0.22611412
115904000,-0.20016731,-0.07738535,0.22674851
115912000,0.3870928,0.002927154,0.801837
115916000,0.30170375,0.089324564,0.5960711
115920000,0.2031397,0.19009866,0.027932301
115928000,0.64138275,0.29284257,-0.8235708
115932000,0.85881555,-0.038548857,-0.5106884
115936000,0.5405147,-0.49659368,-0.08886335
115940000,-0.49064544,-0.49931028,0.30313483
115948000,-0.77004427,-0.015498474,-0.17804104
115956000,0.75492483,0.100490615,-0.19765882
115964000,-0.030760527,-0.21265216,0.20220044
115972000,-0.6282612,-0.23074345,-0.041028917
115976000,-0.4187589,0.100090824,-0.082412735
115980000,0.2851829,0.6647393,-0.090333484
115984000,0.9013759,0.7189,0.28604627
115988000,0.72502816,0.23617284,0.28036353
115996000,-0.25497258,-0.28225395,-0.07783228
116004000,-0.35097218,-0.18930349,-0.2828287
116008000,-0.20782462,0.42633677,0.043757826
116016000,-0.48962045,0.31980488,-0.39184773
116020000,0.23891018,0.010553334,-0.044170573
116024000,0.64215213,-0.13421832,0.3535956
116032000,-0.4488198,0.13048613,-0.24300641
116040000,0.7461482,-0.5029745,-0.090311006
116044000,0.70517695,-0.2882771,0.02624064
116048000,0.5741319,-0.06331283,0.11586698
116052000,0.22660966,0.17908306,0.27864385
116056000,-0.29203176,0.26290727,0.37557256
116064000,-0.416196,-0.62734747,-0.24474217
116068000,-0.4154507,-0.18191415,-0.49858245
116072000,-0.09065118,0.005484071,-0.32348043
116076000,0.028414605,-0.20917165,-0.08786346
116080000,-0.1177074,-0.2743227,-0.2735476
116084000,0.049081936,-0.08220123,-0.40605205
116092000,0.46723306,-0.109457105,0.73030096
116096000,0.09714848,0.5206543,0.9347315
116100000,-0.13593766,0.5592768,0.51576865
116104000,0.044981416,-0.1912598,-0.090950295
116108000,0.30323267,-0.41249466,-0.46382374
116112000,-0.12019791,0.13300806,-0.54379725
116116000,-0.59145623,0.37906045,-0.35553855
116120000,-0.21435747,0.101270415,0.12155682
116124000,0.15649194,-0.15784606,0.13752437
116128000,0.31608972,-0.34744945,0.046305478
116136000,0.1828697,0.14508864,0.76477003
116140000,-0.014814377,0.25967583,0.048375443
116144000,-0.20103605,0.2799271,-0.6774315
116148000,-0.10183154,0.064175144,-0.70433986
116156000,0.24501894,-0.51054823,-0.29228896
116160000,-0.020897888,-0.513841,0.3338498
116168000,-0.40296227,0.65754914,0.053346604
116172000,-0.14059041,0.33118448,0.037154786
116180000,0.030460827,0.48016194,0.2209792
116184000,-0.05091308,0.04215306,0.19056907
116188000,-0.39462948,-0.60712546,0.39360684
116192000,-0.43927097,-0.576128,0.29600814
116196000,-0.010132164,0.07874149,0.14495257
116204000,0.40614787,-0.047539473,0.019227892
116208000,0.21217614,-0.46875155,-0.60289514
116212000,0.13811554,-0.33513957,-0.39119986
116216000,-0.010732621,-0.09753035,-0.007248774
116220000,0.037361164,0.19238313,-0.14762542
116224000,0.09981705,0.23718306,-0.22631808
116228000,-0.17564677,-0.18782297,0.071106166
116232000,-0.1501965,-0.20393531,0.41992143
116236000,0.00802432,0.48975524,0.13382706
116240000,0.04914596,0.8268129,-0.4586309
116244000,0.3064315,0.2998405,-0.34967428
116248000,0.4424258,-0.4193098,0.12290685
116252000,0.003929451,-0.58630705,0.026186958
116256000,-0.2980829,-0.07891332,-0.19924144
116260000,-0.049816877,0.46671847,0.020851746
116268000,-0.13793097,0.30776212,-0.08539956
116272000,-0.15893403,0.1485744,-0.25307566
116276000,0.06669837,0.16889311,-0.035174023
116280000,0.07581194,0.12400482,0.4785557
116284000,-0.20392835,-0.22662336,0.55387276
116288000,-0.09533036,-0.50796795,0.33726883
116296000,0.0065841,-0.2535733,0.34812325
116300000,0.29444456,0.08938445,-0.024479255
116304000,0.15918681,0.5702098,-0.31541476
116308000,-0.12878086,0.24159841,-0.526154
116312000,-0.22448878,-0.64173484,-0.7514467
116316000,-0.33065152,-0.83571225,-0.41313273
116320000,-0.37843388,-0.3204131,0.25231528
116324000,-0.18618627,0.13148506,0.57388985
116328000,0.4898739,0.6121052,0.5588761
116332000,0.7530011,1.0825939,0.07120329
116336000,-0.07796219,0.8807331,-0.40415657
116340000,-0.69182754,0.19445612,-0.2400537
116344000,-0.4847942,-0.48573497,-0.034539133
116348000,-0.24269637,-0.57647014,-0.12207948
116352000,-0.08592686,-0.08360785,-0.42523232
116356000,0.071683384,0.24106514,-0.8609895
116360000,0.19724321,0.35003817,-0.67785275
116364000,0.42261732,0.28701133,0.073486894
116368000,0.55958056,-0.056294493,0.5619035
116376000,0.11595308,-0.24866715,0.3566358
116384000,-0.002890691,-0.38441435,0.367382
116388000,0.1213162,-0.014318898,0.059218153
116392000,0.039618053,0.11686381,-0.5626475
116396000,-0.28838104,-0.12682217,-0.71093565
116400000,-0.36495557,-0.083554946,-0.21453938
116408000,0.25951767,0.19555816,0.22534518
116412000,0.31951535,0.20625165,-0.05776588
116416000,0.024787873,0.28927213,-0.3552497
116420000,-0.18621084,0.13695587,-0.36707374
116428000,-0.32965446,0.15759116,0.35676676
116432000,0.19755505,0.17460188,0.58160853
116440000,0.26886854,-0.39529648,0.27881697
116444000,-0.032599166,-0.39228287,-0.14576073
116452000,0.18565643,-0.1784571,-0.74545354
116460000,-0.02548413,0.39430845,0.25795463
116464000,-0.07648109,0.32445097,0.29674375
116468000,0.12918977,0.13914768,0.38261616
116472000,0.14683184,-0.13296336,0.47940314
116476000,0.05096548,-0.119785115,0.31301224
116484000,-0.49905744,0.056182675,-0.30300337
116488000,-0.39254186,-0.17911687,-0.27347222
116496000,0.5651436,-0.13786414,-0.024984935
116504000,0.39502364,0.074870124,-0.19189683
116512000,-0.29695976,0.076189764,-0.058715593
116516000,-0.44083834,-0.121849604,-0.15533908
116520000,-0.09463728,0.048011158,-0.04353194
116524000,0.21784267,0.07822897,0.39664894
116528000,0.006643409,-0.24060649,0.74566764
116532000,-0.42798173,-0.16992205,0.6431013
116536000,-0.16702938,-0.028789794,0.24468838
116540000,0.14820278,-0.006178808,-0.10202627
116544000,-0.121999756,0.53746885,-0.08056052
116548000,-0.20117925,0.6169144,-0.16533722
116552000,0.10117871,-0.37536627,-0.53743964
116556000,0.33963066,-1.0753217,-0.45607862
116560000,0.15016395,-0.8231571,0.05232887
116564000,-0.22598998,-0.30426282,0.30036557
116568000,-0.27452704,0.12251949,-0.16812012
116572000,0.13895196,0.46831495,-0.5410017
116576000,0.48861665,0.49334562,-0.37890583
116580000,0.14075048,0.16691315,-0.26343626
116584000,-0.23231927,0.13502526,-0.045774624
116588000,-0.27727196,0.42723954,0.07993686
116592000,-0.5096212,0.2956905,0.09178577
116596000,-0.5266502,-0.05495684,0.4665425
116600000,-0.20740783,-0.03197866,0.7697508
116604000,0.06326468,-0.09686272,0.19090572
116608000,0.30075124,-0.39860013,-0.5309908
116612000,0.5788024,-0.34734637,-0.38406774
116616000,0.74614245,-0.04050142,-0.07867121
116620000,0.6268246,0.16313899,0.02720872
116628000,-0.66164184,-0.14480342,-0.073460035
116632000,-0.63027936,-0.05638847,-0.19536781
116636000,-0.38519508,0.15745465,0.2668481
116640000,0.000242762,0.21850128,0.37760788
116644000,0.5055224,0.11821343,-0.10837053
116648000,0.4893955,0.2515842,-0.18056983
116652000,0.3693577,0.33041137,-0.21821854
116656000,0.21995853,-0.10904211,-0.65650606
116664000,-0.20430343,-0.18638295,0.090837225
116672000,-0.52052385,-0.13345894,0.31833836
116676000,-0.8222553,-0.22637837,-0.020258997
116680000,-0.51603717,0.46897638,0.20357655
116688000,0.35513422,-0.27550805,0.7104527
116696000,0.88884926,-0.298093,-0.6773513
116700000,0.5072792,0.06688588,-0.6457077
116704000,-0.056505963,0.27985004,-0.11757721
116712000,-0.84037536,0.016752608,-0.23367386
116716000,-0.17042747,-0.20450962,-0.040304907
116720000,0.24345142,-0.6078037,-0.07561557
116724000,-0.000692323,-0.58134174,0.17955881
116728000,-0.21019751,0.103000715,0.824924
116736000,0.43474418,0.7910049,0.29260755
116744000,0.5318881,-0.0693125,-0.46927738
116748000,0.19422632,-0.33216503,-0.43541512
116752000,-0.3549387,-0.25997147,-0.13417503
116756000,-0.4656743,-0.3185364,0.30125815
116760000,0.031268,-0.27562124,-0.016738057
116764000,0.04425107,-0.1851463,-0.6897254
116768000,-0.03284733,-0.08392437,-0.49584937
116772000,0.27125603,0.18451266,-0.03640054
116776000,0.0884321,0.64177495,0.102083206
116780000,-0.18070436,0.6304222,0.28087407
116784000,-0.018113393,-0.05686465,0.31472126
116788000,0.15757312,-0.07223033,-0.1337093
116792000,-0.099644564,0.28901947,-0.44429803
116796000,-0.46329552,0.03438638,0.012555197
116800000,-0.19500418,0.045644976,0.6318664
116804000,0.43290567,0.47761482,0.4799341
116812000,0.25424722,-0.094152465,-0.24059764
116816000,-0.07491954,-0.31028053,-0.0771934
116820000,-0.20466596,-0.08240497,-0.109745145
116824000,-0.30157533,-0.16433811,-0.14058636
116832000,0.047114074,-0.6676671,0.2683878
116836000,0.5178179,-0.5306965,0.3065508
116840000,0.4606284,0.07693094,-0.17714906
116848000,-0.33410877,0.44309402,-0.15814903
116856000,0.12129054,-0.4125132,-0.058956288
116860000,0.2915708,-0.56432545,-0.640634
116864000,-0.15233423,-0.051531672,-0.51279324
116868000,-0.4481618,0.6598517,0.22345568
116872000,0.22085413,0.49145162,0.56573766
116876000,0.7940705,-0.20530276,0.6456115
116880000,0.34769863,-0.4792558,0.76622164
116884000,-0.5561539,-0.29011744,0.83638775
116892000,-0.13008063,0.7005907,-0.13387561
116896000,0.08561048,0.30551144,-0.4917151
116900000,-0.2668589,-0.121176325,-0.27114332
116904000,-0.3858671,-0.089397684,-0.20531638
116912000,0.29584977,-0.23275156,-0.51974463
116916000,0.5788496,-0.34992802,-0.52405244
116920000,0.4149575,-0.39844567,-0.5802557
116924000,-0.06541699,-0.075215675,-0.03736998
116928000,-0.5389258,0.6133942,0.7242728
116932000,-0.589258,0.78676474,0.907809
116936000,-0.085971855,0.4924607,0.44086027
116940000,0.2159513,0.34860712,-0.2120629
116944000,0.106156684,0.17746195,-0.37078175
116948000,0.25044248,-0.246299,0.024597824
116952000,0.5121962,-0.5055466,0.19639836
116956000,0.49739057,-0.2997081,0.027660903
116960000,0.22238258,-0.023049146,0.105757564
116968000,-0.34887818,0.2059692,0.13907894
116972000,-0.22447664,0.20389149,-0.007200988
116976000,-0.062461235,-0.46105868,-0.09130349
116984000,0.1560129,-0.014729023,-0.72789925
116988000,0.42467034,0.28047168,-0.8054923
116996000,-0.40630358,-0.307822,0.113537334
117000000,-0.7319996,-0.554273,0.40239814
117004000,-0.044356808,-0.16268626,0.37023222
117008000,0.70916295,0.31026432,0.4769321
117016000,0.116782546,0.06956703,0.32273698
117020000,-0.24495053,-0.0992162,-0.058824442
117024000,-0.66089547,0.14684679,-0.19874234
117028000,-0.6060411,0.29662973,-0.2265672
117032000,-0.23429057,-0.14543387,-0.36980954
117036000,0.05162424,-0.4974644,-0.18917847
117040000,0.07863149,-0.03281544,0.26848698
117044000,0.05639373,0.54760236,0.3566817
117048000,0.10810876,0.71418977,0.10081911
117052000,-0.002677206,0.7257812,-0.072327346
117056000,0.038905375,0.38002035,-0.07908192
117060000,0.35712692,-0.06073553,-0.31149554
117068000,0.3025512,-0.35055903,-0.21947883
117072000,0.15585956,-0.7775209,0.003710852
117076000,0.31588992,-0.48244524,-0.026199799
117084000,-0.28500408,-0.11043515,0.12426296
117088000,-0.52386844,0.11417501,-0.09726919
117092000,-0.19506139,0.44279164,-0.13637662
117096000,-0.059760425,0.01546897,0.21392438
117100000,-0.06338425,-0.81964713,0.0808551
117108000,0.31923598,0.35648996,-0.1597693
117112000,-0.23483922,0.21334757,0.08299121
117116000,-0.6145494,-0.13893211,0.08347522
117124000,-0.32577235,0.64049566,0.6061156
117132000,0.27662414,-0.021186732,0.5318768
117136000,0.91520965,-0.24847724,0.10585745
117140000,0.86008346,-0.48868883,-0.54187703
117144000,0.3297476,-0.61292005,-0.78222895
117148000,-0.025305107,-0.48752522,-0.16938865
117156000,-0.6484241,0.33836293,-0.00808306
117160000,-0.05426468,0.78070784,-0.3673508
117164000,0.25645068,0.43542582,0.1717854
117168000,-0.05823371,-0.23965272,0.36594018
117172000,-0.4566433,-0.3166118,-0.12278554
117176000,-0.45589724,-0.08696976,-0.057350233
117180000,-0.07231664,0.1544973,0.28638977
117184000,0.09554043,0.43494624,0.36219037
117188000,-0.2251134,0.58822703,0.24431819
117192000,-0.7108348,0.15494631,-0.016270336
117196000,-0.6317556,-0.5282241,-0.226924
117200000,0.29213318,-0.44211963,-0.28415138
117204000,0.9400764,0.17473951,-0.2699891
117212000,1.0858812,0.3433034,-0.19521773
117216000,0.5178418,-0.08526063,-0.49988607
117224000,-0.46150088,-0.3678143,0.1553998
117228000,-0.51673853,0.03083694,0.33843598
117236000,-0.33921936,-0.08379749,0.5647942
117240000,-0.7048486,-0.13766888,0.50326025
117244000,-0.8574322,0.025501642,-0.33853722
117248000,-0.63139623,0.3420226,-0.818974
117252000,-0.059629723,0.40150857,-0.7043833
117256000,0.687888,0.15738831,-0.2718441
117260000,0.9951351,-0.356329,0.33266044
117264000,0.81782275,-0.757615,0.42289066
117268000,0.5369024,-0.502105,0.3343737
117276000,-0.08954905,0.42805558,-0.017776847
117280000,0.10516298,0.067214,-0.6075274
117284000,0.051434018,-0.25316975,-0.45908612
117288000,-0.45439866,-0.14338759,0.06554368
117292000,-0.7191015,0.13609704,0.3710112
117296000,-0.28785732,0.14001982,0.123986274
117300000,0.24237365,0.0881895,-0.22118227
117304000,0.31499368,0.11502773,-0.37269017
117308000,-0.11731009,-0.15122649,-0.12044797
117312000,-0.6455062,-0.27238336,0.45695877
117316000,-0.37822157,0.015989348,0.44901794
117320000,0.14270744,0.25246727,-0.04766223
117324000,0.05384533,0.06629197,-0.3232257
117328000,-0.113765575,-0.24291782,-0.13742797
117332000,0.21122928,-0.28111356,0.2082902
117336000,0.7501363,-0.07268763,0.26114675
117340000,0.6476033,0.37309313,0.25590312
117344000,0.009311214,0.6910999,0.4395001
117348000,-0.30366632,0.4119179,0.36944926
117352000,-0.25153443,-0.11750569,-0.17696609
117360000,-0.16232155,-0.17337197,-0.66494215
117364000,0.14036864,0.15753728,-0.10028161
117368000,0.55599886,-0.05771272,0.43409568
117372000,0.46518674,-0.35963267,0.22397076
117376000,-0.08411295,-0.55275,-0.33560747
117380000,-0.38131726,-0.53915966,-0.26189893
117384000,-0.021919385,-0.03304422,0.16028813
117388000,0.27788046,0.3496767,-0.010914296
117396000,0.19008452,0.24605924,0.44762897
117400000,0.006853737,-0.30235744,0.43032527
117408000,0.007133961,-0.56744146,-0.07516116
117412000,-0.534602,-0.25682318,0.21961686
117416000,-0.56201375,0.3964024,0.30465034
117420000,-0.07228382,0.38347664,0.09385536
117424000,0.15205042,-0.015180551,-0.26546648
117432000,-0.5967468,0.5009915,0.12671986
117436000,-0.5198171,0.54479235,0.033071727
117440000,0.10914256,0.3181845,-0.54205155
117448000,0.5951603,-0.62639886,-0.10508284
117452000,0.103907794,-0.9681399,0.22438966
117456000,0.0733052,-0.35227334,0.20382199
117464000,0.3655915,0.31844723,0.50551295
117468000,-0.07632266,0.24732098,0.188817
117472000,-0.31525892,0.34894866,-0.1895813
117476000,-0.016560607,0.6182015,-0.122341976
117480000,0.328331,0.60423493,-0.048880145
117484000,0.002944917,-0.05499786,-0.16384552
117492000,-0.5921689,-0.3882385,-0.37399113
117496000,-0.11802282,-0.16762812,0.24786165
117500000,0.30331117,-0.30876115,0.5181404
117504000,0.5356452,-0.2954396,-0.01763846
117508000,0.34582728,-0.04489237,-0.52676713
117512000,-0.1371649,0.019508317,-0.43838638
117520000,-0.24199286,0.30493355,-0.117434815
117524000,-0.029492874,0.23295978,0.49188033
117528000,-0.11872959,0.45414567,1.0066445
117532000,-0.17256618,0.316198,0.34965765
117536000,-0.05774013,-0.27246353,-0.48500872
117540000,0.21961609,-0.5132912,-0.5831482
117544000,0.20351578,-0.3096023,-0.26865286
117552000,-0.20658733,-0.2636803,0.49223986
117556000,-0.16292515,0.032534607,0.1368426
117560000,0.022901438,0.23468816,0.055792227
117564000,0.24752921,-0.0556937,0.14672141
117572000,-0.4355653,0.11539234,-0.28512636
117576000,0.28308183,0.49235585,-0.36470234
117580000,0.9065363,0.64089406,-0.004847869
117588000,0.53930986,-0.73275006,0.4024083
117592000,-0.07753426,-0.50869435,0.26280802
117596000,-0.71541,0.008109704,-0.3446703
117600000,-0.6697995,0.29863825,-0.5624528
117604000,-0.28093973,0.2606287,-0.3366539
117612000,0.27783686,0.39394313,-0.085901305
117616000,-0.018291011,0.35661513,0.10001135
117620000,-0.100530475,0.019134395,0.21111435
117624000,0.047664803,-0.27812698,0.36268464
117628000,0.015504755,-0.13866904,0.2424239
117632000,0.024367709,0.08006723,0.18809536
117636000,0.057352804,-0.13663042,0.32317516
117640000,0.12323734,-0.29479682,0.090020835
117648000,0.10281155,-0.15275131,-0.20284739
117652000,-0.05265305,-0.5647727,-0.5413954
117656000,-0.19762728,-0.24117853,-0.6169434
117660000,-0.5561225,0.324495,-0.35303968
117664000,-0.51188505,0.21701188,-0.16834104
117668000,-0.35598248,0.02199708,-0.057781335
117676000,0.612521,-0.04549756,0.48217827
117680000,0.79887295,-0.087758355,0.5744757
117688000,0.016203895,-0.28992683,0.27709767
117696000,-0.43780068,0.6862594,0.09891322
117700000,-0.16953143,0.019360244,0.26937777
117704000,-0.19033805,-0.11983151,-0.29406047
117708000,0.057968333,0.22622739,-0.7152772
117712000,-0.019723415,-0.012389228,-0.197694
117716000,-0.12750085,-0.3866601,0.33050117
117720000,0.39768204,-0.07148361,0.13772412
117724000,0.5701427,0.3939611,-0.2974521
117728000,0.25775108,0.23657298,-0.36287552
117732000,0.124050885,-0.12936236,0.12095107
117736000,-0.23779544,-0.28487983,0.48251754
117744000,-0.39168942,0.13302067,-0.020955956
117748000,-0.062225163,0.486997,0.15299381
117756000,-0.012867548,-0.20862128,0.09467075
117760000,-0.23693486,-0.387032,0.06999726
117764000,-0.24777064,-0.21199542,0.21764281
117768000,-0.085531205,0.092032835,-0.0682625
117772000,0.22038089,0.11811936,-0.46850067
117780000,0.78380674,-0.07136467,0.020698518
117784000,0.102709144,0.006425425,-0.33593178
117788000,-0.7548205,0.12454503,-0.3246216
117792000,-0.6884872,0.21435405,-0.12353608
117796000,0.20993981,0.11548957,-0.05181969
117800000,0.61939394,-0.006640378,0.2995508
117808000,-0.2046793,-0.14052925,0.20136708
117812000,-0.6528981,-0.516676,-0.10186811
117816000,-0.373259,-0.41762385,-0.23614483
117820000,0.1261816,0.30850527,-0.27331328
117824000,0.41032466,0.36705607,-0.31959066
117828000,0.9001935,-0.33294374,-0.081754744
117836000,-0.35216495,0.37190038,0.24098751
117840000,-0.7672287,0.27201635,0.10462199
117844000,-0.48704785,0.067724615,-0.035362266
117848000,-0.23520088,0.36987346,0.06397848
117852000,-0.039490692,0.36076596,-0.048045352
117860000,-0.2106622,0.10713914,-0.056488764
117864000,-0.051607274,0.035140395,-0.20287737
117868000,-0.03769345,-0.08555708,-0.15531784
117872000,-0.24225664,0.002751472,0.14275794
117880000,0.5198279,0.2752174,0.7215854
117884000,0.545171,0.115075156,0.28219137
117888000,0.22622463,-0.16764739,-0.10425538
117892000,0.15405174,-0.44299412,-0.29262903
117896000,0.17885509,-0.6308807,-0.43438154
117900000,-0.034511656,-0.055936694,-0.35177928
117904000,-0.20179462,0.71889067,0.003717274
117908000,-0.36136177,0.6572253,0.027320929
117912000,-0.52158266,-0.03454441,-0.3218943
117916000,-0.51182795,-0.6657431,-0.06348924
117920000,-0.21743847,-0.67540205,0.3840007
117928000,0.44582522,0.12312667,0.1644248
117932000,0.15769698,0.59710646,-0.16200705
117936000,0.14766403,0.69520104,-0.22032528
117944000,0.44222486,0.32532144,-0.8247694
117952000,-0.67336124,-0.0338729,0.15191454
117960000,0.36865354,-0.10876492,0.6027269
117964000,0.017776325,0.117169745,0.3015514
117968000,-0.3927439,-0.31623954,0.1328636
117972000,-0.25857815,-0.41815537,0.041733805
117976000,0.09636141,0.03558515,-0.3733427
117980000,0.22213063,0.2555462,-0.51458234
117984000,0.2663775,0.3375698,-0.4048049
117992000,0.22916345,-0.037320606,0.49450517
117996000,0.15938862,-0.41145763,0.66508895
118000000,-0.30997923,-0.52729213,0.21504019
118004000,-0.6970455,-0.35862684,-0.029812604
118008000,-0.16631745,-0.43164736,-0.1786374
118012000,0.49468344,-0.6046185,-0.3172876
118016000,0.75516105,-0.15919572,-0.017294094
118020000,0.54494995,0.37483788,0.23746535
118024000,-0.17934489,0.2688071,0.31155103
118028000,-0.44262233,-0.04845112,0.4113367
118036000,-0.4582431,-0.0626352,-0.1513986
118040000,-0.5020192,0.19318087,-0.14027308
118044000,-0.09822947,0.34705245,0.13338055
118048000,0.21866073,0.38447985,0.25732976
118056000,-0.120518714,-0.22541133,-0.4238532
118060000,-0.05280094,0.04407379,-0.08285426
118064000,0.44532073,0.23500006,-0.038475733
118068000,0.31113824,-0.039505817,-0.40915602
118076000,-0.23755479,-0.04519908,0.18279904
118080000,-0.025596045,-0.0702485,0.5890762
118084000,-0.28587458,-0.048453964,0.4099477
118088000,-0.27149567,0.13440526,0.02381961
118092000,-0.033678785,0.12308598,-0.322103
118096000,0.088171676,-0.17961961,-0.5300831
118100000,0.13650456,-0.7274968,-0.123592615
118108000,0.02777411,-0.45651066,0.2244116
118112000,-0.10826938,0.14927296,-0.4876505
118120000,-0.2132017,0.5280831,0.22336496
118124000,0.094909415,0.9780326,0.89024293
118128000,0.47301567,0.9175915,0.60394776
118132000,0.7281535,0.40330514,-0.16320111
118136000,0.6732469,0.036029413,-0.45499036
118140000,0.52733505,-0.071240984,-0.20034803
118144000,0.3169585,-0.15517187,-0.062101573
118148000,-0.19576603,-0.23398298,-0.039566405
118152000,-0.6624552,-0.5100638,-0.018796671
118156000,-0.4704787,-0.34156543,-0.044429086
118160000,-0.3332981,0.14984149,-0.10730071
118164000,-0.3564136,0.064889014,0.08088514
118168000,0.004325777,-0.017080799,0.39366603
118172000,0.38506234,-0.051001832,-0.059494972
118176000,0.7162024,-0.25735834,-0.32033643
118180000,0.81727684,-0.26675445,-0.05564338
118184000,0.457935,-0.28683758,-0.24893148
118188000,0.12768981,-0.37466064,-0.1599099
118192000,-0.05318538,-0.046354704,0.34858325
118200000,-0.6203947,0.39774752,0.46944806
118204000,-0.72500205,-0.41228685,0.17151323
118212000,0.13273053,-0.014194999,-0.44185463
118216000,0.13126756,-0.13007882,0.024746567
118220000,0.15950166,-0.27386642,-0.2356236
118224000,0.18592052,-0.14641465,-0.5741849
118228000,-0.24918593,0.15194051,-0.13399304
118236000,-0.256944,0.46446788,0.37064165
118244000,0.061024662,0.29122898,0.109738186
118248000,0.07754549,0.029296875,0.13616946
118252000,0.10008583,-0.28259027,-0.009228252
118256000,0.22179918,-0.629024,-0.28382203
118260000,0.4554351,-0.5699554,-0.33552778
118264000,0.4869652,-0.23507714,-0.08254431
118268000,0.0551946,-0.031763062,-0.038922235
118276000,-0.45989928,0.74572486,0.100857064
118280000,-0.21199778,0.52712643,0.46526897
118284000,0.2634879,-0.24696334,0.21790037
118288000,0.17686911,-0.49196613,-0.19061394
118292000,-0.008177567,0.109889954,-0.27669448
118296000,0.13903737,0.53339833,-0.22500211
118300000,0.22285348,0.3158276,0.07515836
118304000,-0.031627495,-0.014160061,0.44970527
118312000,-0.6226379,-0.10890675,0.023682468
118316000,-0.3300387,-0.17801449,0.45809704
118320000,-0.21366036,-0.09484328,0.32232702
118324000,-0.065927155,0.116811894,-0.42260966
118328000,0.2620792,0.08289012,-0.68534744
118332000,0.56406736,-0.07173517,-0.4503718
118336000,0.33334458,-0.34840527,0.21834509
118340000,-0.43981838,-0.55887204,0.734481
118344000,-0.5309405,-0.056515753,0.5501593
118348000,-0.023949668,0.7647445,0.23178655
118356000,0.042872917,0.13428023,-0.16596307
118360000,0.36242193,-0.25362486,-0.2913956
118368000,0.75095356,0.01794222,-0.58592343
118372000,0.5699339,-0.515539,-0.000213444
118376000,0.028722242,-0.4963351,0.40121943
118384000,-0.4716975,0.5849328,-0.08339664
118388000,-0.67666805,0.11352837,0.02328665
118392000,-0.51536465,-0.40220463,0.32956302
118396000,-0.38140061,-0.4860667,0.12003903
118400000,-0.21683165,-0.09544352,-0.2508491
118404000,-0.044198766,0.5209211,-0.17433177
118408000,0.21847473,0.6894765,-0.08285732
118412000,0.3373955,0.3516304,-0.05113176
118416000,0.20820218,-0.3087462,-0.07291436
118420000,0.16908385,-0.92685574,-0.26563767
118424000,0.19945672,-0.9059583,-0.428669
118428000,-0.12038271,-0.37115854,-0.21381891
118432000,-0.36558652,-0.1288828,0.53891283
118440000,-0.3144964,-0.17753138,0.64015126
118444000,0.13990946,0.3068039,0.111098714
118448000,0.19375113,0.62626535,-0.5066808
118452000,-0.07761387,0.622501,-1.1288053
118456000,0.31542724,-0.0652768,-0.7427668
118460000,0.9756571,-0.37894222,0.16330078
118468000,-0.25394642,0.6577869,0.34508502
118476000,0.466438,0.52098227,-0.16260679
118484000,-0.5252322,-0.0992255,0.20778373
118488000,-0.951423,-0.25796267,0.1886936
118492000,-0.71562433,-0.37464193,-0.24729063
118500000,0.0923174,0.009882674,0.05087182
118504000,0.13929324,-0.4281419,0.20858079
118508000,0.13744822,-0.61425453,0.024613779
118512000,0.038086995,-0.34945732,-0.39844024
118516000,-0.032260828,0.098383255,-0.49241024
118520000,-0.094362184,0.39518744,-0.16290376
118524000,-0.14597638,0.29759717,0.10962812
118532000,0.35022652,-0.04594287,0.5531592
118536000,0.5209199,0.002285425,0.49801892
118540000,0.30038434,0.017308947,0.30760524
118548000,-0.22143558,0.23445836,-0.81984174
118552000,0.43166032,0.16657656,-0.63132805
118556000,0.45523393,0.09343406,-0.09896459
118564000,-0.29945827,-0.11081089,0.47726545
118568000,-0.14851132,-0.05908238,-0.17937887
118572000,-0.30765554,0.045550447,-0.3223616
118576000,-0.3257146,0.039114505,0.118115455
118584000,0.35118362,-0.09943059,0.78442764
118588000,0.36165097,0.23577344,0.27999285
118592000,0.13722768,0.33068916,-0.048910495
118596000,-0.19579667,0.21249099,-0.19908826
118600000,-0.23555732,-0.011325341,-0.50243646
118604000,0.04970575,-0.2684167,-0.6261693
118608000,0.32766244,-0.28371787,-0.2518943
118612000,0.32219467,-0.08358994,0.36499378
118620000,-0.084987104,0.08184012,0.2102632
118624000,-0.18485633,0.016538283,-0.03695584
118628000,-0.07951386,-0.30885294,-0.2347962
118632000,0.06872191,-0.2754566,-0.22039437
118636000,0.3278183,0.069422804,0.11953296
118644000,0.02516158,0.14825797,-0.15869403
118648000,-0.5753667,-0.37207443,-0.075911656
118652000,-0.58451396,-0.37209848,0.14985071
118660000,0.0058465,0.45560417,-0.33486837
118664000,0.08105048,-0.28015846,-0.5856084
118668000,-0.03990132,-0.7433623,-0.31100243
118672000,-0.19947894,-0.19557682,0.06502032
118676000,-0.085074626,0.3195894,0.19921163
118680000,-0.001582347,0.24997298,0.19740227
118684000,-0.072609365,-0.17016365,0.26230735
118692000,-0.01812075,0.0836472,-0.002924107
118696000,0.60244286,0.20644715,0.16176654
118700000,0.8348914,0.21971592,0.47485426
118704000,0.22552064,0.10037181,0.2849616
118708000,-0.12339915,-0.22879612,-0.042370796
118712000,-0.23389718,-0.40685317,0.038544822
118716000,-0.45756555,-0.18613607,0.21333657
118720000,-0.031036645,0.069324955,-0.005950168
118724000,0.16469052,0.04493542,-0.42059293
118728000,-0.3509563,-0.08084961,-0.68929875
118732000,-0.6639609,0.06872633,-0.5660789
118736000,-0.5289832,0.2618331,-0.22920989
118740000,-0.2572832,0.30619273,-0.025021859
118744000,0.0474089,0.67355436,0.007230412
118748000,0.38926417,0.6605984,0.05023748
118752000,0.4583096,-0.011262,0.4716999
118760000,0.17912814,-0.2416285,0.40716267
118764000,-0.002434015,-0.41021135,-0.5154948
118772000,0.53977954,-0.98745906,-0.6022301
118776000,0.46692187,-0.08541277,-0.2904437
118784000,-0.45279473,0.12854478,0.5691082
118788000,-0.27129632,-0.22409807,0.433288
118792000,-0.040871385,-0.02752041,0.50590366
118796000,0.020359058,0.2702001,0.33321428
118804000,0.4088263,-0.24170943,-0.38113812
118808000,0.4434026,0.0990092,-0.10239775
118816000,0.07209459,0.039208204,-0.16460031
118820000,0.124588355,-0.1706857,-0.3580879
118828000,-0.30900747,-0.13673714,0.09293176
118836000,-0.48901582,0.1866681,0.2135838
118840000,-0.034562282,0.47947124,0.48541853
118844000,-0.02003387,0.32362485,0.46373123
118848000,-0.24233085,0.24595797,0.17041756
118852000,-0.14071213,0.23874208,-0.17250742
118856000,0.22105479,-0.060808383,-0.3449988
118860000,0.39248234,-0.21878348,-0.35925746
118868000,-0.46526936,-0.02720502,0.013615463
118872000,-0.5412083,-0.12928513,-0.41201422
118876000,0.11408153,-0.16475502,-0.379914
118884000,-0.121508196,0.22107556,-0.03543812
118888000,-0.16314913,0.51870507,-0.013233189
118892000,-0.06992191,0.31432933,0.1565621
118896000,0.05635043,-0.37023073,0.21598692
118904000,0.78642803,-0.22725327,0.007276874
118908000,0.23880154,-0.163458,-0.074349344
118912000,-0.38352135,-0.21772318,-0.11747895
118920000,0.16909966,-0.2308161,0.05081098
118924000,0.5367939,-0.09142283,0.25636244
118928000,0.41774464,0.16535114,0.37371504
118932000,-0.15055361,0.33085442,0.5633539
118936000,-0.41027448,0.42797315,0.39962503
118944000,-0.096032694,-0.004327074,-0.4416654
118948000,0.2700581,-0.38292325,0.011302441
118952000,0.06293219,-0.22823173,0.03632655
118956000,-0.16979834,0.20877606,-0.27222463
118964000,-0.21444002,0.23285191,0.5626289
118968000,-0.34075898,-0.021208756,0.11882487
118972000,-0.31555742,-0.035435252,-0.17851555
118980000,-0.056455523,0.16170017,0.5149471
118984000,0.7281159,-0.022736821,0.079976395
118988000,0.93826014,-0.34674945,-0.7200924
118992000,0.3417094,-0.2622887,-1.0834205
119000000,-0.56383836,-0.2715087,0.21913967
119004000,-0.25716367,-0.3157525,0.013971984
119008000,0.230591,0.0845287,-0.28479517
119012000,0.31716493,0.32144418,-0.05418022
119016000,-0.08912507,0.6319346,0.3511873
119020000,-0.15279661,0.74732333,0.6096835
119028000,-0.17069902,-0.24068783,0.30425322
119032000,-0.77663964,-0.17256662,-0.25100398
119036000,-1.0157756,0.052234232,-0.50094706
119044000,0.30044603,-0.76968956,0.19754025
119048000,0.8323014,-0.2413977,-0.1831715
119056000,0.3456375,-0.35203493,-0.22940297
119064000,-0.06636051,0.3107065,0.3920967
119068000,-0.13634709,0.45980287,0.29972374
119072000,0.041548856,0.21332276,0.0386762
119076000,-0.031084515,-0.12909633,-0.46150926
119080000,0.007176951,-0.13337943,-0.5890385
119084000,0.15068308,0.049200594,0.22922167
119092000,-0.3621493,0.55104405,0.29062372
119096000,-0.36971456,0.2961303,-0.000968587
119100000,-0.1151496,0.1897792,-0.17561275
119104000,0.028366704,-0.013671488,-0.3838573
119108000,0.013679719,-0.3517542,-0.1435906
119116000,0.23183918,0.07091454,0.28661865
119120000,-0.09566474,-0.054146614,0.070058584
119124000,-0.43407166,-0.22621186,-0.24043642
119128000,-0.2950523,-0.29798758,-0.40561923
119132000,0.31289423,-0.4593748,-0.31758723
119140000,0.25583407,-0.5422336,0.2131317
119144000,0.005067501,0.28055823,0.17408355
119148000,-0.023287516,0.7259706,-0.33296335
119152000,-0.22566776,0.6009938,-0.4484082
119156000,-0.47654757,0.06432681,-0.23975384
119160000,-0.5316785,-0.21708228,-0.269525
119164000,-0.3193596,-0.032491356,0.06883708
119168000,0.17209361,0.011129245,0.57129097
119172000,0.39308524,0.1864059,0.45546883
119176000,0.051147245,0.012227565,0.18719038
119180000,-0.32798538,-0.8181373,0.044144
119184000,-0.228825,-0.69272685,-0.045792308
119192000,0.7473236,0.6011575,0.0953743
119196000,0.5986191,0.38566166,-0.12740877
119200000,0.5278447,0.046983004,-0.010213502
119208000,-0.29002097,0.33254573,-0.30125594
119212000,-0.4039456,0.4093724,-0.42047107
119216000,-0.34286818,0.015218973,0.019986466
119220000,-0.16876808,-0.1481882,0.28131282
119224000,-0.15367578,-0.028530821,0.113000706
119228000,-0.23923257,0.013342284,-0.019483238
119232000,-0.005979672,-0.08511466,-0.08788563
119236000,0.32195133,-0.06702148,-0.12395849
119240000,0.115758754,0.16098192,-0.15030842
119244000,-0.2670393,0.48861015,0.11897177
119248000,-0.14783569,0.4559622,0.5756635
119252000,0.33806717,0.07010231,0.4832939
119256000,0.559404,-0.5217009,0.078560434
119264000,0.119602874,-0.8250165,0.07097322
119272000,-0.41775912,0.49024743,-0.02827774
119276000,-0.5319449,0.99841064,-0.02413946
119280000,-0.517343,0.7935708,-0.09779738
119288000,0.01656124,-0.53396857,-0.39244586
119292000,0.11562151,-0.5366936,-0.2703134
119300000,0.39816102,0.21488297,0.043334484
119304000,0.12803501,0.1724217,0.19326398
119308000,-0.1305607,0.0599621,0.25385362
119312000,0.26537898,0.2218155,0.36124468
119316000,0.42167085,0.26542592,0.5582552
119324000,-0.62951005,-0.250824,-0.08226746
119328000,-0.4281389,-0.6218847,-0.32119036
119332000,-0.1731877,-0.12079127,-0.25147247
119340000,0.36260772,0.36039066,-0.3398903
119348000,0.4658855,0.061234485,0.33873156
119352000,-0.058161177,0.09124471,0.39301425
119360000,-0.31190467,-0.32055038,0.002366781
119364000,-0.1117451,-0.5635909,0.12671404
119368000,0.14760378,-0.4087829,0.15062895
119372000,-0.019425303,-0.15025808,-0.3735974
119376000,-0.4272795,0.08531193,-0.69184977
119380000,-0.32488734,0.26039284,0.05790931
119384000,0.34297228,-0.046205282,0.5423927
119392000,0.28121495,-0.065489516,-0.68873364
119396000,-0.26268566,0.053673588,-0.49561954
119400000,-0.27761164,-0.1403346,0.14100957
119404000,-0.09219541,-0.06667518,0.5148813
119408000,-0.29665878,0.19319957,0.65850395
119416000,-0.20796779,0.6964822,-0.09535809
119420000,0.2538366,0.63356096,0.053113654
119428000,-0.37896258,-1.0935582,0.11280636
119432000,-0.19266129,-0.5016775,0.2748433
119440000,0.63196665,0.07286266,-0.11390412
119444000,0.052787438,0.26501518,-0.56232876
119448000,-0.5289816,0.40583223,-0.7062765
119452000,-0.3399824,0.078651786,-0.41075093
119460000,-0.15098336,0.2200339,0.160619
119464000,-0.06753323,0.34953532,0.31929177
119468000,0.2585022,0.46131444,0.16845724
119476000,0.3283776,0.03330365,0.044604085
119480000,0.204162,-0.3993119,-0.3553292
119484000,0.2365368,-0.3042105,-0.73570764
119488000,0.22278346,-0.127998,-0.7957306
119496000,-0.07709488,-0.35513556,1.1255654
119500000,-0.15297647,-0.07095365,1.0711552
119504000,0.15496893,0.17556794,0.16629705
119512000,-0.33493897,-0.42716917,0.04567751
119516000,-0.47543967,0.1537475,-0.39077607
119520000,-0.3201645,0.6571965,-0.45677072
119528000,-0.6089919,0.19688606,0.05127594
119536000,0.16276807,-0.64483845,0.021954268
119540000,0.062357955,-0.08546665,0.30715045
119544000,0.038137045,0.39360952,0.2889766
119548000,0.5314167,0.31248483,-0.09968893
119552000,0.48101923,-0.018521123,-0.29172787
119560000,0.12915127,0.30427432,-0.17653301
119564000,0.22475287,0.65084964,-0.110000364
119572000,-0.08213249,-0.46228367,0.5791149
119576000,0.05974698,-0.90445143,0.14015532
119580000,0.2289414,-0.88654554,-0.5956258
119584000,0.33591944,-0.4624926,-0.5485038
119592000,0.12603922,0.7404227,0.64808893
119596000,0.017994128,0.23772117,0.8029897
119600000,0.06241843,-0.592142,0.28384623
119604000,-0.52257895,-1.034794,-0.02199881
119608000,-0.76551414,-0.60321784,-0.13751212
119612000,-0.080523774,0.13785057,-0.3300628
119616000,0.24304071,0.47026297,-0.2809111
119620000,0.2426266,0.5220519,-0.24375027
119624000,0.21745218,0.16442218,-0.5010874
119632000,-0.7051188,-0.17899284,-0.19083098
119636000,-0.49931228,-0.08205641,0.11957604
119640000,0.08768101,0.17900546,0.66229373
119644000,0.18854621,0.30599612,0.8053465
119648000,0.021081112,0.40638465,0.41080174
119652000,0.29019365,0.45710784,-0.315989
119660000,-0.21548155,0.30875146,-0.14155385
119664000,-0.40589496,0.21973446,0.14515398
119672000,0.003570825,-0.81377363,0.17403007
119676000,0.5919416,-0.5961189,-0.39780456
119680000,0.4449455,-0.29675624,-0.46255454
119684000,-0.017110065,-0.21209648,-0.32141086
119688000,-0.003275923,0.059493557,-0.12275113
119692000,0.070331596,0.364156,0.3618742
119696000,-0.03815529,0.4462804,0.7212492
119704000,-0.38109785,-0.32044926,0.3896298
119708000,-0.32437778,-0.6276907,-0.047519058
119712000,0.21382587,-0.46420747,-0.6822654
119716000,0.43279907,-0.13233243,-0.6695673
119720000,0.20122786,0.11409642,-0.25720903
119724000,0.11528899,0.02957007,-0.04192512
119728000,-0.08636655,-0.15119031,-0.1935112
119732000,-0.28965464,-0.030069813,-0.10374376
119736000,-0.09058723,0.17726491,0.65758955
119740000,0.32651502,0.2600554,0.8469428
119744000,0.21913859,0.13113344,-0.08692682
119748000,-0.22170341,0.027496759,-0.5040019
119752000,-0.18914895,0.17708565,0.037745386
119760000,0.19016978,0.2926503,-0.15683907
119764000,0.03207027,-0.33803773,-0.05868364
119772000,0.058329344,0.03618066,-0.1337832
119776000,0.42853963,0.054800868,0.04950706
119780000,0.287154,-0.16302317,0.20191461
119784000,0.057353668,0.05582972,0.05674273
119788000,0.039900195,-0.021426901,-0.031882543
119796000,-0.12437174,0.15671797,0.20474242
119800000,-0.389503,0.7031371,-0.43975395
119808000,-0.23854282,0.08047285,-0.13119763
119812000,0.09408369,-0.030026417,0.27607134
119816000,0.124402314,-0.1909556,0.078200094
119824000,0.66528225,-0.072538264,0.16766837
119828000,0.6334801,-0.060382128,0.05513311
119832000,-0.045541584,0.13791883,-0.24576876
119836000,-0.2774572,0.21813263,-0.030544356
119840000,0.06813605,0.05230193,0.24701086
119848000,-0.052003413,0.42949927,0.5198599
119852000,-0.17960227,-0.09904952,0.2723679
119856000,0.088928,-0.4051904,-0.12449312
119860000,0.1664693,-0.5317669,-0.7116832
119868000,-0.88177484,-0.5629872,-0.050548017
119872000,-0.61214685,0.21612154,0.369933
119876000,0.14670463,0.8329389,0.45710674
119880000,0.12047361,0.86034036,0.5046715
119884000,-0.25351366,0.4306398,0.042268947
119892000,0.28628567,-0.43220198,-0.58165926
119896000,0.5739701,-0.2518242,-0.25154716
119900000,0.3647858,-0.06678872,0.3221314
119904000,-0.13830547,0.2247635,0.491486
119908000,-0.39252973,0.2723526,0.3517341
119912000,-0.45647913,-0.16449045,0.046622224
119916000,-0.41222787,-0.33526355,-0.08428837
119920000,-0.16773656,-0.27264762,0.10498567
119924000,0.23834774,-0.35441625,0.06473781
119928000,0.56707406,-0.29561052,-0.060438104
119932000,0.25281,0.02453497,0.049196992
119936000,-0.43809482,0.33501935,-0.20928407
119944000,-0.024554506,0.6975473,-0.77079105
119948000,0.26277325,0.27334583,0.29818735
119956000,0.2632757,-0.3568682,0.829319
119960000,0.005944304,-0.36837775,-0.03418207
119964000,-0.17825374,-0.36560655,-0.6736737
119968000,0.03667353,-0.15430264,-0.23693001
119972000,0.06694153,0.16222155,0.29886028
119976000,-0.11503998,0.3795488,-0.003531098
119980000,-0.14093634,0.1453512,-0.51881975
119984000,-0.041040108,-0.23382089,-0.40359312
119992000,0.38663256,0.48647878,0.45681453
120000000,-0.7933836,-0.039700255,0.02207239
120004000,-0.76622003,-0.31292748,-0.096343085
120008000,-0.3826183,-0.646183,0.085568406
120012000,0.06836806,-0.19904578,0.055506602
120016000,0.34420395,0.5937698,-0.15349992
120024000,0.6975848,0.13428241,0.054698236
120028000,0.58912575,-0.042740278,-0.16909559
120032000,-0.088216126,-0.06550439,-0.015687078
120036000,-0.3180672,0.1139349,0.2540152
120040000,0.12630685,0.18595216,0.002312399
120044000,0.28816274,0.12202676,-0.28405756
120048000,-0.21245621,0.13221948,-0.36613476
120052000,-0.55704933,0.2885577,-0.3468875
120056000,0.090815336,0.08423834,0.0589242
120064000,-0.013987303,-0.5350725,0.5274829
120068000,-0.3114288,-0.4801297,-0.16101706
120072000,-0.29231644,-0.23146984,-0.46955886
120076000,-0.15690717,0.12945443,-0.07289076
120084000,0.15128884,0.0429982,0.103593275
120088000,0.32157987,0.3714361,0.09873641
120092000,0.44241858,0.40713394,-0.33246204
120096000,0.75514656,0.25295615,-0.6842327
120100000,0.7757865,0.16120614,-0.60831314
120108000,-0.4692421,-0.14673606,0.067307696
120112000,-0.9636122,-0.5450443,-0.04080987
120116000,-0.6453781,-0.6270136,-0.025018845
120124000,0.17805992,-0.5632551,0.4409989
120128000,0.5230593,0.04083757,0.2494278
120132000,0.33202046,0.4564674,0.27706784
120136000,-0.33511338,0.43916467,0.25954702
120140000,-0.5477382,0.24725738,0.10699406
120144000,-0.5450676,-0.22783622,-0.0784816
120148000,-0.5101481,-0.22485548,0.07698451
120152000,0.044431016,0.3038795,0.299903
120156000,0.5777924,0.33146295,0.28081697
120160000,0.69783413,0.24177864,0.29152495
120164000,0.53814,0.15644959,0.13983119
120168000,-0.0476207,0.10679581,-0.24432099
120172000,-0.54936385,0.02534702,-0.27768546
120176000,-0.4048553,-0.27672762,-0.17106071
120180000,0.13486494,-0.26063463,-0.1466313
120184000,0.3688735,-0.2536854,-0.027025133
120192000,-0.37280053,0.13204433,-0.7669524
120196000,-0.707158,0.30641267,-0.26108754
120200000,-0.31864518,-0.21744439,0.020491209
120204000,0.30282974,-0.6331739,-0.05627487
120208000,0.25881696,-0.3703332,0.06686087
120216000,-0.18524113,-0.023339555,0.35272297
120220000,-0.19874443,0.50685483,0.16770254
120224000,-0.1781839,0.42204517,0.16629331
120232000,0.031377554,0.07683761,0.20233743
120240000,-0.040306732,-0.005828217,-0.15589473
120244000,-0.23923175,-0.36421505,-0.22628656
120248000,-0.05382421,-0.17166653,-0.5892964
120252000,0.07416059,0.31378937,-0.59612584
120260000,0.45327803,-0.26184753,0.46253955
120264000,0.8258472,-0.29411083,0.23581861
120268000,0.68040603,0.24423385,0.16916823
120276000,-0.21849595,0.5473002,-0.25620642
120280000,-0.30890235,0.3280474,0.0420177
120284000,-0.061528042,-0.4399159,0.48901477
120288000,0.14428118,-0.872936,0.33391783
120292000,0.10427703,-0.23100686,-0.06815758
120296000,-0.047511213,0.79051745,-0.22935024
120300000,-0.28954852,0.8858484,-0.16663012
120304000,-0.2554857,-0.038477063,-0.10385649
120308000,-0.013387091,-0.7600529,-0.11497663
120312000,0.08013536,-0.80435836,0.10085278
120316000,0.2814165,-0.5217954,0.15431662
120324000,0.22775038,0.27861428,-0.19002827
120332000,-0.5030906,0.3514932,0.25461525
120336000,-0.6604194,0.44569543,0.14093004
120344000,0.21835345,0.12569314,-0.048261516
120348000,0.24331729,0.028482735,-0.17100576
120352000,-0.28880215,-0.27809343,0.023031421
120356000,-0.5856643,-0.058708727,0.035063293
120360000,-0.34501067,0.27836818,-0.08903027
120364000,-0.05429838,0.14020382,0.056402504
120368000,0.043654457,-0.28972697,-0.116907306
120372000,0.23559454,-0.46512076,-0.4365706
120376000,0.4183134,0.11054847,0.08088046
120384000,0.33039457,0.19704014,-0.021198958
120388000,0.092218004,-1.96E-05,0.016968444
120392000,-0.003592385,-0.26321965,0.284305
120396000,0.021342494,-0.47731534,0.19968246
120404000,-0.11927913,-0.05686466,0.001777496
120408000,-0.06303637,-0.000174083,0.005781147
120412000,-0.13093296,0.11659224,-0.20375499
120420000,-0.19617872,0.5178341,0.096964724
120424000,-0.15593418,0.6548872,0.358677
120428000,-0.53040665,0.48609185,0.22624534
120432000,-0.4841965,-0.17235473,-0.073774174
120436000,0.46551013,-0.49157014,-0.44287604
120440000,0.81985825,-0.4142442,-0.7459552
120444000,-0.008868665,-0.29884896,-0.101118445
120448000,-0.35453618,-0.13654748,0.76354253
120452000,0.010255426,-0.12341313,0.6622348
120456000,0.14677946,0.10140394,0.04449323
120460000,0.015031386,0.5506003,-0.3371264
120464000,0.09220809,0.48641726,-0.4496739
120468000,0.538435,-0.13316534,-0.44426626
120472000,0.5523622,-0.3874265,-0.34630257
120476000,0.03655383,-0.24241906,-0.23176856
120484000,0.088708565,-0.332327,0.51924026
120488000,-0.37641656,0.09589514,0.39864314
120492000,-0.6144458,0.20483729,0.16654938
120496000,-0.22986911,0.08458103,-0.2223258
120500000,0.18212947,-0.001979688,-0.49782827
120508000,0.08523594,0.5304452,-0.07532101
120512000,-0.29394668,0.4705783,0.009557944
120516000,-0.3262903,0.14504284,0.010440763
120520000,-0.057091676,-0.06872239,0.15431958
120524000,0.03250355,-0.22321928,0.37064096
120528000,0.14423567,-0.57707566,0.59449047
120536000,0.48665804,-0.27727437,-0.27824932
120540000,0.33166194,0.21373796,-0.6199253
120544000,-0.08142245,0.6767562,-0.2082911
120548000,-0.43833587,0.83575594,0.023572043
120552000,-0.5478778,0.35199594,-0.2708692
120556000,-0.77519536,-0.24846146,-0.34163004
120560000,-0.8387086,-0.63488203,-0.13633299
120564000,-0.382528,-0.8907416,-0.052228883
120568000,0.22520934,-0.7504242,-0.23865035
120572000,0.36975032,-0.11040826,-0.3919548
120576000,0.21581906,0.49742407,-0.14476609
120580000,0.3347838,0.5982505,0.13982783
120584000,0.44168192,0.4441942,0.5406682
120592000,-0.0644182,-0.19094175,0.42225355
120596000,0.26517013,-0.4418003,-0.14444792
120600000,0.34618595,-0.24222727,-0.467056
120604000,0.05410193,0.16755567,-0.23263398
120608000,-0.18572976,0.30322248,0.09700256
120612000,-0.34579366,-0.031806916,0.12142762
120616000,-0.021374166,-0.5306867,0.11029543
120620000,0.60706687,-0.57549155,0.19844082
120624000,0.42720735,-0.14783911,0.26596275
120628000,-0.08462363,0.13081868,0.10155877
120632000,-0.20015265,0.18828885,-0.4520927
120636000,-0.22057568,0.27625978,-0.6086037
120640000,-0.15739384,0.07917088,-0.055441678
120648000,0.27382305,-0.09024124,0.32825568
120652000,0.5389146,0.1504386,0.17224044
120656000,0.20218794,0.22503681,-0.015926447
120664000,-0.20598859,-0.16960472,-0.04569319
120668000,-0.46711984,0.15193453,0.07898986
120672000,-0.6023333,0.38267615,-0.11906867
120676000,-0.24982047,0.0109393,-0.109067984
120680000,0.16509815,-0.27754673,0.10211011
120688000,-0.17009744,-0.14808021,0.38209847
120692000,0.13247724,-0.17245242,0.009494484
120696000,-0.012884028,0.28130144,-0.14817983
120700000,-0.37238717,0.8609551,0.25272495
120704000,-0.32402822,0.73384273,0.46107092
120712000,-0.07018198,-0.49699962,-0.22416009
120716000,-0.18143484,-0.50509995,-0.37605518
120720000,0.001708679,-0.62186456,-0.75780964
120724000,0.5300118,-0.50004864,-0.37962478
120728000,0.8232522,0.08145696,0.49110606
120732000,0.7076776,0.4037238,0.21721344
120736000,0.393062,0.3372493,-0.2208473
120740000,-0.08610666,0.24857323,-0.091145895
120744000,-0.2419822,-0.007773042,0.10395765
120748000,-0.12708078,-0.21879567,0.41707662
120752000,-0.28972396,-0.020695053,0.38811213
120756000,-0.18115588,0.3440591,-0.02513419
120760000,0.19980071,0.34611595,-0.16921778
120768000,0.12477889,-0.5901577,-0.044870578
120772000,0.017133236,-0.42709732,-0.4858181
120780000,-0.26266795,0.42320496,-0.052763313
120784000,-0.3016579,0.03954395,-0.43601733
120792000,0.35668474,-0.06463061,0.16446018
120796000,0.8040326,0.19801024,0.59696454
120804000,-0.08389511,0.30041364,-0.1330491
120808000,-0.27326322,0.8409377,-0.096255034
120812000,-0.25067306,0.6501856,0.06364189
120820000,-0.21308637,-0.6536543,0.1451307
120828000,0.30403212,-0.44558465,-0.41718808
120832000,0.052329794,-0.022546977,-0.29587275
120840000,-0.31649327,0.38486433,0.4387312
120844000,0.116596825,-0.17766184,0.9774953
120848000,0.34052223,-0.41986555,0.6481738
120852000,0.15493433,-0.28401297,-0.06765911
120856000,0.06734339,-0.27616188,-0.27400696
120864000,0.038897526,0.39210096,-0.19770984
120868000,-0.19939172,0.51838416,-0.25936693
120872000,-0.88451755,0.09499495,0.11394821
120876000,-1.1523906,0.028688071,0.19666474
120880000,-0.29800862,0.49330902,0.14709184
120884000,0.7464519,0.29836315,0.22446913
120892000,0.23518406,-0.7999616,-0.29619646
120896000,0.27740657,-0.5911137,-0.28148085
120900000,0.45530224,-0.15835652,-0.3139858
120904000,0.122387245,0.02201312,-0.16742094
120908000,-0.046531588,0.17999241,0.39625978
120916000,-0.17300823,0.09208664,0.18022668
120920000,-0.37964123,-0.32638016,-0.29947764
120924000,0.031463206,-0.047021225,-0.5629563
120928000,0.046326064,0.29433674,-0.21420647
120932000,-0.35032728,0.15767679,0.17230302
120940000,0.08823953,-0.4604947,-0.04030131
120944000,0.003104031,-0.39376685,0.21734206
120948000,0.43462858,-0.38978496,0.14479823
120952000,0.92435336,-0.14764227,0.06394839
120956000,0.4988603,0.2228134,0.13199174
120964000,0.05552444,0.76385534,-0.6599525
120968000,0.2017267,0.49265343,-0.38906372
120972000,0.13508087,-0.1455034,0.28368947
120980000,-0.23764879,0.12546709,-0.045181535
120984000,-0.12612136,0.30300355,-0.39129195
120992000,0.87508136,0.02314657,0.04732606
120996000,1.0223147,-0.8729208,0.86020565
121000000,0.8287081,-0.84547555,0.888304
121004000,-0.34572557,-0.21340892,0.23540886
121008000,-0.8562201,-0.04636495,-0.06686054
121012000,0.07245281,0.15928708,0.14837718
121016000,0.7909286,0.69077176,0.20479487
121020000,1.0050477,0.37077925,-0.43307048
121028000,1.1168362,0.08863242,-0.26687115
121032000,0.45172316,-0.022486173,-0.032372784
121036000,0.08594579,-0.37680212,-0.029858585
121040000,-0.11534136,-0.16313225,-0.19178961
121044000,0.087608226,0.41548842,0.039405733
121048000,0.4718598,0.41126174,0.5318501
121052000,0.5363686,-0.05159738,0.24774694
121060000,0.475913,-0.5300823,0.039588958
121064000,0.4310018,-0.23591243,0.41229075
121068000,0.6736432,0.3340035,0.37948307
121072000,0.59369576,0.33272612,0.072533146
121076000,0.5124259,-0.058647215,-0.117972076
121080000,0.68491846,0.046707693,0.2304132
121084000,0.59307396,0.2789927,0.55895966
121088000,0.5495446,-0.035530597,0.3220861
121092000,0.4003992,-0.3331076,-0.03436656
121100000,-0.14772251,-0.40367723,-0.34858382
121104000,0.42733544,0.1073641,-0.42632914
121108000,0.6767317,0.13466929,-0.31688324
121112000,0.73778737,-0.15529172,-0.15276276
121116000,0.87018144,-0.021146905,-0.12340746
121124000,0.85786015,0.50570214,0.33450156
121128000,0.674412,-0.09444116,0.1299477
121132000,0.77295566,-0.5239378,-0.26862347
121136000,0.7161573,-0.48518503,0.00488615
121140000,0.31794652,-0.16588467,0.42292398
121144000,0.103186786,0.10893374,0.46570516
121148000,0.11605392,0.24941328,0.14661174
121152000,0.5631502,0.37613857,-0.30410194
121156000,1.0345248,0.37449694,-0.28900844
121160000,0.47601247,0.06218855,0.06643409
121164000,-0.13913475,-0.16131447,0.19928212
121172000,0.8744589,-0.38408586,0.6841813
121176000,0.8804172,-0.6331196,0.4474923
121180000,0.9088162,-0.3681028,-0.32209158
121188000,-0.01336436,0.51927924,-0.5138606
121192000,-0.23557265,0.48274782,-0.17043808
121196000,0.06526193,0.1442156,0.15047783
121200000,0.5419936,0.013101734,0.75430006
121204000,0.7811649,0.413299,0.85222566
121208000,0.7223749,0.35998493,-0.14051235
121212000,0.33089757,-0.16048467,-0.6978832
121216000,-0.027485184,-0.11485116,-0.09584153
121224000,1.0807418,0.08913052,0.051163804
121228000,1.2517706,-0.16709146,-0.15453526
121236000,0.085237026,-0.31250313,0.1429784
121240000,0.47890282,-0.11152872,0.13032457
121244000,1.217701,-0.008987539,-0.068409555
121248000,1.058543,0.12542161,0.13578969
121252000,0.204156,0.20599768,0.34022346
121260000,0.18090647,0.20873186,0.08797307
121264000,0.2654619,-0.09591987,0.09698483
121272000,0.059259698,-0.4656856,0.135679
121276000,0.43729216,-0.15168814,0.32689407
121280000,0.886146,-0.003696054,0.4321227
121284000,1.0981941,0.03093087,0.20174628
121288000,0.7521214,0.28395092,-0.22309086
121292000,0.25434545,0.5755573,-0.30616444
121296000,0.18587387,0.25444624,0.12304019
121300000,0.16196473,-0.37361696,0.48636508
121304000,0.03287839,-0.4482037,0.3869455
121312000,0.40894562,0.3861243,-0.6650367
121316000,0.43039876,0.06700263,-0.33858347
121320000,0.28367445,-0.41215676,0.58563673
121324000,0.20090032,-0.43192318,0.95975155
121328000,0.18405119,-0.05763855,0.68028283
121332000,0.18155682,0.2996992,0.10997973
121336000,0.5141219,0.070071384,-0.3060432
121340000,1.0126834,-0.20610446,-0.23520237
121344000,1.000335,0.16493939,-0.19655912
121348000,0.5314915,0.4593493,-0.21002127
121352000,0.047479436,0.43200016,0.16195545
121356000,-0.13536167,0.42699432,0.34965968
121360000,0.124249354,0.15959826,-0.010091595
121364000,0.70463616,-0.25044397,-0.2866065
121368000,1.0270103,-0.46893433,-0.13067439
121372000,0.84600425,-0.42555663,0.10791502
121380000,0.009816118,-0.23965302,-0.036223233
121384000,0.000124052,-0.08747107,-0.049534865
121388000,0.106927395,0.339357,0.37236297
121392000,-0.1398652,0.55499965,0.2416503
121396000,-0.009596041,0.5464796,-0.43224853
121404000,0.98361725,-0.24273318,-0.032209426
121408000,0.88599575,-0.7643204,0.39800993
121412000,0.55593157,-0.65252197,0.5669253
121420000,-0.17194797,0.07611029,0.85322785
121424000,-0.039956905,0.21234551,0.5973307
121428000,0.1676632,0.13038647,0.3949636
121432000,0.4939658,-0.038031455,0.027100727
121440000,0.7117445,-0.06383921,-0.26430604
121448000,-0.086460076,0.053226054,0.106946304
121452000,-0.22797205,-0.14478643,0.047647092
121456000,0.55264354,0.077131614,0.18897088
121460000,1.3317792,0.5420345,0.1643931
121468000,0.22574517,-0.07460582,0.79693127
121472000,-0.111091435,0.20257165,0.43657613
121480000,0.78440803,0.3419968,-0.57301325
121484000,0.81540155,0.31694078,-0.1090313
121488000,0.7061975,0.008607261,0.014612883
121492000,0.6789704,-0.43449363,-0.16320282
121496000,0.2817804,-0.5358276,-0.116631605
121500000,0.14808302,-0.43380177,-0.12232928
121504000,0.61378455,-0.4033374,-0.08392123
121508000,0.7672208,-0.39234546,0.2506981
121512000,0.50497854,-0.11182646,0.44129068
121516000,0.41815117,0.6042732,0.6054574
121524000,0.29143038,0.37551588,0.3750215
121528000,-0.33438218,-0.13880447,0.34160775
121536000,-0.40492392,0.21520919,0.2758591
121540000,0.5911476,0.2443699,-0.014943734
121544000,1.0369276,-0.082703695,0.074247696
121552000,-0.09842777,0.0616088,0.5160186
121556000,-0.59818774,0.242079,0.35337317
121560000,-0.41976678,0.17312098,-0.08942075
121564000,0.4937818,-0.10189953,-0.27585644
121568000,1.1434711,-0.37583256,0.031465538
121572000,0.71474135,-0.4321978,0.21228825
121576000,0.045428783,-0.33121696,0.103393614
121580000,-0.22376157,-0.09735229,0.28807446
121584000,-0.33148667,0.13643946,0.59758085
121588000,-0.24925429,0.3146202,0.55685127
121592000,0.03428732,0.18311298,0.37825358
121596000,0.4188742,-0.019372433,-0.07383829
121600000,0.84951776,0.21404617,-0.6709033
121604000,0.80970025,0.3268975,-0.4993869
121608000,0.34649095,-0.06882204,0.20984076
121612000,0.41929257,-0.29379934,0.39021683
121616000,0.7138914,-0.019064441,0.13293785
121620000,0.3232128,0.21607804,0.22752866
121624000,-0.2880314,-0.032255255,0.5556338
121628000,-0.58583266,-0.39213452,0.15990984
121632000,-0.4382922,0.09271102,-0.2175539
121640000,0.44628516,-0.1409049,0.5052016
121644000,0.43886468,-0.41980726,0.40548706
121648000,0.5438503,0.2557062,0.39924735
121656000,0.450619,0.44235536,0.38392663
121660000,0.015844747,-0.2169451,0.1415662
121664000,-0.14809403,-0.578043,-0.08179357
121668000,0.13842815,-0.3303789,0.025936084
121672000,0.41792896,-0.012617454,0.21945587
121676000,0.28706235,-0.24789166,0.07358317
121680000,0.1478768,-0.5868713,-0.002569053
121684000,0.22214504,-0.40327287,0.385817
121688000,0.20932156,0.35270834,0.32081482
121692000,0.35676372,1.0213921,0.08792885
121696000,0.5439165,0.90444016,0.34958908
121700000,0.30937916,0.17588161,0.27579886
121704000,0.010646925,-0.3460027,0.18987116
121712000,-0.10838057,-0.1283651,0.5581888
121716000,-0.034148797,0.07258332,-0.46847686
121720000,0.27370554,0.13643819,-0.97204244
121724000,0.40728,-0.044386454,-0.25496495
121728000,0.19167611,-0.23274484,0.7003481
121732000,0.11508978,-0.101885006,1.0297469
121736000,0.17153713,0.16649975,0.604514
121740000,0.15619516,0.31618148,0.15053475
121744000,0.29174754,0.28304723,0.15265772
121748000,0.53392994,-0.026080757,0.2169865
121752000,0.74231493,-0.20422888,0.042648725
121760000,-0.20323524,0.22300422,0.13585055
121768000,0.060658306,0.12747507,0.80662906
121776000,0.24845637,0.058786325,0.16310368
121780000,-0.5952734,-0.072721645,-0.42303348
121784000,-0.77637315,-0.3968895,-0.93854356
121788000,-0.13148913,-0.16913903,-0.97290415
121792000,0.20783031,0.122553825,-0.33622283
121796000,0.30604464,0.026900694,0.63630056
121800000,0.55060565,0.36099052,0.9361503
121804000,0.56336224,0.86466694,0.6856748
121808000,0.5240503,0.3732165,0.57665604
121812000,0.6474776,-0.36980933,0.30099794
121816000,0.34266406,-0.30915746,-0.14076051
121820000,-0.19534396,0.007327914,-0.3494327
121824000,-0.121231616,0.123699725,-0.11965477
121828000,0.31509864,0.12468825,0.16521305
121832000,0.3984305,-0.111587614,0.28853726
121836000,0.032450125,-0.3836913,0.39570105
121840000,-0.25719917,-0.06252576,0.5367007
121844000,-0.04976552,0.3114507,0.34778214
121848000,0.42263854,0.05667694,0.008300871
121852000,0.36681658,0.025567006,0.1216232
121856000,-0.08080532,0.59847224,0.29542068
121860000,-0.16011387,0.6483095,0.4441855
121864000,-0.22501644,-0.1165503,0.45666924
121872000,-0.1706977,-0.05716952,-0.08932986
121876000,0.55639386,0.35206386,0.05666326
121880000,0.9397486,0.1841873,0.13746521
121884000,0.8130367,-0.2430335,0.10158756
121892000,0.13105917,-0.08175937,0.5723977
121896000,-0.02476848,0.17104465,0.34051442
121904000,0.294162,0.060869087,0.049081724
121908000,0.39437923,0.14168513,0.24199416
121916000,-0.05624706,-0.026566904,0.57414687
121920000,0.24929595,0.095395446,0.7042595
121924000,0.41601,0.2879507,0.6559955
121928000,0.029560119,0.38924563,0.35266787
121932000,-0.45990402,0.46634844,-0.05455126
121936000,-0.44860628,0.409682,-0.0535724
121940000,0.4323879,0.45439368,0.13091117
121944000,0.86078304,0.11572583,-0.001124261
121948000,0.056994766,-0.57275873,-0.19548374
121956000,-0.017751925,-0.2906478,0.3973928
121960000,0.095999755,0.1801569,0.5924047
121964000,0.19096345,0.6432167,0.63299346
121968000,0.1308626,0.5113801,0.55381
121972000,-0.01556723,-0.26899981,0.006792188
121980000,-0.027776212,-0.34147674,-0.525828
121984000,-0.18281585,0.13056034,0.11047435
121988000,-0.20237069,0.14068562,0.49451682
121992000,-0.08970745,0.09298722,0.48735914
122000000,0.11760913,0.57967186,-0.053068124
122004000,0.14213917,0.6842956,0.3356851
122008000,0.23188044,0.38695896,0.46106485
122012000,0.3244806,-0.019457623,0.27776587
122016000,0.5020887,-0.22541913,-0.012752764
122024000,0.46875113,0.38593835,0.66484004
122028000,0.36499494,0.52423507,1.065007
122032000,-0.023196332,0.13960263,0.907923
122036000,-0.07236471,0.014731333,0.48005003
122040000,0.28204268,0.003029563,0.1589604
122048000,-0.42144966,0.17375416,-0.33413556
122052000,-0.9106302,0.12288667,-0.003259681
122056000,-0.7693274,-0.3253827,0.26255068
122060000,-0.33137262,-0.5267335,-0.016049176
122064000,0.22748093,-0.42554823,-0.33755702
122068000,0.47970134,-0.21885742,-0.27434596
122076000,0.31518415,0.6977153,0.49592203
122080000,0.26850522,0.8351779,0.510735
122084000,-0.18234718,0.6177512,0.0172358
122088000,-0.4105059,-0.09779051,-0.057625793
122092000,-0.2928176,-0.4074787,0.08666745
122096000,-0.11348967,0.029384896,-0.013450936
122100000,-0.064628564,0.2504421,0.09078935
122104000,0.29094547,-0.013350055,0.63299733
122108000,0.46176267,-0.20213279,1.0005726
122112000,0.095461644,0.067943275,0.5632999
122116000,-0.08956486,0.34311107,0.1329912
122120000,-0.06483192,0.27214634,0.38221678
122128000,-0.34575436,0.62358433,0.47283322
122136000,-0.05745808,-0.3987915,-0.17126758
122140000,0.7490257,-0.61022407,-0.45188215
122148000,0.3209786,0.8418515,-0.046110027
122152000,-0.18935248,1.0028334,0.06309125
122156000,-0.37787288,0.09435716,-0.010224439
122160000,-0.46653932,-0.89399594,0.21963193
122164000,-0.29533088,-0.7257186,0.37036392
122172000,0.38653684,0.90789753,0.277086
122176000,0.24122643,0.45223272,0.8015452
122180000,0.22482419,0.057046447,0.80334556
122184000,0.23803976,0.34925506,0.5334311
122188000,0.09561867,0.4843499,0.15030935
122192000,0.11041998,0.15983036,-0.37267324
122196000,0.15386799,-0.31718066,-0.6713618
122200000,-0.027853832,-0.3892502,-0.64899826
122204000,-0.098975375,-0.2521415,-0.08576633
122208000,-0.17717867,-0.19284883,0.75301033
122212000,-0.21206875,0.12708588,1.0151285
122216000,-0.026329145,0.5641434,0.825948
122220000,0.29765734,0.5521763,0.4175367
122224000,0.6482887,-0.011301845,-0.0687487
122228000,0.31725672,-0.071383856,-0.3089063
122232000,-0.4559775,0.39048785,-0.092634365
122236000,-0.70490193,0.34196052,0.59110814
122244000,0.001176756,0.040979344,0.016429767
122252000,-0.06707183,0.053420097,-0.3499999
122256000,0.4563313,0.25372794,-0.000215299
122260000,0.5235963,0.37608647,0.20032789
122264000,0.05649686,0.7587875,0.12942998
122268000,-0.057468537,0.7434449,0.30129036
122272000,0.05645094,0.2495044,0.6769572
122276000,0.21402396,0.10274637,0.6943143
122280000,0.44791108,0.04933307,-0.031882435
122284000,0.24447125,-0.24467707,-0.5074262
122288000,-0.3979309,-0.2772494,-0.23824133
122292000,-0.5380465,-0.049140535,0.28498155
122296000,0.009164393,-0.104889765,0.69434005
122304000,-0.58360565,-0.105787404,-0.043383643
122308000,-0.67322147,-0.26033476,0.3752303
122312000,-0.4215682,0.12823509,0.72633827
122316000,0.14053765,0.6696496,0.6680881
122320000,0.4904673,0.5532949,0.18398091
122324000,0.06510225,0.11763926,-0.3145876
122328000,-0.24989355,-0.11522005,-0.110221416
122332000,-0.023446523,0.122958414,0.36048007
122336000,0.18679191,0.23731564,0.3085817
122340000,-0.20583558,-0.10532577,-0.22052214
122344000,-0.7216004,-0.36633876,-0.47871608
122352000,-0.07881826,0.2408567,0.589249
122356000,0.1017185,0.5307703,0.62636685
122364000,0.53815615,0.61226207,0.3867875
122372000,0.0546218,0.2637603,-0.41634643
122376000,0.10185727,-0.34496105,-0.2422628
122384000,-0.028875083,-0.31600106,0.35741073
122388000,-0.14842024,-0.29634082,0.48675656
122392000,-0.21262363,-0.056541145,0.61250323
122396000,-0.18827197,0.2492269,0.6803348
122400000,-0.2032038,0.44181192,0.5289875
122404000,-0.40211684,0.32167315,0.6092639
122408000,-0.5241407,0.18670627,0.4419834
122412000,-0.099345416,0.5641303,-0.37441516
122420000,0.3413942,0.5573927,-0.15023172
122424000,0.056795254,0.25718158,0.13722542
122432000,-0.47577322,-0.14049448,0.6894564
122440000,-0.013595223,0.1600799,0.49208537
122444000,0.13814119,-0.14324865,0.16975757
122448000,0.056862533,-0.13923392,-0.124086685
122452000,0.056366503,-0.04563491,-0.10630777
122460000,0.07935262,0.040239066,-0.13504395
122468000,-0.031650875,0.339532,0.20607309
122472000,-0.3071461,0.1755481,0.45095548
122476000,-0.48016512,0.3068683,0.33299387
122484000,-0.44890454,0.37316337,0.28253865
122488000,-0.30884236,0.39937294,0.33363837
122492000,0.18947092,0.5089441,0.47346526
122496000,0.26894307,0.61044925,0.6053508
122500000,0.2294715,0.5256892,0.21416818
122504000,0.28758147,0.39629167,-0.31727663
122512000,0.08386837,-0.745307,-0.5573454
122516000,0.24845454,-0.47572467,-0.56873167
122524000,-0.0928271,-0.32133916,0.21695039
122528000,0.010716032,-0.32034802,0.6256674
122536000,-0.0909253,0.27829522,0.27875474
122544000,-0.97179615,-0.13278632,0.5182928
122548000,-0.7549648,0.36391297,0.76948214
122552000,-0.045509934,0.6893598,0.5909329
122556000,0.6341313,0.40715197,-0.1766319
122560000,0.2337956,0.27044111,-0.7857556
122564000,-0.23720175,0.63211864,-0.4777971
122568000,0.1719147,0.803989,0.23500012
122576000,-0.14018737,-0.087320805,0.50433517
122580000,-0.36032397,-0.25339404,0.1581697
122584000,-0.29879835,0.12609687,-0.14609727
122588000,-0.30004993,0.28209755,0.25170743
122592000,-0.14995845,0.11677545,0.403396
122596000,-0.24886984,-0.03768991,-0.08962479
122600000,-0.26027232,-0.3303722,-0.07137529
122604000,-0.006736923,-0.15040404,0.41706702
122612000,-0.42034647,0.22955973,-0.013153315
122616000,-0.18285112,-0.014510065,0.5117341
122624000,-0.067918465,0.38056377,0.17859831
122628000,0.349735,0.8240427,-0.05419573
122632000,0.58264273,0.916458,0.016458128
122636000,0.30759758,0.2839072,-0.23826389
122640000,-0.30447578,-0.37771493,-0.56458354
122644000,-0.8568264,-0.11043137,0.15125579
122648000,-1.1729742,0.5263385,1.1742201
122656000,-0.35524762,0.30287707,0.5557296
122660000,0.28157356,0.39128953,0.3245357
122664000,0.48191428,0.40500098,0.17945173
122668000,0.35702085,-0.047211245,-0.18160808
122672000,0.045205995,-0.41520235,-0.369703
122676000,-0.27850705,-0.34090155,-0.41215175
122680000,-0.51559055,-0.026076406,-0.2376262
122684000,-0.4123146,0.29770637,0.24593596
122688000,-0.08648604,0.3994886,0.690032
122696000,0.85104173,0.038249366,0.10017105
122704000,-0.6542261,-0.29277003,0.6810608
122708000,-0.77355695,-0.33893955,0.42381197
122716000,-0.11973736,0.043888647,-0.10505775
122720000,-0.24351916,-0.030944243,-0.61983806
122724000,-0.24954802,0.23269182,-0.27689046
122728000,0.00178536,0.68556213,0.50891626
122732000,0.06398317,0.75786316,0.44805834
122736000,-0.20818095,0.33030212,0.22466606
122740000,-0.4305724,-0.07899844,0.1490014
122744000,-0.5585158,0.12209512,-0.25903654
122748000,-0.50863564,0.5510627,-0.46921846
122752000,-0.094820894,0.31648433,-0.26956892
122756000,0.17828767,-0.111206025,-0.11326302
122760000,0.32965025,-0.087801315,0.10577642
122768000,-0.18138507,-0.020173999,0.87920225
122772000,-0.4285571,0.06795162,0.499268
122776000,-0.49598143,0.07993586,-0.35897458
122784000,0.50163907,-0.17979622,0.14132343
122788000,0.7677372,-0.20585102,0.34125295
122792000,0.562608,0.32597113,0.34135383
122796000,-0.0190517,0.8578994,0.5823414
122800000,-0.76878947,0.5252024,0.52898836
122804000,-0.6673093,0.15069368,0.25249964
122808000,-0.049192205,0.06640736,-0.018029146
122812000,-0.092090845,-0.106794775,-0.51227665
122816000,-0.40125898,0.1108662,-0.6108675
122820000,-0.46953735,0.30863187,-0.0599868
122824000,-0.33421117,0.21231644,0.29210535
122832000,0.97821593,1.0412643,0.6131579
122836000,0.5291308,0.89910173,0.12048361
122844000,-1.428483,-0.14031947,-0.053603172
122848000,-0.7721475,-0.32697374,0.3476354
122852000,-0.2651392,-0.50213206,0.47307253
122856000,0.04987742,-0.5195038,0.4726873
122860000,0.2448968,0.08541384,0.6826689
122864000,0.11723812,0.28179282,0.7232365
122868000,-0.009120155,-0.24849893,0.10154691
122872000,-0.28033248,-0.35676277,-0.2857244
122876000,-0.69198376,-0.000525445,-0.07470633
122880000,-0.4079667,0.58958626,0.14023979
122884000,0.3514077,0.90153134,0.1880452
122888000,0.40582448,0.47327486,0.09954272
122892000,-0.030685343,0.11998522,-0.111114636
122896000,-0.5179506,0.09116308,-0.2337427
122900000,-0.8244457,0.042540073,-0.140672
122908000,0.2856932,0.3219243,-0.15423593
122912000,0.13265343,0.3662504,0.10006648
122916000,-0.544791,0.48705205,0.59693724
122920000,-0.70598656,0.19495834,0.5775744
122928000,-0.34106562,0.19247794,-0.2915007
122932000,0.251814,0.28607872,-0.004707344
122936000,0.43820515,0.12304748,0.14147696
122940000,0.088479355,0.5151553,0.09627512
122944000,0.009266675,0.6049956,-0.11007876
122952000,-0.37957528,-0.14927003,0.6984915
122956000,-0.5256175,0.49891698,0.70296246
122960000,-0.8121559,0.9321767,0.10343787
122964000,-0.8788371,0.4939081,-0.072133735
122968000,-0.5348959,-0.08182924,-0.14123636
122972000,-0.090302005,-0.24444693,-0.2104588
122976000,0.28733942,0.094356105,-0.091897875
122980000,0.31587598,0.083035685,-0.0987577
122984000,-0.2532174,-0.100445405,0.000408446
122992000,-0.12644163,1.0590057,0.7659459
123000000,0.18877368,1.3163378,-0.2976666
123004000,-0.21737722,1.2884104,-0.6108958
123008000,-0.26909754,0.8042364,-0.21002059
123012000,-0.28933418,0.38375613,0.2870447
123016000,-0.43970633,0.086838715,0.2773957
123020000,-0.5209725,0.2527384,0.04853414
123024000,-0.9291176,0.5815127,0.15968877
123028000,-1.3927686,0.88163054,0.39305934
123032000,-1.0043576,1.0765077,0.33870465
123040000,0.37194276,0.060465924,-0.027008511
123044000,-0.3533394,0.2974687,0.25046667
123048000,-0.9915,0.7713567,0.30410433
123056000,-0.7819482,0.95254135,-0.34368742
123060000,-0.61252165,0.5113788,-0.014045209
123064000,-0.44274575,0.020169824,0.11923521
123072000,-0.97656333,1.200371,0.3408293
123076000,-0.57766795,1.709348,0.26869243
123080000,-0.29950875,0.834618,-0.55265415
123084000,-0.41934046,0.104931176,-0.7310244
123092000,-0.803248,0.89422417,0.91439945
123096000,-0.537663,1.0022167,0.56934327
123100000,-0.3400649,0.8113034,0.040398315
123104000,-0.5062142,0.44734326,0.053140566
123108000,-0.7950566,0.68312496,0.08486849
123112000,-0.942492,1.2261688,-0.22180234
123120000,-0.69591653,0.9795992,-0.1816096
123124000,-1.0248828,0.46111163,0.29363665
123128000,-1.2817641,0.16277996,0.34821203
123132000,-1.3756363,0.28400496,0.18863188
123136000,-0.9374912,0.65404564,0.22020134
123140000,-0.13170779,0.75767064,-0.020552665
123144000,0.355805,0.97854275,-0.07592203
123152000,-0.67810726,0.6315134,0.6523465
123156000,-1.178139,0.70667005,0.4093047
123160000,-0.9041072,0.6651669,0.21950048
123164000,-0.56351054,0.70111835,-0.4706751
123172000,-0.112062484,0.5941825,-0.29637206
123176000,-0.6373726,0.25854138,0.08851168
123180000,-1.0067998,0.2302644,0.24314974
123184000,-1.0926722,0.08558673,0.19276963
123188000,-1.2020766,0.015683018,-0.16314015
123192000,-1.2424519,0.29541245,-0.2361854
123196000,-0.68500495,0.10788735,-0.005474143
123200000,-0.04607307,-0.4534903,0.11830433
123204000,-0.08281201,-0.38577718,0.21795908
123208000,-0.29683188,0.25768924,0.49137825
123212000,-0.49960464,0.40625307,0.5021
123216000,-0.8277117,-0.14569357,-0.23248167
123224000,-0.88105834,-0.40513134,-0.9337117
123228000,-0.42793345,-0.4365344,-0.35971817
123232000,-0.19147708,-0.08536725,0.3825398
123240000,-0.3642135,-0.23261616,0.82071626
123248000,-1.0478994,-0.6288034,-0.070662916
123252000,-1.3037552,-0.32630295,-0.14052047
123256000,-0.89843327,-0.013814259,0.27798703
123264000,-0.22963566,0.07222851,0.4130901
123272000,-0.37361878,-0.20331785,-0.32823864
123276000,-0.7429136,-0.26854953,-0.63021237
123284000,-0.36790657,-0.4617737,-0.091480404
123288000,-0.28774244,-0.4854228,0.50203216
123292000,-0.96667206,-0.4758703,-0.08350442
123296000,-1.2487478,-0.46123573,-0.48724946
123300000,-0.6172773,-0.33784455,-0.05745928
123304000,-0.1612334,-0.38630712,0.32840782
123308000,-0.49640095,-0.43329054,0.5450476
123312000,-1.0767653,-0.39587736,0.37049252
123316000,-1.198062,-0.36442307,-0.12777482
123324000,-0.55202776,-0.29453725,0.33573323
123328000,-0.4716292,-0.49908668,0.5312596
123332000,-0.442836,-0.51843494,0.64278793
123340000,-0.19581765,-0.99868864,0.12114306
123344000,-0.820442,-1.3236082,-0.257226
123348000,-1.623932,-0.690826,-0.33140197
123356000,-0.63941896,-0.14256684,-0.31245425
123360000,0.000717714,-0.103793815,-0.059030145
123368000,-0.52754194,-0.8797457,0.5648389
123372000,-0.22788817,-1.4331981,0.56859064
123376000,-0.03699378,-1.5119963,0.40979877
123380000,-0.4127637,-0.899686,-0.039296485
123388000,-0.023205958,-0.11891852,-0.6648957
123392000,-0.26498425,-0.10040607,-0.60004276
123396000,-0.7669954,-0.27062282,-0.09735799
123404000,-1.1970726,-0.7330411,0.7714039
123408000,-0.78540516,-0.57905555,0.4242931
123412000,-0.7445528,-0.68813187,-0.25909427
123416000,-1.1042229,-0.42906794,-0.3867392
123420000,-1.0653762,-0.56169754,-0.15411413
123424000,-0.28898245,-1.0037669,-0.10621741
123428000,0.25453633,-0.6749094,-0.04637067
123432000,-0.14734086,-0.53701127,0.08775971
123436000,-0.68343633,-0.73177063,0.17132452
123444000,-0.49505025,-0.13898394,0.678449
123448000,-0.40363795,-0.18998499,0.31359082
123452000,-0.10263787,-0.45748436,-0.2364585
123456000,0.037122257,-0.8656491,-0.7530824
123464000,-0.7291501,-0.7067518,-0.6647451
123472000,-1.3665986,-0.6330317,0.6715111
123476000,-0.33913618,-0.74363726,0.357175
123480000,0.348277,-0.27330303,0.22321907
123488000,-0.9324705,-0.08389564,0.45380747
123496000,-1.0901908,-0.32579806,0.25625437
123500000,-0.53398365,-0.08924529,-0.18004957
123504000,-0.065737054,-0.34536976,-0.45580354
123512000,-0.44730633,-0.2879476,0.4355181
123516000,-0.7137543,-0.25045815,0.3774589
123520000,-0.72222835,-0.45553082,-0.108485565
123524000,-0.23761061,-0.71780056,-0.35715917
123528000,0.16812092,-0.678759,-0.30430043
123532000,0.007361427,-0.34904513,-0.23181574
123536000,-0.045970052,0.02268155,-0.11384284
123540000,-0.20315175,0.46218234,0.109664276
123544000,-0.5977115,0.402341,0.09972564
123548000,-0.5694392,-0.5980689,-0.15753786
123552000,-0.3515472,-1.4193131,-0.02061069
123556000,-0.2954543,-1.1279769,0.54187167
123560000,-0.3808807,-0.22388907,0.4733973
123564000,-0.38581157,0.5097438,-0.07927975
123572000,-0.6088939,0.11191207,0.5563749
123576000,-0.54468447,-0.29636458,0.6026206
123580000,-0.44407788,-0.2692085,0.2887807
123584000,-0.42163402,-0.17414008,-0.22036833
123588000,-0.5378359,-0.1926679,-0.5515126
123592000,-0.61483973,-0.3154159,-0.3356318
123596000,-0.69921494,-0.63299394,-0.05085107
123604000,-0.30951372,-0.13532877,-0.55245316
123608000,-0.24788104,-0.055858824,-0.42338207
123612000,-0.34263456,0.17600751,-0.022676744
123616000,0.012152687,0.18946877,0.2927597
123620000,-0.04831809,-0.33806837,0.10076593
123624000,-0.7909792,-0.56868994,0.08329449
123628000,-0.9224162,-0.13785273,0.36685622
123636000,0.09291525,0.56513566,-0.1373246
123640000,0.057150245,0.34495914,-0.4033418
123644000,-0.08802082,-0.15154427,-0.7183726
123648000,-0.1321781,-0.51139873,-0.4682379
123652000,-0.4342577,-0.3777382,0.23292829
123660000,-0.3571244,-0.4311308,0.27320153
123664000,0.04047499,-0.26745862,0.14269885
123668000,0.11846754,0.016749667,0.29150268
123672000,-0.04439511,0.36024016,0.14407647
123676000,-0.3909622,0.22667146,-0.30557698
123680000,-0.80896807,-0.11130169,-0.000297651
123688000,0.25436795,0.10295068,0.28216547
123692000,0.11609484,0.33163124,-0.23158172
123696000,-0.6186051,0.5340806,-0.12095265
123700000,-0.87172806,-0.012745261,-0.048007302
123704000,-0.4304142,-0.61786616,0.08800845
123712000,-0.08193465,0.4144139,-0.31460896
123720000,-0.82146645,-0.40803304,-0.540544
123724000,-1.243213,-0.55741334,-0.35199678
123732000,0.13969085,-0.023956686,-0.09956877
123736000,0.70934576,0.2717407,-0.14603493
123740000,0.28489727,0.16020341,0.13634408
123744000,-0.38566282,0.50135034,0.22815408
123748000,-0.6896248,0.63015074,0.09914599
123752000,-0.4072256,0.040239304,-0.18703607
123756000,-0.07825002,-0.17710716,-0.40132344
123760000,-0.27279648,0.008111671,-0.095954284
123764000,-0.32194918,-0.0377086,0.07987164
123772000,-0.0374609,-0.027382318,-0.3587792
123776000,-0.2333673,0.1977162,0.009647042
123780000,-0.6251256,0.18203287,-0.059498586
123788000,0.099304385,-0.21338281,-0.28645295
123792000,0.13776766,-0.27063796,-0.3099612
123796000,0.22925465,0.29958278,-0.07047955
123804000,-0.13877322,-0.029516876,-0.22284028
123808000,-0.25254595,-0.53803945,-0.20120393
123812000,-0.57934076,-0.47905326,0.066305175
123816000,-0.62407285,-0.044649437,0.27854794
123820000,-0.6225163,0.42344725,0.38991833
123824000,-1.0014936,0.42051548,0.21224353
123828000,-0.9934087,-0.08242696,0.0813491
123832000,-0.14591777,-0.6732238,-0.32144916
123836000,0.4669904,-0.67776585,-0.84749126
123840000,0.23908322,-0.26511762,-0.57866395
123844000,-0.1331822,0.049679846,-0.014822975
123848000,-0.14823276,0.1884123,0.25765043
123852000,-0.31547454,0.112892285,0.2152257
123856000,-0.60882825,-0.005987551,-0.018219687
123860000,-0.3733932,-0.10086208,-0.2619577
123864000,-0.12512279,-0.29889736,-0.39751738
123872000,-0.84963083,-0.07714196,0.14876655
123876000,-0.61202013,0.061947163,-0.17732489
123880000,-0.41352156,-0.025208026,-0.48463416
123884000,-0.25820598,0.138195,-0.46883658
123888000,0.068595365,-0.10953996,-0.34324586
123892000,0.31826952,-0.9812806,0.048270456
123896000,0.3883835,-0.94289696,0.42737517
123900000,0.1604048,0.05701065,0.20832941
123908000,-0.65064573,-0.06407477,-0.3601558
123912000,-0.2720435,-0.4081452,-0.122065105
123916000,0.18031883,-0.08577658,-0.09906114
123920000,0.4044584,0.19872233,-0.108542286
123924000,0.26555502,0.2297511,-0.16525331
123932000,-0.14922854,-0.07688572,-0.7325041
123940000,-0.42246088,-0.07400487,0.17134555
123944000,-0.6895356,0.17229608,0.14744054
123948000,-0.93609405,0.3194352,0.31759566
123952000,-0.80543244,0.11448423,0.28377563
123956000,-0.00659436,-0.32592228,0.15960696
123960000,0.5709566,-0.85796106,0.06769873
123964000,0.4292552,-1.1264598,-0.23471202
123972000,0.03991481,0.038768113,-0.18457234
123976000,-0.21855843,0.32010627,-0.31449056
123980000,-0.6951782,0.2152876,-0.68829525
123988000,-0.61804056,0.028594049,0.10972938
123992000,-0.3971011,0.016131125,0.27401203
123996000,-0.27547723,-0.20847255,-0.051073007
124004000,0.05009773,-0.019252844,-0.1676512
124008000,-0.21499947,-0.16697234,-0.12513456
124012000,-0.31783623,-0.4400118,0.081025206
124016000,-0.39956355,-0.44355538,0.15888414
124020000,-0.7392318,-0.22418317,-0.2828703
124024000,-0.6163775,-0.14383928,-0.56443906
124028000,-0.17590415,-0.48156375,-0.2901024
124032000,0.16473591,-0.76312613,0.29652888
124036000,0.4193053,-0.37581483,0.8303995
124040000,0.46683946,0.36188808,0.22527874
124044000,0.27671927,0.5983554,-0.67875797
124048000,-0.1649265,0.06162712,-0.44911823
124052000,-0.2364348,-0.5204084,0.009640344
124056000,0.10771774,-0.54981005,0.10643754
124060000,0.31401384,-0.27410135,-0.002488956
124064000,0.18575989,-0.047654252,0.03542668
124068000,-0.20977375,-0.092928074,0.3947624
124072000,-0.40861112,-0.33866265,0.45009845
124076000,-0.38393858,-0.2639913,-0.041862935
124080000,-0.27666226,0.23697942,-0.4402654
124084000,-0.1833182,0.67012566,-0.29880047
124092000,0.09947456,-0.11575951,-0.69101954
124096000,0.043244973,-0.3612711,-0.83067536
124100000,-0.066002674,-0.12704176,-0.25653094
124104000,-0.1639966,-0.17817277,0.23364475
124108000,-0.10251444,-0.23869571,0.2920002
124112000,-0.06012868,-0.32008997,-0.002029762
124116000,-0.24431047,-0.6715337,-0.25503978
124120000,-0.22153723,-0.96453094,-0.15923595
124128000,-0.2682441,-0.038184673,0.079127476
124136000,0.3254997,0.40091765,-0.06816988
124140000,0.31786236,-0.12773754,0.09063035
124144000,-0.23824868,-0.51000625,0.439835
124148000,-0.61702394,-0.50972825,0.49525124
124152000,-0.532597,-0.34246182,-0.37141052
124156000,-0.3710217,-0.022089593,-1.1526368
124160000,-0.3552863,0.3697483,-0.82422245
124164000,-0.12717251,0.21907876,0.004685
124168000,0.3071444,-0.4593687,0.45637622
124172000,0.35779506,-0.86982834,0.2998842
124176000,0.3148492,-0.6950625,-0.078100845
124180000,0.50095445,-0.2541006,-0.32134208
124188000,-0.33008042,0.32936412,-0.2441437
124192000,-0.5092956,0.41750544,0.09401788
124200000,-0.19212446,-0.22694518,-0.58515567
124204000,-0.46627104,-0.7711026,-0.14440657
124208000,-0.08239177,-0.8322258,-0.14229944
124212000,0.5792253,-0.17925566,-0.39219356
124216000,0.367716,0.30507374,-0.014753684
124220000,-0.46970522,0.3430089,0.14012268
124224000,-0.76659006,0.33490455,-0.054525428
124228000,-0.4775198,0.13834836,0.007420298
124232000,-0.028059557,-0.07110204,0.1049852
124236000,0.2782885,0.17522855,0.034357596
124240000,0.10173213,0.4991872,0.026753984
124244000,-0.4810655,0.37775654,0.015086699
124248000,-0.7925878,-0.002312027,-0.1154782
124252000,-0.2656913,-0.49254376,-0.20202412
124256000,0.33049554,-0.83028877,0.032835804
124260000,0.23742631,-0.681755,0.37940443
124264000,0.122809514,-0.2733156,0.1244497
124268000,0.1516378,0.015459701,-0.35939687
124272000,-0.07976757,0.04849019,-0.11750344
124276000,-0.48691508,0.07552928,0.3195325
124280000,-0.5978488,0.13274871,0.30732378
124288000,0.03855107,-0.7630658,-0.5260223
124292000,0.09633125,-1.0234225,-0.28545922
124296000,0.031993926,-0.4022839,-0.06751692
124300000,-0.20235173,0.37368208,-0.24661699
124308000,-0.96892303,0.26427048,-0.59192353
124312000,-0.6446072,0.39615935,-0.089264736
124316000,0.21675457,0.26213658,0.32786644
124320000,0.9382978,-0.28172666,0.34878406
124328000,0.41204876,-0.17517136,0.52531713
124332000,0.08901227,0.019343734,0.099333644
124336000,-0.13526349,-0.08536818,-0.2831928
124344000,-0.021946788,-0.059345815,-0.5205619
124348000,-0.13052341,0.011933614,-0.62017393
124352000,-0.059061304,-0.10023285,-0.2631298
124356000,0.16530569,-0.29021105,0.14520755
124360000,0.027075775,-0.34618297,0.05637976
124364000,-0.4238294,-0.051278442,-0.19942576
124372000,-0.6730721,0.2658044,-0.11503422
124376000,-0.4366556,0.30163258,-0.3508223
124384000,0.701727,-0.041996237,-0.003206618
124388000,0.8637047,-0.564115,0.38940895
124392000,0.24787024,-0.69747543,0.46399784
124396000,-0.15142092,-0.476793,-0.081566125
124400000,-0.034657344,-0.19132891,-0.46484917
124404000,-0.19454655,0.10639322,-0.16170576
124408000,-0.49862832,0.108986154,-0.10811293
124412000,-0.49581635,0.12442296,-0.37014717
124416000,-0.2073206,0.03997686,-0.051599547
124420000,0.14470236,-0.24859881,0.29072586
124424000,0.070241824,-0.055825934,0.10112655
124428000,-0.17080578,0.4331542,-0.1179296
124432000,-0.22503582,0.18407965,-0.055544972
124436000,-0.24624735,-0.590867,-0.1654304
124440000,0.25572252,-0.6098737,-0.4895826
124444000,0.70263183,-0.03507258,-0.45457214
124452000,0.076978736,0.21545407,-0.33894542
124460000,-0.12977691,0.041093245,-0.2769959
124464000,-0.12787281,-0.35875407,-0.31562388
124468000,-0.53016335,-0.46022254,0.31229308
124476000,-0.61508554,-0.4391439,-0.003383488
124480000,-0.07287427,0.33526424,-0.4712685
124488000,0.56515473,-0.1484142,-0.3107937
124492000,0.47211576,-0.65681475,-0.04347208
124496000,0.002751723,-0.5719156,0.08049467
124500000,-0.23234573,-0.14985836,-0.20757529
124504000,-0.23943368,0.15586516,-0.34109795
124508000,-0.1604523,-0.0887971,-0.14931804
124512000,0.27826494,-0.30952474,-0.026615359
124516000,0.32803026,0.33512002,-0.3427689
124524000,0.15716173,0.74896514,-0.57255083
124528000,-0.008292839,0.19814293,-0.008739427
124536000,-0.6358817,-0.698783,0.50027573
124540000,-0.0723543,-0.51510763,0.11966866
124544000,0.6159213,0.011668205,0.023717478
124548000,0.64356035,0.16602793,-0.12079939
124552000,0.26181072,0.10559684,-0.3930145
124556000,0.11505798,0.42580405,-0.3906205
124560000,-0.1115938,0.22868572,0.21736468
124564000,-0.51943785,-0.2655064,0.7471252
124568000,-0.39225918,-0.06348769,0.61041546
124572000,0.24895258,0.12812059,-0.15829253
124580000,0.38893148,-0.031688243,-0.247729
124584000,-0.3571604,0.13715455,0.35667467
124588000,-0.64713377,-0.2068676,0.005324602
124592000,-0.21031433,-0.77997404,-0.47688478
124596000,-0.069529444,-0.7408778,-0.40947807
124600000,-0.09629923,-0.2653602,-0.3110966
124604000,0.123207636,0.040068943,-0.32420304
124608000,0.07820846,0.08217394,-0.10741618
124612000,-0.23379648,-0.2571148,0.007310692
124616000,-0.42969903,-0.21250224,-0.11287794
124620000,-0.46428716,0.432019,-0.24999842
124628000,0.08325732,0.15248069,-0.5589237
124632000,0.3499314,-0.06654742,-0.14158271
124636000,0.3105009,-0.04067086,0.08645414
124640000,0.033998333,-0.21957149,0.19977649
124644000,-0.19082737,-0.48067275,0.19510838
124648000,-0.13432342,-0.30636367,0.13061947
124652000,-0.08815598,-0.12555504,-0.1309185
124656000,0.11493089,0.040683456,-0.30306095
124664000,0.638169,0.048565723,-0.55950314
124668000,0.5110028,-0.01607224,-0.51988393
124672000,0.1445846,0.028373905,-0.36719668
124676000,0.016249496,-0.29188234,-0.16857965
124680000,0.103367195,-0.82119834,0.20482168
124688000,-0.38829952,0.21192342,-0.2207925
124692000,-0.71132404,0.8216318,-0.24063574
124696000,-0.53994626,0.41204953,-0.06739557
124700000,-0.2159026,0.07296841,-0.036561646
124704000,-0.03692386,-0.08087966,-0.008000363
124707999,0.14814937,-0.4038422,0.15160634
124716000,0.5369417,0.13721009,0.09400235
124719999,0.39721912,-0.033777744,-0.38278472
124724000,0.24580687,-0.3896826,-0.3779848
124728000,0.5012443,-0.27262646,0.10597086
124731999,0.27802396,0.021353446,0.2513914
124736000,-0.3366457,0.13359003,-0.17599264
124740000,-0.3150563,0.23172003,-0.5989763
124743999,0.17693464,0.43568012,-0.6067277
124748000,0.57445014,0.4369263,-0.40655735
124752000,0.3002061,-0.040945888,0.027173147
124755999,-0.5776698,-0.6550196,-0.004953295
124760000,-0.9599908,-0.6328325,-0.45757365
124764000,-0.513801,0.11936411,-0.36213696
124772000,0.39567876,0.3254395,0.127649
124776000,0.3122029,0.076178975,0.42992067
124780000,0.26013294,-0.052328184,0.1378169
124784000,0.10212283,-0.47669184,-0.6640599
124788000,-0.16785164,-0.66544497,-1.3720653
124792000,-0.4168989,-0.30593285,-1.2465403
124796000,-0.382187,-0.13413459,-0.4735376
124800000,-0.15790741,-0.13974324,0.19701582
124804000,0.040152468,-0.074616596,0.7253819
124812000,0.17087111,0.13355969,0.5816172
124816000,-0.28508577,0.5049072,-0.30890587
124820000,-0.5215396,0.3038033,-0.8882067
124824000,-0.23311646,-0.10016905,-0.7514345
124828000,0.2908249,-0.41199076,-0.1423963
124831999,0.48350483,-0.31308585,0.19382869
124836000,0.043732792,0.19449219,-0.1978977
124840000,-0.4402208,0.58111644,-0.6700307
124843999,-0.20696166,0.6434273,-0.40898934
124848000,0.011030157,0.17099816,0.09073695
124852000,-0.062818944,-0.36944285,0.29117227
124855999,0.17423001,-0.6267773,0.3066312
124860000,0.48830083,-0.7705742,-0.12655678
124867999,0.7138326,0.14971894,-0.09992069
124872000,0.24262923,0.16293767,-0.060702905
124876000,-0.30346254,0.07916075,-0.004795246
124884000,-0.1961181,-0.28012097,0.1679627
124888000,0.18388262,-0.6070074,-0.20095772
124891999,0.3227688,-0.17669308,-0.08608177
124896000,0.19214009,-0.011411317,0.25746894
124900000,-0.059652265,-0.18560508,-0.16705821
124903999,-0.65618265,0.042088777,-0.63910365
124908000,-0.70542186,0.12012534,-0.27856246
124915999,0.62954897,0.008097719,-0.029489681
124920000,0.36145926,0.55190814,-0.10135327
124924000,0.13815606,0.47423744,-0.08033469
124927999,0.14130598,-0.3438595,-0.3756625
124932000,-0.20699066,-1.0264983,-0.49139208
124936000,-0.57065994,-1.033452,-0.11904214
124944000,0.45316964,0.35956883,-0.041279655
124948000,0.30633968,0.672124,-0.50523645
124956000,0.74158597,-0.004121572,-0.33389956
124960000,0.60585123,0.026374653,-0.3558739
124963999,0.2851888,0.058905862,-0.09567721
124968000,-0.011469312,-0.033859596,0.37626898
124972000,-0.3141241,0.052955553,0.21666366
124975999,-0.47142208,0.10509725,-0.11121332
124980000,-0.5521595,0.27229792,-0.32283223
124984000,-0.56898236,0.4311293,-0.61787546
124987999,-0.14278853,-0.006584048,-0.5446148
124992000,-0.0661927,-0.4035899,-0.44391608
124996000,-0.5246642,-0.1140756,-0.46075565
125004000,0.48433554,-0.251407,0.14039479
125008000,0.56292796,-0.3417773,0.40500852
125012000,0.4898115,-0.1628617,0.32679376
125020000,-0.37264615,0.5190087,-0.30859616
125028000,0.19413304,0.25990385,0.009304106
125032000,0.35124692,-0.32111976,-0.28082955
125036000,0.5018504,-0.70088947,-0.5331129
125040000,0.23626092,-0.5271294,-0.041369557
125044000,0.009337887,-0.09614383,0.15935831
125048000,0.27763912,0.24428205,-0.26507866
125052000,0.23515597,0.33951992,-0.74611104
125056000,-0.27998304,0.08695693,-0.70822084
125060000,-0.1987814,-0.42485368,-0.15980205
125064000,0.02303372,-0.38838324,0.16843086
125068000,-0.13415262,0.14950036,0.004234262
125076000,-0.37667793,-0.2920535,0.6125932
125080000,-0.12861276,-0.053047985,0.49827158
125087999,-0.10906947,-0.15109973,-0.06391972
125092000,-0.25243548,0.21002197,0.47280246
125096000,0.07929514,0.35383856,0.35075328
125104000,0.4505439,-0.7125015,-0.9281874
125108000,0.5303047,-0.3965698,-0.71050656
125111999,0.10090132,-0.13608028,-0.13470522
125120000,0.3697502,0.58151156,0.07440455
125123999,0.21079516,0.4560671,0.37208062
125128000,-0.3597038,-0.052679658,-0.061689377
125135999,-0.103163935,-0.639897,-0.712258
125140000,-0.1531131,-0.6816138,0.119822234
125144000,0.060028374,-0.27224153,0.11516975
125147999,0.8656206,0.31571245,-0.42788666
125152000,1.1017077,0.6740792,-0.39757377
125156000,0.5900967,0.60833293,-0.4609658
125159999,-0.124421954,0.09955734,-0.63867086
125164000,-0.6421887,-0.3148485,-0.040764272
125168000,-0.41572574,-0.44103795,0.4406026
125171999,0.09632404,-0.48858166,0.2834328
125176000,-0.060999133,-0.38261393,0.18238683
125180000,-0.19176184,-0.17084135,0.13751274
125183999,0.08213858,-0.3513626,0.48244986
125188000,-0.06777921,-0.27000198,0.8683779
125192000,-0.39334095,0.3685282,0.090587735
125195999,-0.36725265,0.19854952,-1.1399714
125200000,-0.05946526,-0.27888453,-1.3527162
125207999,0.39631858,0.32851833,-0.16456728
125212000,0.2053957,0.11682309,-0.06968765
125216000,0.35039505,0.19955696,0.12610081
125224000,0.83492017,-0.11352041,0.029069275
125228000,0.64626396,-0.44499928,-0.000930103
125231999,0.06829482,-0.6225093,-0.051892783
125236000,-0.42000675,-0.16013888,-0.47289526
125243999,-0.47087717,-0.06040038,0.117391914
125248000,-0.7501276,-0.08370675,0.10319481
125252000,-0.44438332,0.07621359,-0.29770905
125255999,0.10957563,-0.018841278,-0.33363992
125260000,0.44212404,-0.3571896,-0.25437257
125268000,0.30454615,-0.028708294,0.025333792
125272000,0.051073197,0.09172511,0.07151268
125276000,0.064738005,0.17072846,0.22355661
125280000,0.22137505,0.057521023,-0.003830358
125284000,0.24234602,-0.009550329,-0.56075436
125288000,0.16452079,0.09232824,-0.53168625
125292000,0.19560155,0.39874992,0.025656074
125296000,0.3589729,0.48564696,0.21673971
125304000,-0.15059406,-0.7254714,-0.123215266
125308000,-0.05415617,-0.4014537,-0.037389472
125312000,0.08364454,-0.16457184,0.003552727
125316000,0.19101197,-0.16718549,0.19783354
125320000,0.19561222,0.17201927,0.2254281
125328000,-0.5433558,-0.00446029,-0.4180383
125331999,-0.09155032,-0.2693218,-0.042444617
125336000,0.68735784,-0.031213775,0.4413725
125340000,0.5127057,-0.017211094,0.2606093
125348000,-0.1698901,0.093250155,-0.6812114
125355999,0.038806166,0.33638406,-0.48090452
125360000,-0.55686855,0.30495504,-0.02648509
125364000,-1.0930948,0.12823188,0.05239889
125367999,-0.73008955,-0.334889,-0.19294144
125372000,0.20568125,-0.645888,-0.626493
125376000,0.72358376,-0.5391504,-0.6873268
125384000,0.4038577,-0.14114937,-0.32568046
125388000,-0.22772084,-0.25649,-0.21443757
125391999,-0.86938393,-0.25194553,0.12977043
125396000,-1.1543288,-0.17371449,0.5219749
125400000,-0.7650301,0.13457349,0.1708888
125403999,0.11348544,0.57633233,-0.4426031
125408000,0.6741042,0.61811876,-0.6085049
125415999,-0.08013446,-0.70927256,-0.48335683
125420000,-0.08525404,-0.9483063,-0.27271467
125424000,-0.34669685,-0.4103531,0.09671332
125427999,-0.7260534,0.21449926,0.7442944
125432000,-0.27845937,0.5570668,0.79988396
125436000,0.27270114,0.3203615,0.18476985
125439999,-0.022060513,-0.07618065,-0.37394738
125444000,-0.27806637,-0.13249944,-0.48866147
125448000,-0.12334649,0.014989518,-0.17942284
125451999,-0.08539896,0.592086,-0.0791655
125456000,-0.15584588,0.747493,-0.47139513
125463999,-0.16431242,-0.38965523,0.17784308
125468000,-0.40234575,-0.17442465,0.3486085
125472000,-0.6949541,0.03806178,0.09287186
125480000,-0.6480398,-0.55903006,-0.3913573
125487999,0.56813383,-0.10604033,-0.12975976
125492000,0.6332885,-0.2004768,-0.009309266
125496000,0.118330434,-0.15359558,-0.20373847
125504000,-0.41810378,-0.330197,-0.55085754
125508000,-0.3562592,0.021994933,-0.3020848
125512000,-0.5718088,0.62304854,0.20488778
125516000,-0.91460377,0.88814807,0.39320004
125520000,-0.66530275,0.49130744,0.3187599
125524000,-0.1368596,0.001001895,0.1259727
125528000,0.015191879,-0.3402902,-0.43119937
125536000,-0.18352136,-0.61726695,-1.0290648
125544000,0.17628995,0.4611431,0.01524112
125548000,0.02214124,0.3338579,-0.08435028
125552000,-0.7479428,0.13344234,0.26355928
125556000,-1.0440221,0.20623179,0.27112448
125564000,-0.2196238,-0.40053713,-0.034060076
125568000,0.48645163,-0.8142274,0.3193527
125572000,0.5617807,-0.43383914,0.11061887
125580000,-0.11179848,0.04905455,-0.69525796
125584000,-0.47238487,-0.23617359,-1.030448
125592000,-0.58525825,0.5317485,0.23800005
125596000,-0.1168192,0.8407232,0.43159968
125599999,-0.050152615,0.46818703,0.30349094
125604000,-0.12687069,-0.22329317,0.12414709
125608000,-0.13834402,-0.48857462,-0.24041174
125611999,-0.29425773,-0.16339247,-0.6787379
125616000,-0.3440898,0.10953934,-0.6383226
125620000,-0.26324466,0.12039061,-0.12062658
125623999,-0.12688261,-0.010453783,-0.08579327
125628000,0.07461922,-0.16006552,-0.11780223
125632000,0.07620996,-0.118267685,0.065337606
125635999,-0.3712052,0.05167027,-0.22119462
125640000,-0.55104905,-0.03534634,-0.18457533
125647999,-0.28261593,-0.03514266,0.14485383
125652000,-0.3847678,-0.05938469,-0.20453121
125659999,-0.7280168,0.6284254,-0.4044069
125664000,-0.16190796,0.38287944,0.11164895
125668000,0.23067737,0.005506252,0.44781432
125671999,-0.22176535,-0.16903803,0.04197423
125676000,-0.38100156,0.07580533,-0.66948044
125680000,0.051062852,0.1181766,-0.86861813
125683999,0.13301858,-0.5302706,-0.57615745
125688000,-0.1148552,-0.78079456,-0.30700836
125692000,-0.22770585,-0.32340893,-0.24824446
125695999,-0.32463774,0.3090657,-0.1741144
125704000,-0.6161473,0.12875625,-0.06907049
125707999,-0.5487963,-0.113397196,-0.22469574
125712000,-0.24572505,0.054861568,-0.18660814
125716000,0.015071131,0.16442156,0.14892119
125719999,-0.06512186,0.1482781,0.18647632
125724000,-0.1583358,0.33571908,0.02005595
125728000,-0.28858215,0.45383158,-0.112891294
125731999,-0.67678607,0.035409495,-0.4314051
125736000,-0.7149073,-0.53518844,-0.64444757
125740000,-0.36218685,-0.71057993,-0.47596732
125748000,-0.07074665,0.36537045,0.1331649
125755999,0.57303834,-0.046752468,-0.07444829
125760000,0.6492878,-0.2422882,-0.49643856
125764000,0.122424535,-0.54244334,-0.7265527
125768000,-0.6151447,-0.6858022,-0.4518841
125776000,-0.35638225,0.59386766,-0.23228435
125780000,-0.4020545,1.0809746,-0.586427
125788000,0.3044718,-0.29128706,-0.1321538
125792000,0.23157418,-0.78306353,0.32133836
125796000,-0.11959333,-0.73873574,0.18651126
125800000,-0.28973776,-0.36856347,-0.18982783
125804000,-0.36829206,0.32898787,-0.22988464
125812000,0.18052676,0.3775681,-0.56958365
125816000,0.54754066,0.255234,-0.5483407
125820000,0.34342724,0.1883468,-0.36641216
125824000,-0.15468973,-0.21800196,-0.13443394
125828000,-0.5298291,-0.36085215,0.05889818
125831999,-0.49630302,-0.089322805,0.55988884
125836000,-0.102083966,0.059866548,0.9740333
125840000,0.06417511,-0.39402765,0.27260667
125848000,-0.36243758,0.019209564,-1.4239781
125852000,-0.35614622,0.05017379,-0.5470142
125855999,-0.5423838,0.11819811,0.18953033
125860000,-0.70182264,0.55312645,0.30463082
125864000,-0.43041223,0.14610678,-0.005146712
125867999,0.19442666,-0.5136824,-0.20791273
125872000,0.6128427,-0.5611148,-0.23306045
125876000,0.2665119,-0.62560016,-0.42065156
125879999,-0.29684588,-0.48999828,-0.6242293
125884000,-0.19108874,0.32608843,-0.67596024
125888000,0.18762732,0.88586324,-0.46056533
125891999,0.2100049,0.4951734,0.09288871
125900000,-0.13993075,0.063338935,0.09391247
125903999,-0.3853642,-0.06865215,-0.25188574
125908000,-0.45059273,-0.59803265,-0.23098469
125912000,-0.14614964,-0.5923752,-0.17819738
125915999,0.37784022,-0.2714197,-0.050700523
125924000,0.056581482,0.122907475,-0.4113667
125927999,0.005458031,0.20566341,-0.23329476
125936000,0.42644608,-0.052684236,-0.23774998
125939999,0.2676971,0.003659943,-0.055403702
125948000,-0.7391837,-0.56213564,-0.20220502
125951999,-0.46577263,-0.30387425,-0.29402065
125956000,-0.0263592,-0.28617328,-0.35212332
125960000,0.038689442,-0.008845434,-0.47535127
125963999,0.15199444,0.47769055,-0.38446787
125968000,0.19278026,0.19043094,-0.39766863
125975999,-0.33540273,-0.16052888,-0.8169144
125980000,0.112721086,0.43178895,-0.33610442
125984000,0.2959313,0.3042849,-0.18629242
125987999,-0.00476186,-0.45815557,-0.3175304
125992000,-0.07761273,-0.54909146,0.038762763
125996000,0.041149557,-0.1354746,0.10895521
125999999,0.13791578,0.14314696,-0.416057
126004000,-0.0444242,0.3102108,-0.4258378
126008000,-0.19184804,0.14226048,0.09980811
126012000,0.26890102,-0.26991662,0.35330567
126016000,0.7323803,-0.5842894,0.26620352
126020000,0.49933213,-0.7625501,-0.09529296
126028000,0.2793352,0.059153274,-0.23318785
126032000,0.25603223,0.4040439,-0.35240227
126036000,-0.13001099,0.39932397,-0.6656508
126040000,-0.23331724,0.04267811,-0.47299778
126044000,-0.13128011,-0.43918258,-0.16396618
126052000,-0.15807953,0.14845899,-0.5670454
126060000,0.24322295,0.19584046,-0.8926994
126064000,0.063471325,0.6547645,-0.46875197
126068000,-0.6300744,0.78577054,0.43923807
126072000,-0.44841057,0.109164,0.5993458
126076000,0.18244627,-0.49111822,0.36853772
126084000,0.5772663,-0.47857755,-0.36103174
126087999,0.51067775,-0.15280165,-0.57025254
126092000,0.21471375,0.21703975,-0.36080253
126096000,0.33113512,0.23007748,-0.47206214
126104000,-0.2626999,-0.4018789,-0.6423826
126108000,-0.8707,-0.75542176,0.009328231
126111999,-0.7561212,-0.21615526,0.30462918
126116000,0.10726397,0.34324405,0.02353333
126120000,0.7295498,0.053170785,-0.36383778
126123999,0.48703876,-0.10197836,-0.4759264
126128000,0.006501909,0.22468078,-0.14708969
126132000,-0.097748995,0.50609833,0.14995076
126135999,0.15575817,0.4838729,-0.26305145
126140000,0.18396327,-0.032984093,-0.70246613
126144000,0.16695043,-0.3419537,-0.32126045
126152000,0.32226136,0.14863068,0.44704783
126156000,0.25673923,0.11671401,0.24888292
126159999,0.26926872,0.2709646,-0.47133458
126164000,0.079237916,-0.04286772,-1.1287868
126168000,-0.1741423,-0.45607847,-1.025795
126171999,-0.40327597,-0.22289956,-0.49146765
126176000,-0.069473326,-0.032189578,-0.27400985
126180000,0.44431308,-0.087685145,-0.11676504
126188000,-0.5133425,0.257219,0.072276905
126192000,-0.2019559,0.39791316,-0.3697839
126195999,0.4332241,0.40402558,-0.5155107
126200000,0.5087156,0.3940001,-0.3326689
126204000,0.32436222,-0.02105543,-0.016393572
126207999,-0.116605274,-0.49041098,0.09188731
126212000,-0.43962684,-0.18138689,-0.015526153
126219999,0.1663697,-0.066503175,-0.2945101
126224000,-0.13733411,-0.50438184,-0.28753605
126228000,-0.012462989,-0.11561109,-0.24133722
126236000,-0.7027459,0.2869488,-0.31892076
126240000,0.09933591,-0.24009562,-0.25170228
126243999,0.8678601,-0.47500363,-0.16552767
126248000,0.7906897,-0.07841182,0.005101159
126255999,0.15505952,-0.265856,-0.3068943
126260000,-0.05909208,-0.12433387,-0.43824148
126264000,-0.19515865,0.031762533,-0.18894452
126272000,0.07353071,0.63483495,-0.6013415
126276000,-0.0446035,0.10243295,-0.5408256
126280000,-0.14468724,-0.37053683,-0.299866
126284000,0.3398918,-0.066309795,-0.11394185
126288000,0.53732014,0.09161648,-0.17799993
126292000,0.16874674,-0.118901625,-0.3614009
126296000,-0.23049505,0.03818654,-0.29666206
126300000,-0.39768103,0.41515097,-0.5846423
126304000,-0.17079781,0.2752622,-0.73820823
126312000,0.45055616,-0.040778957,0.11776731
126316000,-0.14077014,-0.1554198,-0.072027266
126320000,-0.22491404,-0.26330996,0.19462319
126324000,0.057575323,-0.012302712,0.25822586
126328000,0.090328336,0.1547761,-0.10983624
126331999,0.4127139,0.27989998,-0.64159554
126336000,0.88398457,0.2256847,-1.1105492
126340000,0.5453135,-0.25950065,-0.80917084
126343999,-0.28544998,-0.3249915,0.27502164
126348000,-0.48561198,0.032150462,0.79416454
126352000,-0.1558365,0.23503393,0.5147129
126355999,0.09778264,0.75428253,0.0040299
126360000,0.2797054,0.86809486,-0.6225547
126367999,0.012539126,-0.15378469,-1.0342175
126372000,0.020570263,0.11459887,-0.59998584
126376000,0.2735681,0.0664828,-0.08969563
126384000,0.35328037,-0.5087518,0.2860187
126388000,0.19019412,-0.26551062,0.16312745
126391999,-0.096272305,-0.28813604,0.07068379
126396000,-0.07165727,-0.050448038,-0.41501808
126400000,0.08716021,0.2874364,-0.72723186
126403999,0.03139621,0.25064033,-0.6124991
126408000,0.19635595,0.16286862,-0.5737705
126415999,0.7216673,-0.08917737,0.009017058
126420000,0.59906065,-0.016240273,-0.17405544
126427999,-0.38608673,0.44343764,-0.5236398
126432000,-0.4919107,0.3245393,-0.069331735
126436000,-0.22408628,0.23460999,0.23175769
126444000,-0.56086975,-0.46413094,0.09299806
126451999,0.67127717,-0.28486064,-0.14225435
126456000,0.3493717,0.16990174,-0.11488269
126460000,0.342518,0.42449093,-0.42118827
126463999,0.2588099,0.08801834,-0.5728344
126468000,-0.048622765,0.29758486,-0.40895844
126472000,-0.03854654,0.68278015,-0.07384384
126475999,0.2134298,0.42508006,0.14017676
126480000,0.87412226,-0.4148935,0.030217096
126484000,0.89513135,-0.7666688,-0.06496067
126487999,-0.026164025,-0.04714465,-0.13179854
126492000,-0.12352003,0.47709203,-0.37053868
126496000,0.3224493,0.3835104,-0.6911797
126499999,0.20473231,0.06994618,-0.6088138
126504000,-0.08897193,-0.110326506,-0.0938535
126508000,-0.24785408,0.11633721,0.09063827
126516000,-0.5177662,0.08724618,0.39716104
126520000,-0.36417,-0.23255381,0.08454414
126528000,0.819273,-0.001816481,-0.9254447
126532000,0.92488503,0.36598024,-0.47019753
126536000,0.7111683,0.16002014,-0.22110495
126540000,0.7278769,-0.16780502,-0.4116617
126544000,0.48787785,-0.37788746,-0.33353657
126548000,0.10782162,-0.31494856,0.092124104
126552000,-0.15501149,-0.1434505,0.054488055
126556000,-0.2187995,0.016672324,0.06964354
126560000,0.08448327,0.066506565,0.2504938
126564000,0.29111308,-0.18510184,-0.2897445
126568000,0.015790328,0.14911495,-0.7616843
126572000,-0.39053535,0.679108,-0.44933102
126576000,-0.11801918,0.5380337,-0.0276073
126580000,0.6363754,0.13041133,-0.012134969
126584000,0.8891735,-0.20754144,-0.38487902
126587999,0.5170393,-0.261193,-0.71213275
126592000,0.023771062,-0.08695884,-0.5209701
126599999,0.051010866,0.36272424,0.26566085
126604000,-0.1532038,0.19998461,0.13713709
126608000,-0.19343443,-0.022347748,-0.01448204
126611999,0.4062896,0.12157828,-0.20330583
126616000,0.9740585,0.5596726,-0.45380452
126623999,0.011273399,0.36076218,-0.28930566
126632000,-0.2714013,-0.1543631,0.29678428
126635999,0.2711259,-0.8020638,0.58485776
126640000,0.6424681,-0.7943054,0.03996718
126644000,0.5264881,-0.17080414,-0.6113788
126647999,0.19952294,0.10175838,-0.62951016
126652000,-0.20426932,0.14454274,-0.116439655
126656000,-0.03787174,0.40001366,0.3402424
126659999,0.6792662,0.60086465,0.21827076
126664000,0.757972,0.20398816,-0.030681606
126671999,-0.74698395,-0.555444,-0.3524996
126676000,-0.68768394,0.071452305,-0.44645467
126683999,0.8700703,0.07662135,-0.39641166
126688000,1.0317981,0.25306624,-0.05824992
126692000,0.44226235,0.5326092,-0.35437813
126695999,-0.3353913,0.32198694,-0.9121724
126700000,-0.2712031,-0.11851184,-0.49421403
126704000,0.24697588,0.009751022,0.27550384
126707999,0.33790672,0.425567,0.22957274
126716000,-0.14037104,-0.11968686,0.24774662
126719999,0.0656331,-0.5430044,0.44971973
126724000,0.48764616,-0.24893081,-0.011651591
126728000,0.6398239,0.005100459,-0.6168156
126731999,0.6494428,-0.051432453,-0.87672526
126736000,0.5111542,0.38277146,-0.52227026
126740000,0.10966823,0.5701412,-0.007129178
126748000,-0.082894795,-0.12414436,-0.20929193
126752000,-0.00497875,-0.14185005,0.31106478
126755999,-0.097111546,-0.36193585,0.45250905
126764000,0.5991401,0.24730873,-0.7670009
126768000,0.4506626,0.13331783,-0.20415929
126772000,-0.09085828,0.02718193,0.17940189
126780000,-0.07969632,0.3414255,-0.94954294
126784000,0.41203249,0.8131439,-0.58315605
126792000,0.70289147,-0.078804,-0.043235697
126800000,0.4695284,-0.7228998,-0.2126265
126804000,0.3531186,0.34531066,-0.11916635
126808000,0.001696006,0.8377686,0.1033238
126812000,-0.37437958,0.31235155,0.06641707
126820000,-0.13247989,-0.43570873,0.019433174
126824000,-0.045614924,-0.6777359,-0.32241234
126831999,0.16346672,0.10208495,-0.13304232
126836000,0.16214636,0.26164564,0.25471923
126840000,0.29298145,0.2589227,-0.24944738
126843999,-0.17903541,0.5435861,-0.6161591
126852000,0.401771,0.33737165,-0.05513586
126855999,0.7098051,0.13568386,-0.08060316
126860000,0.6177183,0.18626203,0.19038329
126864000,0.6072343,0.39579237,0.17693669
126872000,0.21021673,-0.09972654,-0.08190584
126876000,0.11779492,-0.37012577,-0.15569289
126879999,0.2697304,-0.28943002,-0.4590216
126884000,0.3940766,0.23197128,-0.84245354
126891999,0.051790755,-0.5150062,-0.1641024
126896000,0.2548703,-0.9148338,0.5098111
126900000,0.44983315,-0.36184925,0.7479987
126903999,0.5090522,0.39305386,0.2934646
126908000,0.24137822,0.5699666,-0.226217
126915999,-0.12333788,-0.23363937,-0.51858205
126920000,-0.10082752,0.10298622,-0.4209103
126924000,-0.011736177,0.38772663,-0.07184826
126927999,0.26902816,0.5923589,-0.002951298
126932000,0.21960416,0.6996555,0.017214399
126936000,0.053616066,0.46369767,0.22175434
126939999,-0.067804,0.0636428,0.100791216
126944000,-0.22889385,-0.09561276,0.003376525
126948000,0.03615129,-0.23202556,-0.017026298
126951999,0.6953115,-0.5211007,-0.5421232
126956000,0.99473816,-0.5205515,-0.73474985
126960000,0.607742,-0.32310694,-0.4361926
126963999,0.00412029,-0.4101066,-0.25681144
126972000,0.02860941,-0.04121919,-0.24873844
126975999,0.6204076,0.38695028,-0.53098154
126980000,0.50349206,0.69428796,-0.54399043
126984000,-0.094613075,0.6243465,-0.1291124
126987999,-0.3847702,0.49529538,0.15403351
126992000,-0.06397704,0.5286143,0.1206976
126996000,0.4079531,0.27218425,0.29400498
126999999,0.28884095,-0.16778286,0.49098176
127004000,-0.002682723,-0.23887414,0.07311526
127008000,0.23639934,-0.001099944,-0.20011394
127016000,0.586267,-0.44930512,-0.20301835
127020000,0.26396415,-0.2691903,-0.36955148
127024000,0.080663644,0.15275204,-0.3697646
127028000,0.09101862,0.57512987,-0.11619446
127032000,0.16253778,0.55914605,0.6121208
127036000,0.13523212,0.12239124,0.9086535
127040000,0.23171705,-0.014570378,0.08851212
127044000,0.3960932,0.24436672,-0.67100567
127048000,0.47066385,0.33932468,-0.8190237
127052000,0.61528164,0.1274857,-0.94768167
127056000,0.5828564,0.055166528,-0.78075147
127060000,0.056370124,0.171984,-0.3561502
127068000,0.06010604,-0.000660203,0.56778187
127072000,0.3965059,0.32151696,0.2871598
127076000,0.3901404,0.43178368,-0.009195505
127080000,0.42109975,0.24005821,-0.006402552
127087999,-0.05461371,-0.44589597,-0.36674377
127092000,0.12279009,-0.24758378,-0.20777024
127096000,0.15889779,0.12346901,-0.19150649
127099999,-0.08874415,0.29726267,-0.4785718
127104000,0.057211533,0.23410054,-0.2052231
127108000,0.018944986,0.13042362,0.41856807
127111999,-0.14999823,0.31128433,0.43958908
127116000,0.19785507,0.6197026,-0.20042476
127123999,-0.03464353,0.14580962,-0.44911402
127128000,-0.04883101,0.10948322,-0.4315606
127132000,0.4329146,-0.008725777,-0.43026388
127140000,0.58577406,0.15493625,-0.10747817
127144000,0.11712172,0.8117395,0.1193824
127152000,0.061286923,-0.41304928,0.11464201
127156000,-0.42025018,-0.21071725,0.013060048
127164000,0.26589715,-0.21644686,0.20838214
127168000,0.60621196,0.06035532,0.23089452
127171999,0.4111119,0.19256493,-0.14968735
127176000,0.42313498,0.25987744,-0.21049948
127180000,0.6310688,0.42666787,-0.13715592
127188000,0.46147418,-0.039719,-0.15098187
127192000,0.65089667,-0.27002278,-0.14299326
127195999,0.6235654,-0.27058166,-0.4205126
127200000,-0.09749302,0.0823894,-0.5167387
127204000,-0.5821739,0.05045791,-0.42972067
127212000,-0.43878785,-0.43554547,0.7964509
127216000,0.24377133,-0.150412,0.8510849
127219999,1.0009719,-0.07366341,0.010635942
127224000,0.6476556,0.07111812,-0.74428135
127228000,0.06176071,0.28667647,-0.85322696
127231999,0.25908154,0.16231921,-0.58782256
127236000,0.4085709,0.17676792,-0.20195846
127240000,-0.26022065,0.48871034,-0.1482636
127243999,-0.74970317,0.53444046,-0.024162196
127248000,-0.1522865,0.25222865,0.29788065
127252000,0.7017909,-0.3472719,0.26906908
127255999,0.9345535,-0.7088789,0.25048143
127264000,-0.20329666,-0.021708276,-0.5979807
127268000,-0.107027546,0.061687645,-0.6220554
127272000,0.20376034,0.26615235,-0.12886356
127276000,0.31828406,0.5654085,0.27286437
127280000,0.32531318,0.7581251,0.3024383
127284000,0.4775275,0.6236627,0.25582674
127288000,0.7778202,0.07654787,0.2845018
127292000,0.5146636,-0.33724648,-0.14418745
127296000,-0.20070085,-0.24540557,-0.6598261
127300000,-0.380588,-0.19871709,-0.5345947
127304000,0.078601316,-0.25412828,-0.5037739
127308000,0.42611903,0.008738294,-0.30791682
127312000,0.48631752,0.29179814,0.44967532
127316000,0.59169596,0.28208858,0.5773604
127320000,0.5160538,0.26871997,0.28520826
127324000,0.17432588,0.14774829,0.31549075
127328000,-0.030395072,-0.40399855,0.38273054
127331999,-0.000654731,-0.5122357,0.27779153
127340000,0.06369929,0.41448104,-0.4570283
127348000,-0.1452979,-0.11155878,-0.6261389
127352000,0.1178602,-0.4730374,-0.8149248
127355999,0.28162873,-0.36431122,-0.29597598
127360000,0.38556972,-0.1000009,0.28806514
127364000,0.47096255,0.24145344,0.50127286
127367999,0.22936487,0.4611442,0.07181251
127372000,-0.10548809,0.42253873,-0.48174798
127376000,-0.081732124,0.30166924,-0.2129012
127379999,0.004817845,0.03049064,0.099865496
127384000,-0.18596663,-0.20498545,-0.122983456
127388000,-0.25195095,0.21970686,-0.286433
127391999,0.21237016,0.6975948,-0.18375434
127396000,0.57328176,0.3069148,0.0870115
127403999,0.3789069,-0.30518696,0.16218865
127412000,0.2786457,-0.4404579,0.045023233
127415999,0.07756536,-0.31592837,-0.3149216
127420000,-0.054781366,-0.2545866,-0.572092
127424000,-0.13392292,0.25575274,-0.46351558
127427999,-0.099357806,0.60737413,-0.13222347
127432000,0.24215674,0.43530852,0.65786666
127436000,0.74666864,0.13647327,1.0016989
127439999,1.0651845,-0.27871016,0.1932418
127444000,1.035096,-0.53336406,-0.31688815
127448000,0.37103772,-0.35301596,-0.16148901
127451999,-0.20581827,0.086273625,-0.1637653
127456000,0.1685037,0.3348323,-0.5341326
127460000,0.3964489,0.52058506,-0.5935178
127463999,0.010666072,0.7963065,0.1551202
127468000,-0.49537447,0.41778493,0.5108975
127472000,-0.7802766,-0.5074962,-0.10155776
127480000,0.3721333,-0.5804288,-0.18933715
127484000,0.28032997,0.4124392,-0.0892488
127492000,0.51092094,0.31372112,-0.41903037
127499999,-0.08112317,-0.3445678,0.5271299
127504000,0.25539213,-0.33153573,0.49910474
127512000,0.47062352,0.9733384,-0.024155779
127516000,-0.052322477,0.8412208,-0.10190185
127520000,-0.31016716,0.18657044,-0.175156
127524000,0.25328916,-0.33843002,-0.32819983
127532000,0.32545125,-0.24181965,0.29790753
127536000,0.122995876,0.34922126,0.41956055
127540000,0.5493898,0.6284743,0.11497989
127544000,0.33750802,0.09865354,-0.088905916
127548000,-0.1708763,-0.49205825,-0.35577196
127552000,-0.34089017,-0.49648452,-0.26613647
127560000,0.11716537,0.11753011,0.16358256
127568000,0.6716241,0.42477754,-0.20478252
127576000,0.50139445,-0.40668893,-0.37836146
127580000,0.031801492,-0.568043,-0.8413655
127584000,-0.37569413,-0.012366623,-1.007004
127587999,-0.3035146,0.6033075,-0.18115544
127592000,-0.20862037,0.7864733,0.834334
127596000,-0.12816373,0.49286544,0.76955974
127604000,0.35670224,-0.13308142,0.28620514
127608000,0.24132684,-0.18104723,0.18503703
127611999,0.6003851,-0.35425127,-0.15173109
127616000,1.0555574,-0.59308225,-0.2167443
127623999,0.23872131,0.015018374,0.08173588
127632000,0.19665302,0.49473336,-0.15611011
127635999,0.117121994,0.32275188,-0.53277993
127640000,-0.16614187,-0.15885615,-0.34694642
127647999,-0.09195066,0.35247335,0.27478278
127656000,0.48552877,0.13547745,0.6038784
127659999,0.57722634,-0.50892705,0.1298401
127668000,0.00960926,-0.50929683,-0.5783543
127671999,-0.50227845,0.006727651,-0.32518154
127676000,-0.59814906,0.5940813,-0.047703564
127680000,-0.36447513,0.89094937,0.20390765
127683999,-0.008914873,0.53201854,0.15299213
127688000,0.37867397,0.001387909,0.15833275
127692000,0.7359248,-0.16988832,0.19235513
127695999,0.8185835,-0.12259015,-0.5525627
127704000,0.54950684,0.121091835,-0.33048007
127707999,0.49603906,-0.2335159,0.3062901
127712000,0.41047108,-0.073643506,0.26940918
127716000,-0.114798635,-0.095927075,-0.045401044
127719999,-0.5552248,-0.088147745,-0.36424413
127724000,-0.35602534,0.28106004,-0.5512067
127728000,0.022876725,0.13009258,-0.024191886
127731999,0.1407509,-0.47564963,0.73081905
127736000,0.09814518,-0.7783485,0.84129894
127740000,0.3042037,-0.4876272,0.36972925
127748000,0.4335896,0.6989331,-0.20473489
127752000,0.2270909,0.4394555,0.15941705
127755999,0.014070716,0.12150989,0.05786816
127760000,0.10183851,0.37657136,-0.40460432
127764000,0.3697716,0.7446546,-0.39205715
127772000,0.3540659,-0.27723715,-0.13972616
127780000,0.16467091,-0.514248,0.07789569
127784000,-0.07231371,-0.024438098,-0.011310309
127788000,-0.35741106,0.28442937,-0.21038386
127792000,-0.11002363,-0.025698826,-0.24508552
127800000,0.30601615,-0.6030959,0.026031591
127804000,0.25414443,-0.39784253,2.64E-05
127808000,0.4417068,0.58440137,0.08668612
127812000,0.60617125,1.2183996,-0.21254686
127816000,0.3825969,1.1028247,-0.25240946
127820000,0.36103463,0.5283452,0.03506054
127824000,0.38976577,-0.16056137,0.18742517
127831999,-0.14000721,-0.79556924,0.13205984
127836000,-0.15424237,-0.6335124,-0.115233436
127840000,-0.1623267,-0.079368815,-0.08109219
127843999,0.3530131,0.040639974,0.104603216
127848000,0.6952349,-0.030308843,0.1098787
127852000,0.5867442,0.179948,0.015697284
127855999,0.34723288,0.30483317,0.062846616
127860000,-0.22054729,0.24416903,-0.03315451
127864000,-0.9391477,0.35272092,-0.047916852
127867999,-0.7670933,0.39046454,0.46307552
127872000,0.21370757,0.08290224,0.42772853
127876000,0.6603664,0.053080156,-0.15721639
127879999,0.68308955,0.28508914,-0.09429167
127884000,0.536508,0.06564323,0.4056132
127888000,0.09309238,-0.3771372,0.36071908
127891999,0.11681381,-0.496548,-0.3488165
127896000,0.2090913,-0.41737333,-0.56522876
127900000,-0.07988352,-0.21586744,-0.20548503
127908000,-0.012102291,0.4073414,0.06508426
127915999,0.60354483,-0.32576463,-0.0765966
127920000,0.22301379,-0.51434296,0.26385203
127924000,0.2564954,-0.31298512,0.2320431
127927999,0.20248812,0.11979328,0.13919324
127932000,0.09169406,0.2359347,-0.02645053
127936000,0.22819585,0.28128737,0.07494528
127939999,0.27616578,0.3812012,0.2401583
127944000,0.20719004,0.06674884,-0.05079644
127951999,0.1758741,-0.6651409,0.28885087
127956000,0.29250044,-0.47596726,0.5084544
127960000,0.005324721,0.032342553,0.61452806
127963999,0.02024071,0.04033178,0.41336024
127968000,-0.03699992,-0.13090207,0.04326391
127975999,0.22597513,-0.33598265,-0.45147836
127980000,0.43613964,0.4649839,-0.8042536
127984000,0.52983344,0.7466738,-0.531142
127987999,0.49816012,0.0702264,0.07831969
127992000,0.09732582,-0.36333677,0.46783394
127996000,-0.30494127,-0.49092555,0.28432804
127999999,-0.3885517,-0.3778074,-0.29588228
128004000,0.02229622,0.047427952,-0.5276336
128008000,0.28187817,0.43915197,-0.0328546
128012000,0.45257163,0.6160195,0.47380015
128016000,0.5259354,0.51798874,0.397309
128020000,0.11764151,0.16796711,0.061365236
128024000,-0.060150713,-0.24161366,-0.12063494
128028000,0.17936474,-0.47708067,0.10207558
128032000,0.49970132,-0.51752764,0.21042353
128036000,0.27121776,-0.56146216,0.07022512
128040000,-0.28957155,-0.65120316,0.053288728
128044000,-0.25500333,-0.38754505,0.19110376
128048000,0.0507053,-0.14483517,0.22869703
128052000,0.13942572,-0.19410673,-0.015301451
128056000,0.2922161,0.3023591,-0.228105
128060000,0.20243543,0.8836651,-0.13531718
128064000,-0.08893302,0.8774334,-0.009239018
128072000,0.4606337,-0.3189516,-0.60155874
128076000,0.20712605,-0.92461324,-0.015917063
128080000,-0.06967816,-0.65076196,0.8494168
128084000,-0.01937397,-0.19729498,0.7068023
128092000,0.38871598,0.058501266,-0.30605122
128099999,0.4238048,-0.22419477,0.2644808
128104000,0.5646925,-0.18447796,-0.044621505
128108000,0.46063438,0.14019734,-0.23901883
128116000,-0.018335767,0.6143761,0.08971496
128120000,-0.26753184,0.5574166,-0.46910948
128123999,-0.4430969,0.10348381,-0.5348611
128128000,-0.030199036,-0.34803718,0.18308409
128132000,0.37104768,-0.41323355,0.4970529
128135999,0.2617384,-0.5524742,0.23251699
128144000,0.31742144,-0.16648604,-0.17484735
128147999,0.11320053,0.6130744,-0.25299463
128156000,0.40428048,0.28756523,0.17609009
128159999,0.72888356,0.27788395,0.21236572
128164000,0.6256193,-0.15808035,-0.115179956
128168000,0.030525252,-0.4565548,-0.09170078
128171999,-0.6320536,-0.036806315,0.1554233
128180000,0.4437958,-0.4259627,-0.18581575
128183999,1.1577679,-0.5827792,-0.40661097
128192000,0.024069786,0.5888051,-0.3059198
128195999,-0.40187955,1.0418731,0.19781981
128200000,-0.6399383,0.8854233,0.701146
128204000,-0.54846627,0.32401705,0.4659389
128207999,-0.14374287,-0.22593683,-0.08155882
128212000,-0.046201773,-0.7234808,0.18137161
128216000,0.063402995,-1.0284531,0.7313227
128219999,0.23488942,-0.92148554,0.3731223
128224000,0.32321942,-0.5670129,-0.34410203
128228000,0.43581128,0.024050802,-0.037221164
128236000,-0.011744818,0.7159816,0.07063097
128240000,0.053747706,0.10632686,-0.051636554
128248000,0.15448812,0.15389715,0.17212267
128252000,0.28266189,0.1199301,0.18790138
128260000,0.1427135,-0.97392225,0.163297
128264000,0.101772666,-0.89699084,-0.05702071
128268000,0.06340282,-0.46942055,-0.19304392
128272000,0.19041596,-0.124787614,-0.09260031
128280000,0.16106272,0.52686304,0.4029948
128284000,0.3000367,1.0110596,0.27149045
128288000,0.5812987,0.58271646,-0.27557135
128292000,0.4620227,0.06062792,-0.13868207
128296000,-0.13783368,-0.14855833,0.47873348
128304000,-0.22427286,-0.061401397,-0.000984058
128308000,0.3737477,0.15821242,-0.001114734
128312000,0.29579836,0.11849333,-0.043828286
128320000,-0.42065698,-0.032481886,-0.18042827
128324000,-0.33505827,-0.08544843,-0.17013994
128328000,-0.25774312,0.16492945,-0.03448913
128336000,0.27514967,0.22361767,0.48382935
128340000,0.53555065,0.17828076,-0.04403834
128343999,0.47545052,0.08513915,-0.5158849
128352000,0.12566471,-0.7325705,-0.03293828
128355999,0.32674244,-0.6404586,0.52244246
128360000,0.59850746,-0.4300019,1.0354737
128364000,0.4516074,-0.052670494,0.9393292
128367999,0.02055613,0.5263027,0.2512439
128372000,-0.16355944,0.58355856,-0.32790053
128376000,0.024937637,0.07720772,-0.38734788
128379999,0.18646874,-0.24094148,-0.30242196
128384000,0.030639715,-0.17677502,-0.6312449
128388000,0.18994023,-0.02985904,-0.75538486
128391999,0.73797834,0.07069688,-0.15046467
128396000,0.35179403,-0.11825308,0.26305535
128403999,-0.5286931,-0.16209403,-0.065729484
128408000,-0.05150868,0.09423684,0.13001642
128415999,0.15640445,-0.14937711,0.401469
128420000,0.27559236,0.18517263,0.22593275
128424000,0.57927364,0.5508205,0.09091312
128427999,0.6606066,0.6759298,-0.4956981
128432000,0.21572271,0.5568884,-0.8847204
128436000,0.017028349,-0.28211626,-0.3458221
128439999,0.15510151,-0.9456729,0.24907772
128444000,0.09230397,-0.6018656,0.42212358
128448000,0.050049983,0.08289747,0.57653546
128451999,0.21604124,0.5198152,0.6020341
128456000,0.17162217,0.47576135,0.5044285
128460000,-0.004370779,-0.20519266,0.47106758
128463999,0.15984966,-0.47617626,0.39833462
128468000,0.23698962,-0.08484878,0.20864457
128472000,0.21717528,0.17590114,0.05007544
128480000,0.1564745,0.2822873,-0.22710948
128484000,0.02672121,0.56677014,-0.39519233
128487999,0.06497922,0.32165393,-0.1520244
128492000,-0.38122058,-0.33342147,0.20801115
128496000,-0.7066345,-0.58747756,0.49708912
128499999,-0.22460587,-0.55196476,0.45630717
128504000,0.34595108,-0.5407783,0.18106355
128508000,0.57152784,-0.55684084,0.017571455
128512000,0.5444422,-0.19929966,-0.1257024
128520000,-0.09701887,0.39348733,-0.41898263
128524000,-0.12979622,0.2948167,-0.7204043
128532000,0.42568848,-0.2638126,-0.3724227
128536000,0.32424253,0.01571174,-0.05376745
128540000,-0.08741377,-0.07485568,0.54101944
128548000,0.010446504,-0.1130623,0.23657465
128556000,0.6409255,0.7038659,0.13157558
128560000,0.7053292,0.8308183,0.44987994
128564000,0.55986595,0.37436366,0.32195792
128568000,-0.115380466,-0.48343733,0.17426004
128572000,-0.51746154,-1.0388912,0.33598152
128576000,-0.55351526,-0.5929587,0.38214496
128580000,-0.6873437,0.30376986,0.4523661
128584000,-0.71634245,0.7028076,0.4908759
128587999,-0.32310152,0.32558787,-0.090140834
128592000,0.42611516,-0.37802038,-0.675586
128596000,0.88110626,-0.66832507,-0.41632354
128599999,0.71767354,-0.36209494,-0.27054328
128604000,0.20840567,-0.09658128,-0.3013591
128608000,-0.32322267,-0.13876319,0.287854
128616000,-0.12359116,-0.4285554,0.5837799
128620000,0.24318747,-0.3560841,0.2155472
128623999,0.3622313,-0.18832846,0.06298161
128628000,0.60732335,-0.10970758,0.12883806
128632000,0.422561,-0.116255954,0.001451135
128635999,0.13547522,-0.078115806,0.16855665
128644000,0.13231833,-0.28199703,-0.05841822
128647999,0.19994178,0.26501524,-0.31108758
128652000,0.12752336,0.34775072,-0.2406203
128659999,-0.2758874,0.14534622,0.5734837
128668000,-0.47831208,0.20376915,0.1438961
128671999,0.045355946,-0.056823593,0.5180219
128680000,0.6779556,0.23508753,0.09221071
128683999,0.6236312,0.14805424,-0.7280027
128688000,0.39616805,0.101584226,-0.9959203
128692000,-0.03976795,0.14049172,-0.5221851
128695999,-0.4647436,0.105414644,0.1442717
128704000,-0.16064294,-0.5916122,0.6420339
128707999,-0.091962785,-0.21168146,0.33469552
128716000,-0.2488918,-0.3038674,-0.49041703
128724000,0.27778706,0.016492337,-0.30514202
128728000,0.69347167,0.26731506,0.6072084
128736000,0.34853238,-0.016476832,0.3434585
128740000,-0.16160059,0.002504505,0.28033894
128743999,-0.40279865,0.112570606,0.32731932
128748000,0.07130705,0.03403437,0.41912493
128752000,0.6291361,-0.086783126,0.31615657
128755999,0.52935284,0.022969916,-0.2665877
128760000,-0.15151963,-0.21360168,-0.82991445
128764000,-0.42700383,-0.31337824,-0.56218696
128768000,0.0437005,0.13400894,0.3439421
128776000,0.19002537,0.00916696,0.09859344
128780000,-0.55435526,-0.38676497,-0.40398115
128784000,-0.7826906,-0.44813344,-0.3147902
128788000,-0.18020606,0.08948073,0.02069895
128796000,0.5394728,0.3897081,-0.2766682
128800000,0.5660473,-0.1360742,0.13622347
128804000,0.31418833,-0.27848744,0.45628724
128808000,0.033668596,-0.19609767,0.5583267
128812000,-0.09113818,0.19288534,0.4232365
128816000,0.045009777,0.49758703,0.30828986
128820000,0.044972226,0.18406713,0.14389212
128824000,0.07705973,-0.14755896,-0.044374716
128831999,-0.01253324,0.21099645,0.18008086
128836000,-0.5512183,-0.23986734,-0.07288255
128840000,-0.57691777,-0.7565131,-0.5314008
128843999,-0.17645982,-0.48806223,-0.04220645
128848000,0.3079367,0.19170891,0.69003594
128852000,0.857182,0.4242937,0.5467874
128855999,0.8791617,0.27348322,0.113337606
128860000,0.18698606,0.23177803,0.07076723
128867999,0.16954938,-0.43065056,-0.112385735
128872000,0.1649687,-0.29756618,-0.06812794
128876000,-0.19251813,-0.14592665,0.12672228
128879999,-0.24256071,-0.0239791,0.24644923
128884000,-0.056104474,0.34596503,0.22154188
128888000,0.006505664,0.43707,0.10951342
128896000,-0.19696075,0.004102418,0.42181748
128900000,-0.2354339,-0.24787597,0.3893157
128903999,-0.045255,-0.47182626,-0.15086065
128908000,0.21245289,-0.2588562,-0.59738106
128912000,0.047067337,-0.16870123,-0.5901527
128915999,-0.1350086,-0.44206268,-0.2142885
128920000,0.27770457,-0.14721198,0.32438922
128924000,0.71004057,0.16293642,0.6251179
128932000,0.05690215,-0.03342868,-0.17337364
128936000,-0.2386515,0.25788444,-0.08530125
128944000,0.36667806,-0.29267356,0.6116662
128948000,0.39101154,-0.07487219,0.94349
128951999,0.070730075,0.2777204,0.56565386
128956000,0.050922565,0.23232055,-0.15492953
128960000,0.07735438,-0.039801747,-0.51035327
128968000,-0.13213004,-0.08285088,-0.02145388
128972000,-0.19423589,-0.49595731,-0.10303522
128975999,0.39567268,-0.34464443,-0.16172278
128980000,0.73192745,-0.005000733,-0.06124064
128987999,-0.1609348,0.18809818,0.5942515
128992000,-0.07822538,0.30204064,0.86490816
128996000,0.018956836,0.28073853,0.47446185
128999999,0.18058877,0.093935534,0.29091007
129004000,0.41359612,-0.0831032,0.23045842
129008000,0.32748827,-0.14310037,0.00635656
129012000,0.064037725,-0.33052638,-0.005919997
129016000,-0.006858006,-0.32987082,-0.32181028
129020000,-0.30428934,-0.30670542,-0.75634146
129024000,-0.5130578,-0.38210005,-0.37146404
129032000,-0.06983956,0.13606481,0.3086242
129036000,-0.22061998,0.33125564,0.4099374
129040000,-0.34693623,0.2851877,0.3401211
129044000,-0.12172945,0.15719572,0.17186975
129048000,0.58976364,-0.027985375,0.12088811
129056000,-0.007909536,0.44082043,-0.13491212
129060000,-0.514435,0.50083065,0.12014748
129064000,-0.49228936,-0.18776862,0.22885798
129068000,-0.50014347,-0.637473,-0.2485358
129072000,-0.5931121,-0.49702787,-0.10757633
129080000,0.49145287,-1.004843,0.3962776
129084000,0.33324718,-0.4937076,0.21983247
129087999,0.16474989,0.45851678,0.11376095
129092000,0.40248534,0.5183384,0.18586786
129096000,0.27144417,0.009015858,0.018863574
129099999,0.058639407,-0.000297204,-0.27966076
129104000,-0.012456005,0.08023596,-0.2461204
129108000,-0.05036556,-0.02249743,-0.19311342
129111999,0.17499477,0.030780327,-0.24139309
129116000,0.36399034,0.07166324,-0.015574493
129120000,0.15249953,0.014057808,0.3508531
129123999,-0.23633027,0.075758725,0.57449305
129132000,-0.064711064,-0.28069893,0.038106397
129135999,-0.16731927,-1.084376,-0.13205417
129140000,-0.15274821,-0.9146621,-0.10552667
129147999,0.37512445,1.0021157,0.45695806
129152000,0.054920048,0.65086114,0.91494876
129156000,0.027232595,0.29416692,0.5965908
129164000,0.05953349,-0.119198956,-0.7446489
129171999,0.40402284,0.062339604,0.3683805
129180000,-0.07188083,-0.33157608,0.7746239
129183999,-0.025760753,-0.49142694,0.48129338
129188000,0.11441152,-0.20341745,0.17832386
129192000,0.13943802,0.08497685,-0.31702128
129195999,-0.020723484,-0.07942073,-0.90509975
129200000,-0.1333923,-0.026025407,-0.7038304
129204000,-0.35792544,0.5453649,0.14364274
129207999,-0.37575477,0.6402415,0.4098174
129216000,0.3820818,-0.46786204,-0.2461949
129224000,-0.6240697,-0.06452463,0.66700345
129228000,-0.5503573,-0.007730413,0.32767966
129231999,0.089404315,-0.2271151,-0.45260245
129240000,0.65487957,0.07312806,-0.5667531
129243999,0.23337112,0.3206263,0.41905567
129248000,-0.45989317,0.15954125,0.8857216
129252000,-0.3655083,-0.04815996,0.88501114
129255999,0.1610711,-0.33888033,0.59106636
129260000,0.30896527,-0.34915337,-0.02234377
129264000,0.21350028,0.3005013,-0.3127399
129268000,0.19224058,0.49684888,-0.11317282
129272000,0.2055987,-0.120146304,0.08554458
129276000,0.051544636,-0.6231703,0.11480725
129280000,-0.52881557,-0.72563666,0.035490353
129284000,-0.9228117,-0.25831753,-0.09029564
129292000,0.1575886,-0.03962615,0.40550804
129296000,0.04621595,0.12562491,0.20959899
129300000,0.18517072,0.6642293,-0.33740312
129304000,0.2425235,0.47023356,-0.45926914
129312000,0.91911715,0.53941876,0.6065551
129320000,0.031520396,-0.6904246,0.33405703
129324000,-0.888715,-0.49882296,-0.0876229
129328000,-0.4954407,-0.28757262,-0.1506434
129331999,0.075118914,-0.24411273,0.43414712
129336000,-0.2860894,0.18551439,0.9596238
129340000,-0.4424327,0.37974474,0.92959523
129343999,-0.003826141,0.03443083,0.31443608
129348000,0.24820454,-0.43191937,-0.5008792
129355999,0.50544816,-0.5378654,-0.206137
129360000,0.3798865,-0.40258348,-0.06553064
129364000,-0.07432242,0.0506438,0.007231433
129367999,-0.26277414,0.6362873,0.32870048
129372000,-0.20376311,0.47798908,0.20092261
129376000,-0.09767193,0.014434837,-0.07458763
129379999,0.010510542,0.10445697,0.06428827
129384000,-0.116978996,0.4058445,0.2795853
129388000,-0.3568574,0.21324742,0.18540674
129391999,-0.5074318,-0.08117204,0.02741298
129396000,-0.53537524,-0.19947085,-0.031851094
129400000,-0.18552706,-0.62622684,-0.002567668
129403999,0.26108322,-0.8394284,0.24768007
129408000,0.31533355,-0.37084734,0.38704056
129415999,0.20840248,0.6838095,0.51570547
129420000,-0.16495782,0.6169322,0.658869
129424000,-0.060846284,0.21745087,0.3361495
129432000,-0.15797202,-0.33536386,-0.49750772
129436000,-0.45116284,-0.40098774,-0.1835142
129439999,0.06067221,-0.07052945,0.1876482
129444000,0.54080415,0.1012132,0.29398692
129448000,0.57469547,-0.038145065,0.000261173
129451999,0.4735118,0.028572403,-0.076690614
129460000,-0.030046385,-0.19358216,-0.002534553
129463999,-0.19150954,-0.17886949,-0.306202
129468000,-0.1947267,-0.27139157,-0.37797993
129475999,-0.03716586,-0.66127145,0.29964942
129480000,-0.06281982,-0.20111737,0.10159362
129484000,-0.14588648,0.123526216,-0.11349897
129487999,-0.18945175,0.13720767,0.26974118
129492000,-0.23771933,0.18813884,0.30259424
129499999,0.24196194,0.51831585,0.07979436
129504000,0.47605693,0.32584015,-0.08258564
129512000,0.11608447,-0.61819685,-0.44964314
129516000,0.5255225,-0.258076,-0.14486793
129520000,0.30701292,0.1658839,0.30576053
129524000,0.07206699,0.26326346,0.44646567
129532000,0.17229545,0.20998137,0.62392074
129540000,0.048309535,-0.25783974,-0.08805267
129544000,0.45631176,-0.38797694,0.1701043
129548000,0.4337234,-0.26724282,0.46889567
129552000,0.15094689,0.017834112,0.36306316
129556000,-0.42070568,0.04472433,-0.005527385
129560000,-0.7316139,0.4038992,-0.46551588
129564000,-0.47591248,0.72548693,-0.39669818
129572000,0.28904185,-0.294414,0.5437247
129576000,0.34230986,-0.48837024,0.21856539
129580000,0.28306085,-0.6751512,-0.08926974
129587999,-0.8538854,0.26929355,0.31740022
129592000,-0.76770866,0.54890877,0.3660016
129599999,0.21883915,0.09926139,0.14092752
129604000,0.38684562,-0.023324072,0.17384665
129608000,0.19337234,-0.43354708,0.052559596
129611999,-0.19914566,-0.8978029,-0.10889058
129616000,-0.6177883,-0.65099525,0.08481721
129623999,-0.45002827,0.27415812,-0.13614315
129628000,-0.42625296,0.15467158,0.000133276
129632000,-0.09500022,0.23339733,0.2523525
129635999,0.32608795,0.2635383,0.18330488
129640000,0.8267764,-0.016023442,0.19658569
129644000,0.85198736,-0.46661484,-0.025963917
129647999,0.4279939,-0.7959056,-0.47600353
129652000,0.06320803,-0.7059388,-0.3837855
129656000,-0.36876646,-0.07929134,0.2206853
129659999,-0.49989843,0.50837326,0.33288822
129664000,-0.20889132,0.4730007,-0.17138954
129668000,-0.045095887,0.15825352,-0.22327654
129671999,-0.012546752,0.20975474,0.21700859
129676000,-0.139526,0.42954403,0.6584575
129680000,-0.43622407,0.33761984,0.81861997
129683999,-0.29496512,-0.080950595,0.5320996
129688000,0.09216836,-0.4524979,0.071748346
129692000,0.11226181,-0.2575367,-0.0903245
129695999,0.085158356,-0.17126359,0.05038355
129700000,0.16710168,-0.44478044,0.16763268
129704000,0.12546566,-0.34605673,0.06715089
129707999,-0.14663318,-0.10992055,-0.08961179
129712000,-0.4415042,0.06410613,0.0132704
129716000,-0.3902641,0.3435976,0.17763844
129719999,-0.26273173,0.31331915,0.15435243
129724000,-0.23346902,-0.18352547,-0.030679382
129728000,-0.15838164,-0.54365087,-0.16301765
129731999,-0.045563456,-0.23175663,-0.21103354
129740000,0.1280675,0.25399506,-0.019140929
129743999,0.08128154,0.010718185,0.010410998
129748000,-0.016232612,0.027366297,0.3537698
129752000,-0.502987,0.34061408,0.915723
129760000,0.2302027,-0.2831272,-0.13263287
129764000,0.8321886,-0.09186855,-0.6736855
129768000,0.79677343,0.14713307,-0.24972366
129776000,-0.013426453,-0.19698274,0.01784242
129780000,-0.60847664,-0.13989899,0.040830217
129788000,-0.3009634,0.062190913,0.12210496
129792000,0.24803296,-0.25574988,0.71046674
129796000,0.16632248,0.05518028,0.6479692
129800000,-0.21478635,0.27093148,0.18652835
129804000,-0.49431983,-0.06779042,-0.06406307
129808000,-0.32358575,-0.04862601,-0.38277683
129812000,-0.09714301,0.2354955,-0.17558965
129816000,0.0155016,0.21088538,0.47316042
129824000,0.73513323,0.2016423,0.25674242
129831999,-0.3770328,-0.7620152,-0.09035158
129840000,-0.20004843,-0.023326904,0.055006072
129843999,-0.16381577,0.55034435,0.108842485
129848000,0.1855456,0.71547925,0.08002541
129852000,0.65870833,0.16049053,0.23211882
129855999,0.6312773,-0.6236953,0.25609142
129860000,0.30774602,-0.80964506,0.050053157
129864000,-0.1309526,-0.1476197,-0.17214775
129867999,-0.16455206,0.57893455,-0.30307096
129872000,0.006446645,0.33463916,-0.1423023
129879999,-0.84714925,0.24434392,0.3090406
129884000,-0.49354532,-0.003884047,0.21999438
129891999,0.23665577,-0.018703245,-0.060781933
129896000,-0.014836345,-0.10613915,0.052556716
129900000,0.046380635,-0.006860631,0.25712568
129903999,0.55621016,0.10190368,0.40467572
129908000,0.727232,0.14791892,0.23075311
129912000,-0.018331617,0.16140257,-0.026389092
129915999,-0.8677384,-0.05416568,-0.44759452
129920000,-0.9873263,-0.44945472,-0.8747516
129924000,-0.3102404,-0.5877147,-0.63461506
129932000,0.2157342,-0.35785145,0.81364876
129936000,0.1067627,0.14396764,0.57261217
129939999,0.02327755,0.7091845,0.1893431
129944000,-0.10136036,0.8724706,0.42107302
129948000,-0.21413949,0.37853467,0.7040244
129956000,-0.24606428,-0.5649408,-0.6532465
129960000,-0.27281508,-0.39419836,-0.605027
129963999,0.02682972,-0.2531243,0.024007633
129968000,-0.054474056,-0.20111008,0.29616532
129972000,-0.13459793,0.18688147,0.3920039
129975999,0.087787,0.52926993,0.20789516
129984000,0.45752636,-0.29869765,-0.078679696
129987999,0.40458998,-0.63484967,0.7833624
129992000,0.036608994,-0.08496532,0.8176249
129996000,-0.25304022,0.4154152,0.28858876
129999999,-0.016795859,0.31153685,-0.05341521
130004000,0.27145985,0.01930052,-0.11517487
130008000,0.04522518,0.02256307,-0.17129272
130012000,-0.24819553,0.04273808,-0.29796433
130016000,-0.24178839,-0.14300413,-0.1584017
130020000,0.17210642,-0.22537954,0.10721045
130024000,0.4926604,-0.118269525,0.09045507
130028000,0.2798714,-0.12481903,-0.13462813
130036000,0.02628266,-0.27109244,0.06790435
130040000,0.020275563,-0.15238693,0.17866585
130048000,-0.47569603,0.18860936,0.023691867
130056000,-0.5017349,-0.003798783,-0.030203462
130060000,-0.11592966,-0.13311137,-0.4532245
130068000,0.53280216,-0.053044982,0.4620048
130072000,0.29858166,0.41808143,0.078608006
130080000,-0.07259145,-0.12989292,-0.10803719
130084000,-0.5239328,-0.67862904,0.33831185
130092000,-0.7656662,0.13731316,0.38153058
130096000,-0.13384283,0.34970874,0.0636272
130104000,0.5728307,-0.13290119,-0.17103025
130108000,0.5705256,-0.18037269,0.21523474
130116000,-0.25202015,0.011509836,-0.10951853
130120000,-0.26080376,0.3198155,-0.7557856
130123999,-0.23143044,0.5281903,-0.4750145
130128000,-0.3963967,0.24291,0.021564437
130132000,-0.2630614,-0.2112906,0.41582456
130135999,0.25386584,-0.19928083,0.8947551
130140000,0.58538187,-0.3038972,0.9904747
130144000,0.5306356,-0.6176795,0.350353
130147999,0.10498166,-0.45435616,-0.44181135
130152000,-0.39733315,-0.064899385,-0.5448711
130159999,-0.4151495,0.07095665,0.001902821
130164000,-0.423288,0.18375885,0.21522562
130168000,-0.30367517,0.36012858,-0.19329607
130171999,-0.2641872,0.42333224,-0.32162127
130176000,0.17143649,0.15624869,0.17224947
130180000,0.33828974,-0.20819883,0.25116017
130183999,0.023313932,-0.17315844,0.2339621
130188000,-0.01838532,0.13991916,0.52660024
130192000,-0.10651155,0.2244532,0.55922896
130195999,-0.44014907,-0.020904712,0.32820433
130200000,-0.47892106,-0.48909047,-0.14416891
130204000,0.19474967,-0.8537272,-0.5958888
130212000,0.5263516,0.42841095,0.19487865
130216000,0.18269932,0.744055,0.4871906
130224000,-0.104010925,-0.58082455,0.4190591
130228000,0.13717528,-0.7103947,-0.26788613
130236000,-0.17149374,-0.060214244,-0.15972322
130240000,-0.5567395,0.001617886,0.24487495
130243999,-0.57470065,0.16216843,0.3901074
130248000,-0.33313242,0.24993321,-0.16279685
130252000,-0.34143943,0.09724265,-0.2695708
130255999,-0.11447775,-0.24294844,0.5101856
130260000,0.5649733,-0.23710313,0.9191289
130264000,0.790023,0.055394426,0.5345147
130268000,0.50728774,-0.17622903,-0.1534131
130272000,0.1551898,-0.65210897,-0.55290264
130280000,-0.41832066,-0.28902626,-0.19464886
130288000,-0.06359085,0.7126155,0.056027852
130292000,-0.18152091,0.7237108,0.080351144
130296000,-0.19698502,0.48916644,0.3697946
130300000,-0.12680161,0.051765427,0.28107285
130304000,-0.18132898,-0.5619799,0.14045733
130308000,-0.44991922,-0.6381304,0.18083303
130312000,-0.492243,-0.23293683,-0.15126744
130316000,-0.14171094,0.23133385,-0.4855917
130320000,0.227341,0.4275343,-0.29582888
130324000,0.47635865,-0.08010259,-0.06397337
130328000,0.5854884,-0.4042186,-0.004303325
130331999,0.20655905,-0.09366592,0.28143677
130336000,-0.49691474,0.209778,0.67963815
130343999,-0.25523674,0.325392,0.511658
130348000,0.1693323,0.1740337,0.16984764
130352000,0.016078524,0.17632154,-0.25275302
130355999,0.056040823,0.46055022,-0.7457296
130360000,0.20345044,0.3146759,-0.9189819
130367999,0.059162878,-0.34113255,0.62924325
130372000,-0.6615101,-0.23546994,0.7586324
130376000,-0.77971816,-0.01287131,0.1052776
130384000,-0.047973882,-0.1558488,-0.33929878
130388000,0.24841204,-0.1402435,0.4770272
130391999,0.190904,0.01266513,0.87453926
130396000,-0.25737867,-0.01819829,0.57530713
130400000,-0.43198293,-0.3417008,0.23385793
130403999,-0.24264605,-0.39357752,0.05530978
130408000,0.30414033,0.037562072,0.033917338
130412000,0.591244,0.029800966,-0.21573102
130415999,0.16801956,-0.12504676,-0.6255237
130420000,-0.06203527,0.29439434,-0.39514235
130427999,0.1772616,-0.28439552,0.5029166
130436000,-0.09696177,0.1936731,-0.31813893
130439999,-0.32679152,0.07276213,-0.28253153
130444000,-0.23240516,-0.1553964,0.15309729
130448000,-0.19612148,-0.32290477,0.025586978
130451999,-0.28019983,-0.22376582,-0.023337804
130456000,-0.11426135,-0.093817785,0.23131005
130460000,0.013497517,0.1545671,0.18604165
130468000,0.07653026,0.79014647,0.1263076
130472000,-0.09387368,0.27496827,0.4672993
130475999,-0.467902,-0.22592627,0.5822529
130484000,0.48918638,-0.7730947,-0.58184284
130487999,0.5234449,-0.48041552,-0.3450575
130492000,-0.21637847,0.081072524,0.43232283
130496000,-0.7654417,0.28756386,0.74629784
130499999,-0.39882863,0.41426677,0.21126932
130504000,-0.048480906,0.65126395,-0.5202022
130512000,-0.19231437,0.15123813,0.07868151
130516000,-0.49620944,-0.07056951,0.2619087
130524000,-0.09251026,-0.678236,0.16784231
130528000,0.12331073,-0.27935168,-0.07294537
130532000,0.24148113,0.22371309,-0.43608117
130536000,0.34779865,0.26658356,-0.25622678
130540000,0.18879451,0.09801399,0.3616631
130544000,-0.16046496,0.046872694,0.65443057
130548000,0.01893884,0.19097787,0.5169767
130552000,0.34116983,0.21619938,0.043137044
130556000,0.2535735,0.025882427,-0.45212126
130560000,-0.09417546,-0.24756864,-0.40950555
130564000,-0.2906441,-0.38631973,0.08129974
130572000,-0.1856784,0.044324405,0.99522334
130576000,-0.0371601,0.11200867,0.5751947
130580000,-0.02002581,0.000292785,0.015870005
130584000,-0.1918105,0.10800189,0.033992343
130587999,-0.3658002,0.028086051,0.19923063
130592000,-0.12593858,0.008836474,-0.15606649
130596000,0.1586293,0.26976916,-0.6916726
130604000,-0.026301108,-0.38300186,0.23304647
130608000,-0.19318782,-0.28589383,0.17499013
130616000,-0.46889785,-0.3420282,0.14226218
130620000,-0.029256523,-0.37508792,0.08335186
130623999,-0.10592681,-0.14570916,0.14182295
130628000,-0.35208848,-0.20330057,0.25954282
130632000,0.06662792,-0.115779385,0.3334542
130640000,0.13626783,0.66739494,0.41127497
130644000,-0.25259107,0.83345824,-0.26063275
130647999,-0.23088205,0.3130415,-0.36892045
130652000,0.043645043,-0.53867006,-0.22819364
130659999,-0.07892117,-0.67475665,-0.19579205
130664000,0.32140145,-0.004222512,0.39334366
130668000,0.60340905,0.09284023,0.18339767
130671999,0.032304823,-0.3577553,-0.3346643
130680000,-0.936398,-0.2458219,0.6684934
130683999,-0.43059844,0.5693528,0.52672386
130688000,0.32030654,0.84940374,-0.3556009
130695999,-0.25890237,-0.036761634,-0.14562392
130700000,-0.5882188,-0.027970571,0.1861412
130704000,-0.2722565,0.18050271,0.27949646
130707999,0.20882957,0.03702619,0.5011116
130712000,0.16784468,-0.39959484,0.4576352
130716000,-0.26789922,-0.4230656,-0.1309576
130719999,-0.40205038,0.013877049,-0.46932912
130724000,0.013414502,0.12717794,-0.30588126
130728000,0.16927703,0.14287204,-0.1347281
130731999,-0.062742144,0.2955149,0.033124708
130736000,-0.23080502,0.2757463,-0.25268275
130740000,-0.39708623,0.21601401,-0.522449
130743999,-0.25219846,0.016100809,-0.15336919
130748000,-0.07377668,-0.33791476,0.113784164
130752000,-0.085125364,-0.46768513,0.40148002
130755999,-0.00137952,-0.15862028,0.7228929
130760000,0.03419971,0.18721527,0.85117024
130764000,0.313567,0.16021898,0.809669
130772000,0.8149801,-0.06943622,-0.44313708
130776000,0.6498968,0.24229354,-0.31095535
130784000,-0.72765,0.47782934,0.437031
130788000,-0.8068061,0.015819538,0.33720666
130792000,-0.80349714,-0.25259617,-0.10743162
130800000,0.06921449,-0.26364416,-0.11607473
130804000,0.5431177,0.21698898,-0.06336257
130808000,0.62619364,0.1601096,0.1466806
130812000,0.32288367,-0.605084,0.30658114
130816000,-0.1630132,-0.9171859,0.39857584
130824000,-0.20090157,0.23369,-0.1795157
130828000,-0.007186584,0.555146,-0.40326545
130831999,-0.011587266,0.5293678,-0.77417177
130836000,0.27123696,0.16772936,-0.7463546
130840000,0.38477376,-0.34923008,-0.042260915
130843999,-0.035684347,-0.4907421,0.69578856
130848000,-0.25843585,-0.0773791,0.7558422
130855999,-0.6483331,0.21921426,-0.051118113
130864000,0.23985088,-0.27338386,0.020766353
130867999,0.19253473,-0.06912243,-0.18808466
130872000,0.20689818,0.26372173,-0.2991625
130876000,0.3591812,0.6228454,-0.31309077
130879999,0.037410736,0.2667274,-0.014318101
130884000,-0.5499449,-0.30968815,0.45349705
130891999,-0.32440627,-0.2074537,0.37278566
130900000,0.22628841,0.48191813,0.1192476
130908000,0.03602404,-0.20061013,-0.11957426
130912000,-0.17257066,-0.14191648,-0.46151528
130915999,-0.5978661,0.036107037,-0.08391853
130920000,-0.6598189,0.30565435,0.3653612
130924000,-0.29826486,-0.04987152,0.38929665
130928000,0.021236777,-0.61926985,0.1578805
130936000,0.1893841,0.4381624,-0.12098414
130940000,0.4992424,0.32822406,0.27820706
130944000,0.37872285,0.08708895,0.55211127
130952000,-0.27099586,0.087999865,-0.21956423
130956000,-0.28631598,-0.29440233,-0.058932677
130960000,-0.04261427,-0.6783419,0.14817813
130964000,-0.05888458,-0.43484187,0.10343364
130968000,-0.6841978,0.33847064,-0.45808613
130972000,-1.1039016,0.6788414,-0.6625252
130976000,-0.53834885,0.22008976,-0.20999092
130980000,0.2371558,-0.20427401,0.04025097
130984000,0.35003912,-0.14550775,-0.001198743
130988000,-0.12669772,0.21302913,-0.055156074
130992000,-0.3235578,0.40819392,-0.005074583
130996000,0.20238562,0.2869507,-0.003535353
131000000,0.61900115,-0.082867734,-0.23686177
131004000,0.5247445,-0.59339553,-0.097776674
131008000,0.32317078,-0.61934143,0.14184807
131012000,0.17825568,-0.5837242,-0.2169673
131016000,0.09262753,-0.6245393,-0.34065345
131020000,-0.009871416,-0.2187566,0.28494957
131024000,-0.2860658,0.40097773,0.6956088
131028000,-0.45352182,0.48713863,0.1747612
131032000,-0.1566903,0.15006554,-0.103823334
131036000,0.011027005,0.14915702,0.32346088
131040000,-0.047530428,0.3892573,0.36164105
131044000,0.09810432,0.5508013,0.1697637
131052000,-0.100826025,-0.23272243,0.21031134
131060000,-0.33278236,-0.20369764,-0.49295038
131064000,-0.4093216,-0.5476346,-0.026037723
131068000,-0.35424453,-0.46457028,0.5187269
131072000,-0.31270063,-0.32785589,0.820313
131080000,-0.6831326,-0.054450326,-0.47223818
131084000,0.35344836,-0.009362161,-0.47467834
131088000,0.6250131,0.003587317,0.12747851
131096000,0.2885309,0.22907662,0.16807674
131100000,0.15398254,0.4347603,-0.36627573
131104000,0.08944738,0.2748357,-0.27318555
131112000,0.10868493,-0.15314889,0.41509855
131116000,-0.14929889,-0.1033094,0.35449708
131120000,-0.16082463,-0.025910571,0.1920059
131124000,-0.3825996,0.16727325,0.2437059
131128000,-0.7562181,-0.11669986,0.15971892
131132000,-0.6040442,-0.5315848,-0.3397612
131136000,0.030666858,-0.45052078,-0.32220823
131140000,0.61198854,-0.1886979,0.19577022
131148000,-0.13237011,0.29290622,-0.13004927
131152000,-0.5231632,-0.009611547,-0.013050288
131156000,-0.45448607,0.014029875,-0.032029904
131160000,-0.051051408,0.29819798,-0.32600045
131164000,0.14795811,0.20539509,-0.40143326
131168000,-0.010411128,0.04423607,-0.06215234
131172000,0.030734688,0.0269555,0.17651206
131176000,-0.09127264,-0.21472423,0.3159502
131180000,-0.3647273,-0.100870274,0.23384744
131184000,-0.30958226,0.24639656,-0.001809388
131188000,-0.17591177,0.3977815,-0.02359746
131196000,-0.14018457,-0.016621023,-0.07164378
131200000,-0.027775675,-0.42663583,0.25828993
131208000,-0.2007435,-0.22216067,0.19222854
131212000,0.22347504,0.09168517,0.33267325
131220000,0.32772878,0.08575785,-0.4583284
131224000,0.29062742,0.21205238,-0.24295476
131228000,-0.12440045,-0.15974303,0.3026619
131232000,-0.3003612,-0.4945053,0.2785559
131240000,0.06612494,-0.034699008,-0.20803085
131244000,-0.23789561,0.4217544,0.46406704
131252000,-0.08768658,0.19850017,-0.06285645
131256000,-0.16801713,-0.18568988,-0.62966055
131260000,-0.24048825,-0.3092295,-0.3430074
131264000,-0.28405684,-0.2572307,0.15827182
131268000,-0.12217992,-0.15991068,0.11302523
131272000,-0.30055228,-0.22357157,-0.18092805
131276000,-0.6971591,-0.08943004,-0.57133985
131280000,-0.53015715,0.3035424,-0.66395414
131284000,-0.03198798,0.53437936,-0.2331941
131288000,0.20582849,0.41965052,0.23933795
131292000,0.16807751,0.21070266,0.7690865
131300000,-0.1782011,-0.03706136,1.0724945
131304000,-0.08173059,-0.22562595,0.34697217
131308000,0.3808293,-0.5179472,-0.25665945
131312000,0.58163446,-0.6429378,-0.21859825
131320000,0.044376023,-0.12754542,-0.3115133
131324000,-0.16369201,0.026370753,-0.57132834
131328000,-0.12711623,0.2782614,-0.51627076
131332000,-0.1485986,0.21140842,-0.13567041
131336000,-0.35112095,-0.03315386,0.16796619
131340000,-0.73770756,0.09836228,0.44351238
131344000,-0.6889951,0.113243714,0.7005491
131352000,0.310005,0.24063756,0.22366321
131356000,0.23123956,0.5662972,-0.44461167
131364000,0.7103399,-0.27294356,-0.41488326
131368000,0.61666065,-0.5288833,-0.3391413
131376000,-0.36538982,-0.46754777,0.5125643
131384000,-0.7968612,-0.15359993,-0.3008764
131388000,-0.08878766,0.07353039,-0.5740562
131392000,0.06684407,0.21849984,-0.28886113
131396000,-0.040831298,0.256233,0.39697346
131400000,0.19335264,0.36964196,0.38090235
131404000,0.3793694,0.15054564,0.16112976
131408000,0.11329506,0.17509729,0.12318158
131412000,-0.20208146,0.4430932,0.13573314
131416000,-0.23398499,0.003137007,0.32272428
131420000,-0.3368073,-0.5090802,0.06337558
131424000,-0.45684987,-0.12415664,-0.35745174
131428000,-0.105571225,0.5895736,-0.21172695
131432000,0.48900846,0.6353488,-0.27806306
131436000,0.69507265,0.04637158,-0.59016556
131440000,0.27897573,-0.20292325,-0.3077043
131444000,-0.16379474,0.005985007,0.37534168
131448000,-0.26249003,0.026141465,1.0769982
131456000,-0.53404397,-0.52791125,0.10917348
131460000,-0.36853367,-0.044640765,-0.83221024
131464000,-0.14065772,0.55886114,-1.1469729
131468000,-0.18219647,0.5972115,-0.51449496
131472000,-0.051154833,0.29803982,0.27149668
131476000,0.24065717,-0.18895794,0.21654335
131480000,0.28626743,-0.55356294,-0.060213957
131484000,0.17999853,-0.6606167,0.24093688
131488000,-0.0982234,-0.3625316,0.58958626
131492000,-0.44782233,0.32033336,0.450503
131496000,-0.585337,0.78139687,0.16091232
131500000,-0.3038386,0.69468343,0.096517436
131504000,0.32961625,0.20067614,0.16787857
131508000,0.7377187,-0.22005805,-0.100792125
131512000,0.52312154,-0.37189615,-0.23655245
131516000,0.046127073,-0.31982833,0.23327033
131520000,-0.19971408,-0.14286248,0.5828384
131524000,-0.29849565,-0.17609717,0.38203007
131528000,-0.37372592,-0.11559449,0.003268257
131532000,-0.49826348,0.32373816,-0.26169524
131536000,-0.5348048,0.71008587,-0.20567024
131540000,-0.1697568,0.61619705,-0.044600606
131544000,0.09951236,-0.0071868,-0.27713716
131552000,-0.46018213,-0.8081392,0.3871626
131556000,-0.45607376,-0.64027655,0.4974398
131560000,-0.106408134,-0.12951781,-0.14672734
131564000,0.19933277,0.07839942,-0.47976327
131568000,0.103249654,-0.1806505,-0.34954822
131572000,-0.29935402,-0.29042906,-0.06730606
131576000,-0.4436461,-0.23084179,0.17173406
131584000,0.47008577,0.07908481,-0.048239928
131588000,0.569397,0.4318322,0.13800403
131592000,0.5396445,0.1669389,0.26237768
131596000,0.48226786,-0.12858109,0.33821693
131604000,-0.4962204,-0.21984586,-0.16751146
131608000,-0.77170795,-0.33398518,-0.45418268
131612000,-0.4133647,0.11718917,-0.6356534
131616000,0.18783043,0.4607581,-0.43853688
131620000,0.50487936,0.31040442,-0.09940076
131624000,0.21065053,0.11674976,-0.12430015
131628000,-0.002877284,-0.00141637,-0.10276118
131636000,0.11041532,0.042905457,0.17523116
131640000,0.17837194,-0.31489265,0.031847373
131644000,0.07352855,-0.45384377,0.26214677
131648000,-0.27804923,0.21109107,0.58272827
131652000,-0.055254713,0.4976064,0.055602223
131656000,-0.11079233,0.09945594,-0.36455932
131660000,-0.72624516,0.17776003,0.023794562
131668000,0.084682226,0.26661852,-0.1532576
131672000,0.15597211,0.22133058,0.0724642
131680000,-0.20156108,-0.53815794,0.34088013
131684000,-0.06198062,-0.5428376,0.4385094
131688000,0.2267058,-0.22785635,0.16236442
131692000,0.040148914,-0.19106346,-0.4033515
131700000,0.009723164,0.1426236,0.14862244
131704000,-0.062129773,0.16896924,0.5403821
131708000,0.2542988,0.31877905,0.2734061
131712000,0.54058564,0.35441452,0.1663709
131716000,-0.017747685,0.15968432,0.20951101
131720000,-0.6856149,0.03102327,0.051131677
131728000,-0.32835034,-0.5291898,-0.5962897
131732000,0.38088393,-0.44022694,-0.46077397
131736000,1.07635,0.001003504,-0.06739018
131740000,0.9237408,0.32690242,0.34769773
131744000,0.27919793,0.0570316,0.71237695
131748000,-0.046584375,-0.1256395,0.5221871
131752000,0.07886185,0.21253337,0.004865356
131756000,0.28802258,0.22942579,-0.18794765
131760000,0.16218746,0.017706614,0.033903815
131768000,-0.105903715,-0.25523347,-0.15981606
131772000,-0.14498882,0.007465377,-0.3155377
131780000,0.23890166,0.046853848,0.14931504
131784000,0.052317105,0.100368045,0.2037393
131788000,-0.14776537,0.22918203,0.12084459
131792000,0.04767523,-0.047258638,0.031790502
131796000,0.07324784,-0.44042695,0.19463208
131800000,-0.27047917,-0.17289336,0.13220006
131808000,0.089637175,0.40534127,0.08414521
131812000,-0.03276409,0.13402405,-0.25959998
131816000,-0.4923008,0.29537237,-0.15660064
131820000,-0.52921057,0.31840277,-0.08424579
131824000,-0.18846896,-0.1525991,-0.6092819
131832000,0.34542295,-0.487344,0.15932634
131840000,0.07342922,0.03455,-0.03204622
131844000,0.33703062,-0.5060781,-0.3142171
131848000,0.083734974,-0.8463541,0.08364175
131852000,-0.19823685,-0.39019334,0.32779726
131856000,0.021955483,0.37003204,0.058497958
131860000,0.096117735,0.68128335,0.03183683
131864000,0.0780434,0.3347569,-0.1289761
131868000,0.32526368,0.05694881,-0.41421992
131872000,0.36644456,0.27419552,0.07686052
131876000,-0.20056844,0.4272966,0.6232518
131880000,-0.56213254,0.073313236,0.46447462
131884000,-0.07036725,-0.325294,-0.12024464
131888000,0.3441961,-0.3928939,-0.48622602
131896000,-0.1780937,-0.5018833,0.22417545
131900000,-0.41293663,-0.19499302,0.12967433
131904000,-0.56419194,0.40583202,0.010457188
131912000,0.03373179,0.3690005,0.107724585
131916000,0.42573932,0.054899536,0.038001344
131920000,0.62085253,-0.18760501,-0.04441656
131928000,-0.102093,-0.13511963,0.030709788
131932000,-0.33753958,-0.29659495,-0.1658942
131936000,-0.15517229,-0.28302413,-0.28066194
131940000,-0.17086077,0.058986545,-0.4388921
131944000,-0.21220249,0.13627736,-0.30687857
131948000,-0.108771004,-0.17420813,0.16942438
131952000,-0.0451662,-0.26753154,0.5021153
131960000,-0.42853326,0.5457897,-0.16019283
131968000,-0.34950686,-0.17736357,-0.19097446
131972000,0.36026412,-0.3450219,0.14087868
131976000,0.30343074,-0.44924447,0.41926047
131984000,-0.043115165,0.23936963,0.14748792
131988000,0.11174753,0.5997588,0.14701974
131992000,0.12480143,0.56232566,-0.019520124
131996000,0.17431834,0.02276668,-0.4414993
132000000,0.25242314,-0.2708991,-0.5160932
132004000,-0.10421269,-0.09510926,-0.40389776
132008000,-0.15757634,0.06689888,-0.16549201
132012000,0.22380504,0.17043526,0.3763431
132016000,0.16133666,0.3997575,0.5483537
132024000,-0.38981742,-0.23730569,0.5225519
132028000,-0.1072064,-0.34745735,0.16761923
132032000,0.4541592,-0.097328,-0.6209575
132036000,0.5121144,-0.30183378,-0.7442229
132040000,-0.086500466,-0.3615373,-0.26278302
132044000,-0.568411,0.24278855,0.04679784
132048000,-0.6488254,0.6410426,0.28345513
132052000,-0.6450691,0.35926235,0.46093956
132056000,-0.3455657,-0.1796875,0.13963208
132060000,0.017812125,-0.38031486,-0.18785101
132064000,-0.008227795,-0.3667544,0.022653103
132068000,-0.06590414,-0.32707745,0.24389054
132072000,0.18852769,-0.14741209,-0.000366718
132080000,-0.16990748,0.098491475,-0.42843616
132084000,-0.26110932,0.20553446,-0.4196814
132088000,0.034423843,0.025404945,-0.30908716
132092000,0.07845412,-0.20856854,-0.080565795
132096000,-0.1036777,0.54285836,0.34258384
132104000,0.041645665,0.6438941,0.43671903
132108000,0.23528066,-0.6018804,-0.442859
132112000,0.3405369,-1.0021799,-0.8710991
132120000,-0.7271363,-0.40745503,0.56397563
132124000,-0.82151324,0.2652413,0.4659037
132128000,-0.1007673,0.46208125,-0.094517544
132136000,0.4485087,0.4388724,0.109567225
132144000,0.10825831,-0.5921235,0.19981803
132148000,-0.5311524,-0.44451016,-0.21150485
132156000,-0.15773155,0.4446643,-0.003111348
132160000,0.3478819,0.10902578,0.19514373
132164000,0.5149489,0.026248306,0.26634857
132168000,0.6191636,0.032223616,0.5511852
132172000,0.27967745,-0.29826134,0.5486864
132176000,-0.2919236,-0.4450092,0.017699972
132180000,-0.4237178,-0.52703094,-0.6062647
132184000,-0.22415473,-0.36604846,-0.53749263
132188000,-0.33702564,0.012382366,0.1342196
132196000,-0.50491744,0.84056467,0.10730454
132200000,-0.22269836,0.68799317,-0.011300469
132204000,-0.002339609,-0.058805376,-0.074725784
132208000,-0.030554608,-0.42681104,-0.19465804
132216000,0.2866727,-0.521988,-0.1935893
132220000,0.12013679,-0.25482666,-0.033956155
132224000,-0.42513067,0.13880336,0.24647382
132228000,-0.5812791,0.5695376,0.2893048
132232000,-0.36921778,0.7095518,0.079097345
132240000,0.5773333,-0.24265616,0.19640256
132244000,0.6463881,-0.18571603,0.0756519
132252000,0.17942259,0.15033782,0.0372053
132256000,-0.079064004,0.14812014,0.3703808
132260000,-0.17740682,0.12210467,0.5364785
132264000,-0.4189856,-0.04343036,-0.054269582
132268000,-0.025296465,-0.26991382,-0.63391966
132272000,0.521906,-0.3816977,-0.20132732
132276000,0.14600414,-0.48315218,0.15507773
132284000,-0.71721876,0.004595973,-0.7425603
132288000,-0.6414764,0.3562238,-0.36687255
132292000,-0.37370676,0.023972869,0.21302593
132296000,-0.09093177,-0.024973318,0.39005017
132300000,0.104009286,0.31275666,0.2137183
132304000,0.25828388,0.3117981,0.13128953
132308000,0.18646172,0.083022036,0.32680824
132312000,-0.2498161,0.034762617,0.29592618
132316000,-0.19007266,0.26334977,-0.35716742
132324000,0.7952746,-0.2636932,0.14952251
132328000,0.20763567,0.19188957,0.511097
132332000,-0.035362083,0.63565207,0.011466824
132340000,-0.30237272,-0.6698824,-0.6155854
132344000,-0.49384415,-0.47777915,-0.33027393
132352000,0.061565638,0.23351572,0.23231912
132360000,0.01223433,-0.43588346,0.10780945
132364000,-0.020924047,-0.06614381,0.35081613
132368000,0.066508666,0.47031057,0.4494157
132372000,0.051617615,0.33401042,0.41911095
132376000,0.19280097,-0.31177053,0.47591367
132380000,0.10220122,-0.71555376,0.42526186
132384000,-0.055571694,-0.382537,0.070438124
132388000,-0.1885057,-0.12832414,-0.1903658
132392000,-0.5842735,0.09822121,-0.18478757
132396000,-0.72530407,0.4145831,-0.27040473
132400000,-0.20598574,0.15321092,-0.39817673
132408000,0.34411728,-0.27985328,0.18531898
132412000,0.15954944,-0.015575215,0.3108221
132416000,0.03030251,0.19436057,0.17010225
132420000,-0.25721836,0.14725222,0.06211584
132424000,-0.49949628,-0.093017034,-0.19563593
132428000,-0.5515277,-0.092120245,-0.56278527
132432000,-0.23565245,0.16235037,-0.58465165
132436000,-0.014686298,0.47382632,-0.12028994
132440000,-0.048354536,0.55524707,0.2434762
132444000,0.17569776,0.3541993,0.02550304
132448000,0.3110113,0.23698659,-0.08910844
132452000,0.023062192,0.18079641,0.49107277
132456000,-0.17709242,0.039792754,0.8042966
132460000,0.07060884,-0.08867641,0.34993854
132464000,0.38141757,-0.08713008,-0.20953152
132468000,0.30344027,0.15534893,-0.5306749
132472000,0.20021828,0.4309252,-0.15007909
132476000,0.3515034,0.09877187,0.31886053
132480000,-0.06980774,-0.50534856,0.33315513
132484000,-0.55834484,-0.5768213,0.47633657
132488000,-0.19194965,-0.20158494,0.07958707
132492000,0.067948885,0.12556371,-0.5099034
132496000,-0.16347697,0.06821904,-0.40701792
132500000,-0.27880758,-0.19515973,-0.061692074
132504000,-0.12236078,-0.24028257,0.08192309
132508000,-0.025637131,-0.27860016,-0.0668128
132516000,0.05693122,0.39920205,-0.22134446
132520000,-0.1268162,0.97913677,-0.44464406
132528000,0.223238,-0.051283594,-0.038734704
132532000,0.69187534,-0.11938887,0.09765972
132536000,0.40229025,-0.15910582,0.27208245
132540000,-0.13151169,-0.18344635,0.3484337
132544000,-0.63827926,-0.11206955,0.07236069
132552000,-0.13821739,-0.12177053,-0.22929862
132556000,0.3665818,0.10463098,0.4528265
132560000,0.18839541,0.21922934,0.5514467
132564000,0.2179517,0.037472297,-0.058202893
132568000,0.60994697,-0.39912993,-0.17590423
132572000,0.5863841,-0.19811457,0.07827249
132576000,0.2311883,0.2345354,0.22085574
132584000,-0.43851686,0.33233544,-0.14962217
132588000,-0.33245957,0.13331503,-0.71751595
132592000,-0.40859717,0.00621637,-0.6090232
132600000,-0.23889992,-0.88426495,0.54570323
132608000,0.000394564,-0.44423297,0.13516757
132612000,0.26549363,-0.14940514,-0.2705704
132616000,0.34318513,0.27694142,-0.5032203
132624000,-0.626379,0.34793657,-0.15906256
132628000,-0.90944666,0.5814401,-0.29768884
132632000,-0.48858398,0.52333426,-0.63700056
132636000,0.29337156,0.35296124,-0.45900202
132640000,0.45931727,0.32833305,-0.009607591
132648000,0.25650308,-0.7582995,0.49033087
132652000,0.4209003,-0.7902292,0.20579451
132656000,0.16554432,-0.7898072,-0.076341316
132664000,-0.38589334,0.7535047,0.30123863
132668000,0.2643758,1.1913205,0.2939518
132672000,0.40059325,0.46834543,0.16250232
132676000,-0.07946955,-0.14396572,0.123627454
132680000,-0.42543483,-0.22683293,0.014600953
132684000,-0.42224252,-0.3684674,-0.06121298
132688000,-0.18606313,-0.56125677,-0.30903155
132692000,0.08820826,-0.32077295,-0.66918534
132696000,0.25801617,0.31562698,-0.43335485
132704000,-0.28053057,0.6034491,0.34168622
132712000,0.24070951,-0.17445785,0.33315808
132716000,0.47500816,-0.10243728,0.19289824
132720000,-0.069484964,0.0411224,0.01270508
132724000,-0.42321938,0.08638568,0.25235114
132728000,0.11598289,-0.29474407,0.048813656
132732000,0.5068035,-0.7536114,-0.7157339
132740000,-0.124058664,-0.8679559,0.17464519
132744000,-0.20070434,-0.19490474,0.31421915
132748000,-0.25566423,0.29873177,0.37619704
132756000,-0.15198162,0.07988124,0.39825964
132764000,-0.12660551,0.03945172,-0.33821657
132768000,0.45321873,0.01839342,-0.6100454
132772000,0.58054245,0.5544094,-0.45978913
132776000,-0.10043198,0.7874558,-0.26301718
132784000,-0.06958459,0.16262114,0.705826
132792000,-0.46058008,-1.0338417,-0.7159953
132796000,-0.19598785,-0.8885546,-0.64433146
132804000,0.65508723,-0.036512792,0.39602405
132808000,0.59860885,0.21607462,0.48704702
132812000,0.52343297,0.45887998,0.32649946
132816000,0.29790944,0.8160329,0.29904056
132820000,-0.39694846,0.8175946,0.3714065
132828000,-0.9822022,-0.10576828,-0.21292044
132836000,0.59566784,-0.45668158,-0.5010124
132844000,-0.1513078,-0.39000058,0.05720529
132848000,-0.16007617,0.108051375,-0.04757373
132852000,0.13735396,0.5471886,-0.05543852
132856000,-0.017595164,0.35429472,-0.1692523
132864000,-0.4572187,-0.3017707,0.011481039
132868000,-0.45976472,0.06343721,-0.18104744
132872000,-0.15227081,0.12861589,-0.04873976
132876000,0.37961915,-0.26074475,-0.075646
132880000,0.58598125,-0.39386255,-0.15015751
132884000,0.2588751,-0.23316438,0.14260824
132888000,-0.022338286,0.0771205,0.15156984
132892000,0.24596485,0.46706977,-0.3101912
132896000,0.24820456,0.40768278,-0.51711476
132904000,-0.44358796,0.12769917,0.35148823
132908000,-0.39061558,0.07639502,0.6425384
132912000,-0.15792643,-0.1005663,-0.10534683
132920000,0.11156097,-0.37351906,-0.18906027
132924000,0.36923328,-0.2414108,-0.15345842
132932000,0.37279427,0.7377495,0.63647044
132936000,0.2574524,0.88239974,0.9362267
132940000,-0.066834286,0.10314751,0.41919887
132944000,-0.41913417,-0.56485826,0.008860327
132952000,-0.40801337,-0.08411504,-0.367732
132956000,-0.68176144,0.44250125,-0.7135444
132960000,-0.29444733,0.37046438,-0.5696218
132964000,0.48412725,0.013337671,0.05183834
132968000,0.9548287,-0.29724365,0.56790787
132972000,0.48854414,-0.3544312,0.38549745
132976000,-0.35352123,-0.34186262,-0.17855908
132980000,-0.5910431,-0.06467162,-0.07668622
132984000,-0.52768856,0.40993005,0.3121459
132988000,-0.2991093,0.4341818,0.15974405
132992000,0.1848567,0.41649315,0.0016654
132996000,0.48656538,0.10649739,-0.001559358
133004000,0.110391594,-0.6753607,-0.39580655
133008000,0.24607792,-0.5068939,-0.47766075
133012000,0.04174237,-0.33582273,-0.48081744
133016000,-0.32287455,0.39892372,-0.29545248
133024000,-0.1494011,0.69177926,0.49762258
133032000,-0.013486877,-0.37198842,-0.26139495
133036000,0.2526899,-0.25759572,0.25120127
133040000,0.045105793,-0.029341273,0.48608804
133044000,-0.3269339,0.24326861,0.19082102
133048000,-0.5197617,0.39552253,-0.10540606
133052000,-0.30531776,-0.024326473,-0.44753572
133056000,0.06986882,-0.22822239,-0.5472081
133060000,0.10865318,0.004364409,-0.1487351
133064000,0.061971173,0.32986507,0.025629083
133068000,-0.025250353,0.64984524,0.21311986
133072000,-0.050301306,0.30690637,0.86047864
133076000,-0.026006922,-0.5584523,0.7901514
133080000,-0.1994122,-0.8221714,-0.105575114
133084000,-0.12905124,-0.3350848,-0.8497102
133088000,0.24625663,0.04935814,-0.70499086
133092000,0.7870376,-0.02488591,0.17497441
133096000,0.68980074,-0.32128125,0.68448466
133100000,-0.38960364,-0.17737556,0.65680027
133104000,-0.9319128,0.07977453,0.40310174
133108000,-0.64923775,-0.109338544,-0.09644921
133112000,-0.28229102,0.01004,-0.5417746
133116000,0.30217338,0.26241618,-0.65984225
133120000,0.70201564,0.11199078,-0.22832313
133124000,0.16534822,0.1707448,0.43705094
133128000,-0.45212755,0.25716195,0.3731765
133132000,-0.28437024,-0.019840553,0.00158076
133136000,0.31549558,-0.05677864,0.016304955
133140000,0.68434644,0.28611916,-0.10231255
133144000,0.3230121,0.29753563,-0.20020095
133148000,-0.22637579,-0.010793746,0.18109539
133152000,-0.14345266,0.09691849,0.3854896
133156000,0.2738377,0.053887323,-0.12404603
133160000,0.060171857,-0.15906104,-0.6589654
133164000,-0.35572082,-0.013852567,-0.53366077
133168000,-0.09172649,0.040538713,-0.33175415
133176000,0.37598205,0.2203247,0.33508426
133180000,0.1639586,0.21293044,0.5243909
133188000,-0.03385296,-0.19981232,0.15419738
133192000,-0.5904331,-0.22720066,0.37203932
133200000,-0.15436524,-0.55413055,-0.07528223
133204000,0.81553864,-0.15377034,-0.21273303
133208000,0.5040948,0.1330547,-0.5860252
133212000,-0.13335901,0.46105835,-0.544304
133216000,-0.26433635,0.51733613,-0.24707747
133220000,-0.29550397,0.37872362,-0.11685358
133228000,0.202879,0.1368812,0.12362445
133236000,-0.2957427,-0.106552236,-0.09755002
133240000,-0.2575988,-0.40104222,-0.17778528
133244000,0.008080104,-0.4379987,0.29897487
133248000,0.36246255,-0.19962081,0.4250546
133252000,0.3619275,0.008034861,0.50677794
133256000,-0.10431245,0.040718842,0.38512468
133260000,-0.26853156,-0.05059567,-0.001327425
133268000,0.43890575,-0.30217507,-0.79408926
133272000,0.5086404,0.16039625,-0.3321932
133280000,0.2230292,0.3471829,0.29380912
133284000,0.042602554,-0.3656696,-0.077437244
133288000,-0.07914164,-0.32146537,-0.2301978
133292000,-0.20833926,-0.123305775,-0.07283187
133296000,-0.28902745,-0.16143245,0.062140923
133300000,-0.4830602,0.25217694,0.13414255
133304000,-0.45448515,0.5505916,0.30240804
133308000,-0.11115605,0.061339363,0.418075
133312000,-0.23404479,-0.65780574,0.24273567
133316000,-0.67908263,-0.63343966,0.12817952
133320000,-0.3287778,0.052753657,0.11984709
133324000,0.7094993,0.47617614,-0.19323403
133332000,0.23676147,0.2733118,-0.51176524
133336000,-0.48853695,0.26131293,-0.12503636
133344000,-0.5781774,-0.0839245,0.49962893
133348000,0.16094154,-0.4015623,0.55457556
133352000,0.73545706,-0.47145933,0.42429322
133356000,0.67886114,-0.08320398,0.005151525
133364000,0.20427461,-0.036046594,-0.5810429
133368000,0.07417477,-0.38014954,-0.43785316
133372000,-0.26334667,-0.48176217,-0.4176832
133376000,-0.40286487,-0.44412726,-0.2825165
133380000,-0.25546932,-0.25299606,0.12776254
133384000,-0.2518154,0.005876415,0.051081628
133392000,0.69181293,0.19763196,-0.23514694
133396000,0.29065663,0.48197085,-0.004976155
133400000,-0.41043225,0.46621084,0.44319847
133408000,-0.04336968,-0.20577008,0.27122036
133416000,0.17998233,-0.3497404,-0.023766901
133420000,-0.34511617,-0.12661348,-0.26452935
133428000,-0.30193114,-0.40386945,-0.4951899
133432000,0.65138453,-0.19553797,-0.52674377
133436000,0.8174981,0.18405984,-0.1650608
133444000,-0.023026526,0.25336108,0.28332067
133448000,-0.35688108,0.5385963,0.44541296
133452000,-0.3050382,0.2403661,0.3564512
133456000,0.06541504,-0.16939919,-0.21708445
133464000,0.048098158,-0.36293477,-0.23835388
133468000,0.27667612,-0.16626236,-0.03288287
133476000,-0.36948317,0.43404502,0.39776406
133480000,-0.5672325,0.32892033,0.41861743
133484000,-0.30222976,0.21375322,-0.09819339
133492000,-0.000108555,0.10679815,-0.12459497
133496000,0.1262955,0.20754065,-0.041375484
133500000,0.36276007,0.071583934,-0.2182137
133508000,0.08902146,0.20512974,0.111296885
133512000,-0.16010584,-0.025885127,0.37926054
133516000,-0.299956,-0.35586944,0.16867895
133520000,-0.29844707,-0.015732795,-0.014627755
133524000,-0.29129362,-0.04140106,0.1576021
133528000,-0.3814407,-0.55957025,0.11652562
133532000,0.048093617,-0.51269025,0.01821665
133540000,0.45478308,0.052691355,0.32561672
133548000,-0.16846187,0.08781624,-0.45529607
133552000,-0.16165031,0.18966977,-0.5524242
133556000,-0.20389742,0.3720595,-0.46468994
133560000,0.06690147,0.55651516,0.011129111
133564000,0.3554735,0.15551017,0.4423991
133572000,0.43581527,-0.20445779,-0.3442967
133576000,0.16968232,0.1710033,0.003560692
133580000,-0.4915938,-0.000756316,0.5735969
133584000,-0.6232439,-0.22802293,0.4233597
133588000,0.042511404,0.2769712,0.09693205
133592000,0.47395697,0.42056036,-0.10839262
133596000,0.3664847,0.061722204,-0.26303214
133604000,-0.07304257,-0.0323433,-0.5115361
133608000,-0.43884313,-0.05778748,-0.4884352
133612000,-0.6588508,-0.09382673,0.24618371
133616000,-0.3014625,-0.070884176,0.6141679
133620000,0.15726835,-0.11749753,0.035018742
133624000,0.18812485,-0.34602314,-0.1176227
133628000,-0.068772174,-0.65643734,0.45718592
133632000,-0.260111,-0.38712472,0.44283205
133636000,-0.12464322,0.15741715,-0.12940067
133644000,0.55397326,0.57502776,-0.28371465
133648000,-0.007208377,0.17101681,-0.001242479
133652000,-0.50426006,-0.30542096,0.113125965
133660000,-0.30704823,-0.16209978,-0.21813154
133668000,-0.041569322,0.21620435,-0.38481832
133672000,0.63733923,0.39998415,0.43485278
133676000,0.7864387,0.48907483,0.837286
133680000,0.3211079,0.041406646,0.7481234
133684000,0.07700767,-0.6183967,0.15052134
133692000,0.34436244,0.08414441,-0.444589
133696000,0.32784697,0.39532968,-0.42616367
133700000,0.17494065,0.24196525,-0.40261793
133704000,-0.29112214,0.062033657,-0.24448885
133708000,-0.514995,-0.017135542,-0.02988822
133716000,0.1311124,-0.1376782,0.3054983
133720000,0.4898671,-0.10640639,-0.01929082
133724000,0.19212213,0.018333435,-0.2581053
133728000,-0.34180975,0.070930086,-0.2951404
133732000,-0.16274676,-0.26343983,-0.21473785
133736000,0.26439112,-0.3604566,-0.01337938
133740000,0.26116133,0.26662695,0.15824309
133744000,0.1046336,0.5784567,0.5978403
133748000,0.13541906,0.19626382,0.8318971
133756000,-0.057788566,0.051224373,-0.5624935
133760000,-0.21233697,-0.29385087,-0.49023837
133764000,-0.23964757,-0.51150876,0.08042368
133772000,-0.100325465,-0.122054964,0.34133554
133776000,-0.16221958,0.05313414,0.65189326
133784000,-0.42739195,-0.0543745,-1.0027388
133788000,-0.15402144,0.048966914,-1.0956565
133792000,0.035764948,0.35312313,0.001857579
133796000,0.2915728,0.30914706,0.7894279
133800000,0.6210808,0.09329821,0.5065166
133804000,0.5052463,-0.08066547,-0.30811697
133812000,-0.22227584,-0.5885444,-0.29944164
133816000,-0.3990597,-0.13145518,0.15690677
133820000,-0.41722488,0.24347907,-0.110936046
133824000,-0.2203985,0.14624706,-0.26877606
133832000,0.3174819,0.8670254,0.19973734
133836000,0.1928931,0.32860133,0.106901
133844000,-0.31044304,-0.44565254,0.33313876
133848000,-0.21688582,-0.39251938,0.319337
133852000,0.08172195,-0.37909684,-0.024272308
133860000,0.5844313,0.6118543,0.05239693
133864000,0.09794195,0.8655016,-0.017235253
133872000,-0.45269412,0.20501955,0.066481575
133876000,0.17228518,0.10533072,-0.04625661
133884000,-0.01450327,-0.6671251,-0.3053522
133888000,-0.46709067,-0.81611836,0.017982453
133892000,-0.46189684,-0.4638129,-0.2508231
133896000,-0.05896966,-0.5825058,-0.52497995
133900000,-0.020216644,-0.95440555,0.04196559
133904000,0.07679163,-0.52464604,0.9307952
133912000,0.13746287,0.6609774,0.35108346
133916000,0.23205078,0.7051786,-0.18994714
133920000,0.32321772,0.41922146,-0.1467457
133924000,0.47194466,-0.2776245,0.03936913
133932000,0.28173053,-0.40784413,-0.8162444
133936000,0.031720083,0.11912516,-0.25531763
133940000,-0.30802333,0.54951644,0.66153044
133944000,-0.5585334,0.50382054,0.83151776
133948000,-0.47681034,0.25281686,0.61787707
133952000,-0.0317029,0.1649903,0.056229427
133956000,0.5261077,0.022198454,-0.56538486
133964000,0.04587987,0.31490898,-0.01307632
133968000,-0.17612135,-0.18017149,-0.03877583
133972000,-0.11898873,-0.5123287,-0.1067287
133976000,0.036326766,-0.36248028,-0.16449285
133980000,0.27431223,-0.49956205,-0.40296122
133984000,0.24673268,-0.21119113,-0.5479677
133988000,-0.10416475,0.5292453,-0.3268546
133992000,-0.35125804,0.6093901,-0.27349862
133996000,-0.32872185,0.065281995,-0.2629757
134000000,-0.2651676,-0.4611167,0.23015444
134004000,-0.33008733,-0.56303173,0.5265094
134008000,-0.18765917,-0.25927466,0.2786063
134012000,0.07552968,0.13206646,0.043658584
134016000,0.109609365,0.27432,-0.040649265
134020000,0.10850001,0.2413216,-0.14854959
134024000,0.17386658,0.20217423,-0.14566037
134028000,0.25999725,-0.022317804,0.3177847
134032000,0.3032655,-0.09151568,0.7900635
134040000,0.18005711,0.36985433,-0.91764987
134044000,0.609832,0.0707646,-1.0528814
134052000,0.000889935,0.28887233,0.094956204
134060000,-0.47092968,0.25630507,0.5394489
134068000,0.10458039,-0.76734924,0.124546
134072000,-0.5824925,-0.68506646,0.27685338
134076000,-0.7194914,-0.30897385,0.46487808
134080000,-0.318397,0.20934796,0.20281848
134088000,0.22005945,0.090968266,0.003438145
134092000,0.25427428,0.073991716,-0.4291251
134100000,-0.00689952,0.63360673,-0.88131917
134104000,0.12795891,0.45130432,-0.5626698
134108000,0.13952953,-0.006303191,-0.025645614
134116000,-0.17833626,-0.49096704,0.67695606
134120000,0.07455972,-0.44742423,0.4874729
134128000,0.5233554,0.1482282,0.08554762
134132000,0.25326392,0.11204599,0.28021896
134136000,0.15714929,-0.017405909,0.07679304
134140000,0.29488182,0.04389222,-0.30980754
134148000,-0.13117781,-0.26923478,0.028457696
134152000,-0.32624093,-0.563859,0.27258188
134160000,-0.44159284,0.21417747,0.49333614
134164000,-0.35004914,-0.27072832,-0.06773512
134168000,-0.13565712,-0.2988606,-0.5805584
134172000,0.20178095,0.34674996,-0.5952885
134176000,0.39380953,0.65816224,-0.09474231
134180000,0.20316435,0.23144065,0.38333416
134184000,-0.1689083,0.025645262,0.49398398
134188000,-0.21942855,0.12483784,-0.049874038
134192000,0.000705646,-0.100861445,-0.76471436
134200000,0.035308845,0.10273523,-0.02094376
134208000,0.2209728,0.16028433,0.34044763
134212000,0.30874544,-0.046111204,-0.27358833
134216000,-0.15195736,0.04720185,-0.67427874
134220000,-0.56203157,0.28932565,-0.5130734
134228000,0.3132271,-0.26509356,0.41031274
134232000,0.3880141,0.061298132,0.2910138
134240000,0.18456033,0.27105457,-0.25740865
134244000,0.42193422,0.49443027,0.049122784
134248000,-0.059014097,0.1730315,0.36888862
134252000,-0.4442156,-0.1669639,0.2429333
134256000,-0.091101035,-0.08590978,0.29831377
134260000,0.031567056,-0.0379934,0.40182072
134264000,-0.1533173,-0.07511236,-0.081061184
134268000,-0.17806102,-0.18199427,-0.71077985
134276000,0.10225902,-0.63243264,-0.24615139
134280000,-0.36882412,-0.5687778,0.33164144
134284000,-0.40072894,-0.11353245,0.41242385
134292000,0.21111971,0.6703019,-0.3796329
134296000,-0.057234287,0.29109997,-0.5438428
134300000,0.15912405,-0.10071341,0.008653581
134304000,0.78483933,-0.25317666,0.6346059
134308000,0.61818326,-0.15487698,0.3132652
134312000,-0.18295725,0.021392297,-0.43647167
134320000,-0.31134877,0.28984687,-0.06966592
134324000,0.0688515,0.6393949,0.59838843
134328000,0.38131598,0.4991836,0.8982898
134332000,0.20717618,-0.40908048,0.53070486
134340000,-0.66849345,-0.31980228,-0.17586944
134344000,-0.16489407,0.26402518,-0.40031525
134348000,0.29237914,-0.060579628,-0.31034628
134356000,-0.2258901,-0.5099201,0.42198807
134360000,-0.20316607,0.22831699,0.3527199
134364000,0.22257462,0.30368704,0.1379835
134368000,0.51924527,0.07051406,-0.09090503
134372000,0.23216423,0.13232407,-0.53016245
134380000,-0.31488588,0.6681435,-0.06616947
134384000,-0.09855648,-0.0799337,-0.04971879
134388000,0.14702184,-0.35426125,-0.43983918
134392000,0.31709448,0.16634947,-0.16800395
134400000,0.21649113,-0.29372862,0.2808877
134408000,-0.26282302,-0.2930098,-0.10196166
134412000,-0.47250712,0.2544044,-0.23276718
134416000,-0.15270348,0.20443043,-0.117100306
134424000,0.5213133,0.23062643,0.3564404
134428000,0.39072245,0.34889317,0.85520273
134432000,-0.17301962,-0.37252426,0.79657966
134436000,-0.24698403,-0.7640139,0.28170672
134440000,0.22657534,-0.12819585,-0.41931725
134444000,0.3908679,0.05096262,-0.3371266
134452000,-0.058927238,0.347761,0.025295332
134456000,-0.21807948,0.56133133,-0.6535468
134460000,-0.26356924,0.22920918,-0.6892575
134464000,-0.022397034,-0.028536607,-0.2473166
134468000,-0.060828775,-0.124179676,-0.002301334
134472000,-0.52213836,-0.3009076,-0.006957788
134476000,-0.3075583,-0.16073559,-0.15448883
134484000,0.41108656,0.2864086,-0.35368615
134488000,0.06863067,-0.35358354,-0.15801017
134492000,-0.034757752,-0.6291479,0.15087965
134496000,-0.011223747,-0.22491314,0.2387526
134500000,-0.04670356,0.40252265,-0.006338641
134504000,-0.21791969,0.60713726,-0.1796408
134508000,-0.33421648,0.37263018,0.026115416
134512000,-0.1769614,-0.01681766,0.49166238
134516000,0.016399682,-0.35081118,0.5221549
134524000,-0.35979116,-0.14845784,-0.15885878
134528000,-0.06172745,-0.0875682,0.050507717
134536000,0.32356608,-0.3470804,-0.29241642
134540000,-0.39674467,-0.21531397,-0.028166175
134544000,-0.14127243,0.10984695,0.23161757
134552000,0.45584577,0.06947476,0.1704191
134556000,0.34115058,-0.25685954,0.03614503
134560000,0.050103173,-0.006596118,-0.12878542
134568000,-0.24354126,0.6547261,-0.06882811
134572000,0.2495538,0.51777554,-0.1777762
134576000,0.37390256,-0.04287453,0.13557212
134580000,0.070156224,-0.38911605,-0.064763024
134588000,-0.31828833,0.14039004,-0.6107068
134592000,-0.09836812,-0.034865983,0.026407987
134596000,-0.095557936,-0.15966572,0.34816894
134600000,-0.12256974,0.05775188,0.36333036
134604000,0.08541561,0.366447,0.35804647
134608000,0.27510825,0.04792647,0.3143676
134612000,0.13068014,-0.45804006,0.19657293
134616000,-0.33897638,-0.58887655,-0.1092598
134624000,-0.11767288,0.2793185,-0.5510252
134628000,0.08735636,0.4236105,-0.31556302
134632000,0.11993739,0.5407974,0.27363554
134640000,-0.23247203,0.6950273,0.5534632
134644000,-0.84729254,0.14365835,0.3107213
134648000,-0.653296,-0.31907573,-0.069979
134652000,0.1718323,-0.6873195,-0.5918131
134656000,0.41839588,-0.7301665,-0.5971705
134660000,0.18364848,-0.6667152,-0.05664663
134664000,0.19391397,-0.46360958,0.3517115
134668000,0.02014283,-0.20186222,0.12699613
134676000,-0.23648265,0.005725436,-0.04763482
134680000,0.013715848,-0.100260705,0.25886676
134684000,-0.007714763,0.079196095,0.14104013
134692000,-0.24715024,0.23169315,-0.38029116
134700000,-0.15585665,0.30309284,-0.08837033
134704000,0.29967314,0.27063143,0.15038735
134708000,0.37771174,0.25511363,0.021809421
134712000,-0.048527665,0.21002755,-0.21175458
134716000,-0.4067914,-0.07320396,-0.041275814
134720000,-0.22282057,-0.524275,-0.07986965
134724000,0.15702757,-0.74249595,-0.13941926
134732000,0.34732175,0.051870324,0.49430922
134736000,-0.013384327,0.49769107,0.028136402
134740000,-0.12561437,0.5989224,-0.4680583
134744000,-0.35175022,0.12162177,-0.08595225
134748000,-0.7178501,-0.23544803,0.40273926
134752000,-0.33899045,0.023099512,0.6661846
134756000,0.21911995,0.29332942,0.6123638
134760000,0.5906895,0.21797837,0.113484606
134764000,0.5104969,-0.18580699,-0.15686965
134768000,-0.370311,-0.45628023,-0.22069944
134772000,-0.6988301,-0.34378147,-0.28978318
134776000,-0.40461755,-0.02478316,-0.25402972
134780000,-0.11641898,0.28619862,-0.19502437
134784000,0.33021203,0.0559313,-0.28428084
134792000,0.033445917,-0.13909112,-0.07733527
134796000,0.042072877,-0.08989871,0.64081985
134800000,0.34289172,-0.28433076,0.5793477
134804000,0.24097036,-0.2812035,-0.25401008
134812000,0.37868464,0.55562615,-0.39398888
134816000,0.5041729,0.5491452,-0.1877452
134820000,0.36024505,-0.26458448,0.21391831
134824000,-0.11280935,-0.6520827,0.41205728
134828000,-0.8213416,-0.24776226,0.37544596
134832000,-0.73025846,0.12436676,0.25918502
134840000,-0.001281135,0.04929202,-0.24236634
134844000,0.027348557,0.063835755,0.04389225
134848000,-0.014824264,0.3457193,0.00521433
134852000,-0.112942725,0.39127547,-0.29775488
134860000,-0.049745627,-0.021248266,-0.34824163
134864000,0.57432663,-0.47447738,0.058510825
134868000,0.76915586,-0.69914734,0.3372907
134872000,0.11133751,-0.36902553,0.037140727
134876000,-0.2563024,-0.113576114,-0.23677331
134880000,-0.062271178,-0.07820097,-0.10769047
134884000,0.1778611,-0.1773666,-0.020991832
134888000,0.124001004,-0.07521514,-0.24789509
134892000,-0.5456877,0.26457366,0.026262626
134900000,-0.50732994,0.11955349,0.7402099
134904000,0.15457474,-0.3153147,0.34126443
134908000,0.2753923,-0.2484217,-0.40886068
134912000,0.3553901,0.35877895,-0.53886247
134916000,0.4484253,0.55042005,-0.06642773
134920000,0.053483054,-0.0442186,0.26089805
134928000,0.1276584,-0.19730696,0.16880395
134932000,0.24679025,0.44379458,-0.08522538
134936000,0.060008027,0.5679943,-0.33525923
134944000,-0.09519371,-0.08866874,0.25712883
134948000,0.24643986,-0.13713679,-0.39278144
134952000,0.43758956,0.03202293,-0.8527947
134956000,0.05414007,0.1898489,0.014786243
134964000,-0.22674184,-0.10634617,0.9771911
134968000,0.16297236,-0.16316843,0.37470362
134972000,0.23522533,0.2909709,-0.089623675
134980000,0.15225679,-0.16405466,-0.4295977
134984000,-0.19213039,-0.31302255,-0.03602743
134992000,0.18398145,0.024816513,-0.37113336
134996000,0.18405542,0.08396606,-0.33149576
135000000,-0.011863697,-0.10579124,0.09702922
135008000,-0.32350233,0.2249462,0.30406713
135012000,0.011970431,0.79803634,0.21448521
135016000,0.5151138,0.7379961,0.34238455
135020000,0.41163945,0.16407919,-0.032358103
135024000,-0.09479581,-0.36136734,-0.73833245
135028000,-0.49156708,-0.6960142,-0.6411543
135032000,-0.37746757,-0.6151938,-0.05223196
135040000,0.036286727,0.2514191,0.029193603
135044000,0.04927823,0.17618777,-0.29878736
135048000,-0.07365228,-0.13576527,-0.25660193
135052000,0.044470847,-0.28917336,0.041401602
135056000,0.27238873,-0.17706871,0.37189797
135060000,0.086529024,0.27081493,0.50935507
135064000,-0.28872678,0.5944676,0.32944632
135068000,-0.16529876,0.35932457,0.17845783
135072000,0.3930267,0.13974321,0.088932514
135076000,0.55785936,-0.15194556,-0.1026399
135080000,0.1877765,-0.54054624,-0.12843487
135084000,-0.261676,-0.4728884,-0.11822291
135088000,-0.10758635,-0.031073734,-0.23384939
135096000,0.28113723,-0.11954628,0.06786553
135100000,0.035679772,-0.3421736,0.008019961
135104000,-0.3224743,-0.2660774,0.19945548
135108000,-0.2033247,-0.2936979,0.5253952
135112000,0.14807767,-0.16513604,0.13371041
135116000,0.28335592,0.3124252,-0.3588176
135120000,0.2415878,0.34700623,-0.2254159
135124000,0.15339714,-0.29134578,-0.14753915
135128000,0.1853499,-0.36719236,-0.36704382
135132000,0.36862054,0.3141281,-0.42241925
135140000,0.45431417,0.48238483,0.015694514
135144000,0.15056263,0.2831819,0.05085782
135148000,0.017022293,0.037170008,0.13873474
135152000,0.003753566,-0.18054664,0.23687488
135156000,-0.12292465,-0.17439905,-0.020602033
135160000,-0.10031464,0.018566538,-0.5686065
135164000,0.19278648,0.14647493,-0.79097897
135168000,-0.004097402,0.17892364,-0.44349894
135172000,-0.6668038,0.20033213,-0.034046724
135176000,-0.6599515,0.11217363,0.12585616
135184000,0.20369034,0.15542084,0.7088763
135188000,-0.18616942,-0.3420486,0.74349433
135192000,-0.43531406,-0.50232947,0.18014117
135196000,-0.027484491,-0.19577745,-0.3928033
135204000,0.19112514,0.115797654,-0.5165942
135212000,-0.07138286,0.032814994,-0.24688941
135216000,0.053479478,-0.1141242,0.1296891
135220000,0.08722639,-0.4477302,0.44363305
135224000,-0.14702137,-0.17562662,0.6310359
135228000,0.07570721,0.30567008,0.33419305
135232000,0.44810182,0.29325742,-0.14569724
135240000,-0.48222634,-0.41489297,-0.4607172
135244000,-0.18112028,-0.3429054,-0.216628
135252000,0.20534183,0.6768843,0.5014664
135256000,-0.088220134,0.65358055,0.35079235
135260000,-0.36369002,-0.1457384,0.18010443
135264000,-0.28942287,-0.59442604,0.13481876
135268000,0.2749631,-0.42530516,-0.06450428
135276000,0.24168709,0.66199243,-0.32887334
135284000,-0.33090577,-0.042262696,-0.36767656
135288000,-0.18478736,-0.023261163,0.37459522
135292000,-0.29594344,-0.10913473,0.6384592
135296000,-0.27156356,-0.26314333,-0.084957585
135304000,0.49005055,-0.031941205,-0.3805638
135308000,-0.04011166,0.22549641,-0.37272808
135316000,0.3479954,-0.40918565,0.4799653
135320000,0.6188785,-0.012313902,0.338831
135324000,0.3775022,0.59501827,0.019686155
135332000,-0.3088704,-0.31660601,0.022487197
135336000,-0.32792082,-0.5369563,0.27651867
135340000,0.042807937,-0.023375243,0.5073108
135348000,0.33118585,-0.007751592,-0.14934887
135352000,-0.4501664,-0.37865904,-0.42852542
135356000,-0.7177045,-0.21083778,-0.24124041
135360000,-0.38805604,0.3440616,-0.14358991
135364000,0.1753252,0.40089637,-0.03656186
135368000,0.5387555,-0.007089436,0.51237655
135372000,0.39560145,0.011219569,0.70508677
135376000,0.1427041,0.40061837,0.16367927
135380000,-0.08775075,0.6824689,-0.39862764
135388000,0.04531032,-0.032047927,-0.20392211
135396000,0.3016457,-1.0182567,-0.45676422
135404000,-0.3862329,-0.056150854,-0.025052294
135408000,0.105900034,0.03235503,0.2273936
135412000,0.11924973,0.15918322,0.39599168
135416000,-0.1594038,0.47979775,0.6974478
135424000,0.19085997,0.10770922,0.13312317
135432000,0.1532689,-0.034907833,-0.3098907
135440000,-0.31845102,-0.075179905,0.1995807
135444000,-0.29313985,-0.01573918,0.11776142
135448000,-0.16797596,-0.084893994,-0.08763075
135452000,-0.16521308,-0.13529323,-0.34502113
135456000,-0.09270179,0.33471927,-0.3119681
135464000,0.18587114,-0.15780392,-0.16966888
135472000,0.04424791,-0.3730601,0.03199978
135476000,0.5863707,0.1787112,0.1230363
135484000,0.006475389,0.3051399,0.453531
135488000,-0.97048104,0.6478241,0.15942678
135492000,-1.1071751,0.41858888,-0.43910134
135500000,0.3073843,0.002091974,0.009708971
135508000,1.075237,-0.2601483,0.61471903
135512000,0.85351884,-0.27686217,0.1426161
135516000,-0.11429492,0.026957948,-0.5188495
135520000,-0.87775916,0.3375401,-0.52273524
135524000,-0.8501116,-0.00214842,-0.019161433
135528000,-0.25696188,-0.47586125,-0.11681159
135532000,0.43623576,-0.35449407,-0.3290388
135536000,0.50374067,0.1795981,-0.03957122
135544000,0.10401715,0.311055,0.48304933
135548000,0.80344975,-0.040565327,0.40107203
135552000,0.7833542,-0.2182349,0.42385256
135556000,0.12309885,-0.29947293,0.07561836
135560000,-0.40988237,-0.5934895,-0.25052497
135564000,-0.7211939,-0.6555543,-0.23178647
135568000,-0.7738465,-0.24902436,-0.32631853
135576000,0.21394311,0.029090002,-0.3357822
135580000,0.15437093,0.16566315,0.01804842
135584000,-0.011467844,0.26707196,0.5582285
135588000,0.20019066,0.3804753,0.5370343
135592000,0.07670353,0.2954975,-0.07719724
135596000,-0.36471105,-0.000192404,-0.61164093
135600000,-0.03969592,-0.118577875,-0.26469988
135604000,0.24674854,-0.24068637,0.49273703
135612000,-0.050377402,-0.37968633,-0.666538
135616000,0.017322443,-0.118388444,-0.48351675
135620000,-0.09721011,0.33849993,0.15037312
135624000,-0.1845045,0.89447886,0.2984478
135628000,0.2950629,0.8210801,0.3328311
135636000,0.3934266,-1.0432866,0.26197228
135640000,0.14822403,-0.5466256,-0.24810411
135644000,0.06628111,0.06887825,-0.3028141
135648000,0.019794032,0.17998515,-0.06128429
135652000,0.11413263,0.07950542,-0.31784698
135660000,-0.48705912,0.19007815,-0.14586414
135664000,-0.33988327,0.45286986,0.3286429
135668000,-0.11689284,0.30682588,0.60096145
135672000,-0.20165206,0.038454354,0.6354183
135676000,-0.05160936,0.1179574,0.33314556
135684000,0.1361361,-0.5527166,0.04255621
135692000,0.1702706,0.24727717,-0.003952459
135700000,-0.70727104,0.019305073,-0.4984855
135704000,-0.64332235,-0.3756518,-0.8136405
135708000,-0.056137502,-0.43461725,-0.5740744
135716000,0.7905487,0.02696076,-0.7227264
135720000,0.540916,0.3826563,-0.3339265
135724000,0.012585714,0.36241007,0.663577
135732000,-0.38889313,-0.07247742,1.1093066
135736000,-0.3602063,-0.02516155,0.3779567
135744000,0.8301471,0.026737444,-0.28681156
135748000,0.37333727,-0.090656325,-0.1810391
135756000,0.13159382,0.381823,-0.019899894
135764000,-0.53207445,0.1372107,-0.37325937
135768000,-0.16378205,-0.2604072,-0.3827
135772000,0.3025785,-0.48242372,0.04732944
135780000,0.07075741,-0.106632665,0.45434144
135784000,-0.1729884,0.09750289,0.40920913
135788000,-0.6097554,0.23392008,0.33624423
135792000,-0.6085615,-0.036515728,-0.16232711
135796000,-0.27275884,-0.26473442,-0.6101198
135800000,0.011034004,0.0531898,-0.59625983
135804000,0.47038013,0.19765928,-0.091833144
135808000,0.7800838,-0.33348554,0.21945974
135816000,0.3070952,0.19049513,0.07812005
135820000,0.07443133,0.31182498,0.39572737
135824000,-0.20738995,-0.4243133,0.49710268
135828000,-0.75455666,-0.59011114,0.15837936
135832000,-1.0773233,-0.08215611,-0.4861486
135840000,0.6435149,0.52557766,-0.5225899
135844000,0.9961139,0.055659994,-0.19587241
135848000,0.34202045,0.016088948,0.21469115
135852000,0.2358672,0.46652097,0.6606895
135856000,0.24725473,0.2927025,0.47366297
135860000,-0.10000625,-0.06513773,-0.036175594
135868000,-0.07220493,0.034984194,0.13802382
135872000,-0.00257235,-0.6447198,-0.20706134
135876000,0.09235258,-0.6130957,-0.37578627
135880000,-0.06338479,0.3036154,-0.18670833
135884000,-0.51538557,0.71036696,-0.024613958
135892000,-0.7103418,-0.16599381,0.057639983
135896000,-0.20285425,-0.3891766,0.001774792
135904000,0.7199091,0.22054324,-0.1796279
135908000,0.79843616,0.30610973,-0.28524238
135912000,0.7080661,0.12307137,-0.2913637
135916000,0.4826091,-0.18318245,-0.07002189
135924000,-0.16299218,-0.526485,0.4305012
135928000,-0.00457985,-0.1760398,0.51293415
135932000,-0.06596081,0.252122,0.5678399
135936000,-0.26719263,0.3161958,0.17258261
135940000,-0.1577959,-0.060320884,-0.3941899
135944000,-0.03791387,-0.24255614,-0.50967866
135952000,-0.12275203,-0.26530126,0.02325815
135960000,0.42518887,0.17247626,0.8178611
135964000,0.3561679,0.5363457,0.11077598
135968000,0.25455657,0.5317049,-0.48711747
135972000,-0.001883023,0.16872467,-0.31079644
135980000,-0.7172044,0.43769404,0.09842414
135984000,-0.3337028,0.3743934,-0.19717848
135992000,-0.0676091,-0.28245786,-0.5064895
135996000,-0.13023835,-0.91592216,-0.028521322
136000000,0.12442808,-1.0963804,0.5372473
136004000,0.4647227,-0.5094242,0.65802586
136008000,0.20158942,0.13092,0.54175663
136012000,-0.48887986,0.30916256,0.18459642
136020000,0.009310037,0.658531,-0.4643488
136024000,0.33677438,0.5410093,-0.27441913
136032000,0.061698586,-0.2579639,0.14560375
136036000,-0.16295393,-0.20689468,-0.07332288
136040000,-0.25604904,0.206679,-0.37047684
136044000,-0.17537522,0.033649623,-0.5485904
136048000,-0.010284677,-0.3252338,-0.042859927
136052000,0.17400308,-0.12588365,0.60152626
136056000,0.23815231,-0.06632738,0.83770496
136060000,0.07477107,-0.19508481,0.69660026
136068000,-0.09305377,0.1242146,-0.24316302
136072000,0.35543254,0.3634006,-0.7569205
136076000,0.6059341,0.1414541,-0.9157511
136084000,-0.69641274,-0.33857822,0.12564465
136088000,-0.37270457,-0.2900908,0.3560805
136092000,0.36015254,-0.18725432,0.4265582
136096000,0.6592181,-0.19869852,0.26736605
136100000,0.2807486,-0.041916415,-0.025727972
136108000,-0.37069815,-0.43478116,0.5816434
136112000,-0.605053,0.01971586,0.24353924
136116000,-0.6253388,0.8099732,-0.17427383
136120000,0.22022441,1.0753278,-0.25496286
136124000,0.7480681,0.27305418,-0.4905003
136128000,0.46124578,-0.412162,-0.5130979
136132000,0.18576556,-0.2079661,0.056289345
136136000,0.08412242,0.11258975,0.5080541
136140000,0.077144794,0.08478939,0.18534662
136144000,-0.078566164,-0.14240846,-0.10235408
136148000,-0.20175122,-0.26155052,0.010438964
136152000,0.068634324,-0.111727655,-0.21387565
136156000,0.31723863,0.22814815,-0.2535844
136164000,0.4148401,-0.13608512,-0.22217888
136168000,0.080875866,-0.007333137,0.007468566
136172000,-0.30083632,0.25595036,0.451552
136176000,-0.17923003,0.31657705,0.57955945
136180000,0.054917578,0.1614137,0.6088644
136184000,-0.05817928,-0.06658612,0.52776855
136192000,-0.5578188,0.16540445,-0.8125565
136196000,0.003344953,0.073435664,-0.9507942
136200000,0.15268011,-0.24564114,-0.58042055
136204000,0.054209728,-0.4273638,-0.52185434
136212000,-0.13434282,-0.33505675,0.3647282
136216000,-0.1531056,-0.56737447,0.8198322
136220000,-0.33662274,0.09618831,0.729882
136224000,-0.2656526,0.61813056,0.28879243
136232000,0.17856267,-0.21726926,-0.28154218
136236000,0.5066614,-0.13330576,0.1780397
136240000,0.59482884,0.5616591,0.13243929
136248000,-0.20491464,-0.09356001,-0.11512716
136252000,-0.3587905,-0.4991274,0.23475136
136256000,-0.51514983,0.13484815,0.2854602
136264000,-0.031298697,-0.021924045,-0.07833387
136272000,0.59043926,-0.5176638,0.007077482
136276000,0.374473,-0.55250907,-0.40517187
136280000,0.035531446,-0.67288584,-0.4608156
136284000,-0.06552463,-0.25940543,0.104152516
136288000,0.19459191,0.34535956,0.44949126
136296000,-0.21490254,-0.07946788,-0.08245292
136300000,-0.36597574,-0.23433982,-0.16945428
136304000,-0.423698,0.026275486,0.10933615
136308000,-0.39291167,-0.036619894,0.217787
136312000,-0.16595516,-0.0534738,0.08093281
136320000,0.8132255,0.6152725,-0.5140583
136328000,0.16293973,-0.10793455,0.21934767
136332000,-0.15437756,-0.27877176,0.28568336
136340000,0.1820232,-0.010217257,-0.7016569
136344000,0.25167343,-0.15408564,-0.07451773
136348000,-0.074830115,-0.26223043,0.60272276
136352000,-0.2832172,-0.21937314,0.558663
136356000,-0.31598726,0.23980755,0.2613811
136364000,-0.110130735,-0.052388504,-0.7422061
136368000,0.20456338,-0.4738654,-0.45199704
136372000,0.126866,-0.05633706,0.20400909
136376000,-0.57143176,0.5006657,0.35994166
136380000,-0.6767261,0.3444886,0.3769117
136384000,0.32410228,-0.26814076,0.1645667
136388000,0.87309027,-0.3689172,-0.1418598
136392000,0.19561255,0.12810677,-0.3094223
136400000,-0.11407624,0.5579061,-0.44350097
136404000,-0.09596491,0.34270832,0.14887802
136412000,0.25541165,-0.051974103,0.5106662
136416000,-0.09612502,0.087367915,0.5486598
136420000,-0.5600331,0.073779956,0.28622043
136424000,-0.5318768,0.16020058,0.11113455
136428000,0.037209824,-0.050189763,-0.1497761
136432000,0.7526206,-0.49493596,-0.37740824
136436000,0.7622409,-0.6095608,-0.53581727
136440000,-0.0860067,-0.30994397,-0.55620056
136444000,-0.7380899,0.08629034,-0.060465723
136452000,0.03446108,0.32700625,0.23217118
136456000,0.40910974,-0.013193995,0.5098047
136460000,0.45535937,-0.29866606,0.62384206
136464000,0.22031903,-0.11937084,0.623979
136468000,0.052972186,0.12373242,0.6062615
136472000,-0.042394005,0.10921911,0.2826559
136476000,-0.07383107,0.003349561,-0.40703523
136480000,-0.3704215,-0.12981123,-0.8043755
136484000,-0.4734996,-0.069435045,-0.7606193
136488000,-0.06575361,0.33486104,-0.5237569
136492000,0.12597851,0.20598802,0.06853929
136496000,0.21387495,-0.31438348,0.45564204
136500000,0.27341157,-0.20181525,0.07437113
136504000,0.21576253,0.071549065,-0.34826425
136512000,0.81583524,0.27738592,0.60943073
136516000,0.22784577,-0.1079312,0.19676337
136520000,-0.22882587,-0.34897795,-0.2879814
136524000,-0.28198582,0.07710187,-0.19838789
136532000,-0.5644019,-0.47702473,0.28969333
136536000,-0.15055853,-0.777151,0.14198151
136540000,0.09249416,-0.3620472,0.18871795
136544000,0.19085127,0.25371823,-0.025076032
136552000,-0.20818797,0.55908704,-0.42043483
136556000,-0.28136504,0.25824207,-0.11198615
136564000,0.20753872,0.10752876,0.22484422
136572000,-0.1911931,-0.16371778,-0.65148777
136576000,-0.33283567,-0.69024336,-0.20751911
136584000,0.37874246,-0.025905948,0.41603962
136588000,0.45490468,0.13742742,0.55645585
136592000,-0.046759844,0.2859779,0.3182754
136596000,-0.36990368,0.25971094,-0.20573574
136600000,-0.21308903,-0.08341493,-0.5355833
136604000,0.034194395,-0.15720266,-0.28605786
136608000,-0.10654391,-0.22080731,0.23619674
136612000,-0.12065426,-0.6773893,0.20435895
136616000,-0.19297904,-0.4691,0.24471317
136620000,-0.5236636,0.2602989,0.39306712
136624000,-0.21301451,0.5363279,-0.1937145
136628000,0.49359593,0.4764573,-0.28860265
136632000,0.76818216,0.28772455,0.14872327
136636000,0.58178174,-0.13028535,0.117605686
136640000,0.28229398,-0.4354536,-0.14490455
136648000,-0.18739393,0.022203542,0.08512795
136656000,0.07370119,0.022697508,0.037121903
136660000,0.12181581,0.24548033,0.10607655
136664000,-0.1080976,0.102445744,0.1286547
136668000,0.1289996,-0.029120697,0.32761493
136672000,0.13312429,0.12065007,0.2345131
136680000,-0.75538135,0.4370856,-1.1255972
136684000,-0.23408571,0.15261409,-0.58259153
136688000,0.26533645,0.038196325,0.17187682
136692000,0.34146595,-0.2915392,0.4310919
136696000,0.10361317,-0.6108917,0.5090131
136700000,-0.10287742,-0.14091334,0.27727425
136704000,0.021968305,0.30372795,-0.18098699
136708000,-0.186598,0.18024841,-0.041515782
136712000,-0.38872105,-0.09732255,0.12414761
136716000,-0.05339311,0.011499241,0.021011401
136720000,-0.050630532,0.29887605,0.16977677
136724000,-0.17273755,0.021502748,0.2586949
136728000,0.23431568,-0.15133508,0.015630804
136736000,0.3939662,0.036547594,-0.2980425
136740000,-0.062704384,-0.23932046,-0.33651334
136744000,-0.26297864,-0.38328716,0.000544205
136748000,-0.026378661,-0.6195889,0.5533201
136752000,-0.21187244,-0.4571496,0.64006877
136760000,-0.3152765,0.73588336,0.07794909
136764000,0.28761095,0.78956556,-0.12631352
136768000,0.38221782,0.32639623,-0.3638457
136772000,0.22477195,-0.1497955,-0.25032288
136776000,-0.03304799,-0.3234553,0.1846591
136780000,-0.104205914,-0.17644648,0.31943062
136784000,0.09586933,-0.04126113,-0.09992044
136788000,0.4430808,-0.08133021,-0.3065983
136792000,0.29409853,0.06689827,-0.25188267
136796000,-0.30007374,0.35962373,-0.5043531
136800000,-0.61318094,0.36552078,-0.33854786
136804000,-0.3607195,-0.042893402,0.33444583
136812000,0.057042673,-0.45347753,0.069384485
136820000,-0.14514053,-0.18441707,-0.24540862
136824000,-0.047880247,-0.07890966,-0.19317949
136828000,0.25613764,-0.3674877,-0.07848535
136832000,0.07077889,-0.14315198,0.14385128
136836000,-0.16448542,0.6872825,0.419268
136840000,0.46834123,0.7563418,0.31630263
136844000,0.57698023,0.1558597,-0.30657363
136848000,-0.009569079,-0.000246689,-0.24978623
136852000,0.037272856,-0.18174778,0.45650968
136856000,0.19782203,-0.52543074,0.42389247
136864000,-0.32880187,0.271652,0.48730993
136868000,-0.15691741,0.17434895,0.3605703
136872000,0.34916222,-0.08214196,0.024696928
136876000,0.5595881,-0.020737264,-0.24989791
136880000,0.51719284,0.061893385,-0.39902282
136884000,0.3417877,0.18043181,-0.42881328
136888000,-0.40148276,0.43249074,-0.2369655
136892000,-0.89620864,0.32861158,0.24112657
136896000,-0.5501505,-0.27457538,0.20314777
136900000,-0.3009489,-0.83869857,-0.044715527
136908000,0.3929717,-0.13714796,0.016442243
136912000,0.3605767,0.7352325,-0.116020866
136916000,0.2923002,0.9399705,-0.018189281
136924000,-0.3723256,-0.24335212,-0.44212505
136928000,-0.63921446,-0.16782135,-0.36605504
136932000,-0.5992355,0.02154579,-0.08485018
136936000,-0.05021751,-0.25074998,0.055570867
136944000,0.25109196,0.062674,0.23310071
136948000,0.055735476,0.060273737,0.31574926
136952000,-0.1365622,0.16094637,0.26596856
136960000,0.14370295,-0.048604667,-0.25996462
136964000,0.33780098,-0.35890096,-0.4479535
136968000,0.34133732,-0.25513956,-0.45002612
136972000,0.0581415,-0.24158153,-0.20849279
136980000,-0.043400258,-0.029301882,0.29327676
136984000,0.24557395,0.31532127,0.06608096
136988000,0.30705053,0.6218746,-0.008414885
136992000,0.39243293,0.27514467,0.08222189
136996000,0.46929753,-0.30484295,-0.04749289
137004000,0.29362124,-0.30494705,0.57738984
137008000,-0.051347762,-0.16723087,0.18885411
137012000,-0.28285545,0.41589826,-0.28344887
137016000,-0.47390255,0.7280146,-0.04173948
137024000,-0.64301956,-0.21434203,-0.22397259
137028000,-0.45847097,-0.1897058,-0.29477146
137032000,0.12326273,-0.06554489,-0.067903206
137036000,0.20717978,-0.43283764,0.100947194
137040000,-0.062356353,-0.8527752,0.016591452
137048000,-0.20490324,0.12101573,0.16403504
137052000,-0.8399681,0.8171191,0.060705848
137060000,-0.42438763,0.9030062,-0.2748784
137064000,-0.003436908,0.24303876,-0.3769428
137068000,0.51137483,-0.76786304,0.12620911
137072000,0.71389145,-1.1898918,0.5643167
137076000,0.53731304,-0.52942634,0.6267005
137080000,0.23580459,0.11950132,0.38895643
137084000,0.08982202,0.10782653,-0.17912275
137092000,-0.6241911,0.54510975,-0.08928317
137096000,-0.009705037,0.122734696,-0.04481559
137100000,0.56371635,-0.28856972,-0.116688445
137104000,0.31291237,-0.1746653,-0.1117455
137108000,0.21042266,-0.17150964,0.035580523
137112000,0.3486149,-0.3320637,0.09575018
137116000,0.25378442,-0.3708446,-0.12960501
137124000,0.002896732,0.16669814,-0.61307997
137128000,-0.15242675,0.45015016,-0.63837284
137132000,-0.3529955,0.11196993,0.059646234
137140000,-0.054443732,-0.1686238,0.6358658
137144000,-0.3868375,0.26922348,0.02166456
137148000,-0.31473118,0.49266547,-0.21654859
137152000,0.16120166,0.51983356,0.001373924
137156000,0.63887876,0.2742247,0.107711315
137160000,0.3570705,-0.20122501,0.09954627
137164000,0.002563261,-0.5691986,0.32652566
137168000,0.39819622,-0.4830718,0.23098391
137172000,0.4685266,-0.16831535,-0.05980684
137176000,-0.029841632,-0.037181042,0.09148707
137180000,-0.17058456,-0.017085943,0.35343587
137184000,-0.16633797,0.012598419,0.38643894
137188000,-0.48033068,0.25107563,0.24186899
137192000,-0.68383664,0.4116248,0.01134254
137196000,-0.49944988,-0.04635486,-0.2344915
137200000,-0.41770118,-0.2985246,-0.385404
137204000,-0.28634524,-0.028950974,-0.4231605
137212000,0.7476388,-0.4265151,-0.09101058
137216000,0.6017492,-0.26945716,0.23091808
137220000,0.13116202,0.27187285,-0.04176569
137224000,-0.29342085,0.4642499,-0.44092724
137228000,-0.37059668,0.47467172,-0.21069005
137232000,-0.15877005,0.47781327,0.072827116
137240000,-0.0953204,0.20963423,-0.26923496
137244000,-0.3479405,0.15280184,0.046520263
137248000,-0.21410549,-0.20290548,0.36070484
137252000,-0.043279067,-0.5995531,0.064310536
137256000,-0.16470058,-0.49662423,-0.21676701
137260000,0.032122914,-0.013743356,-0.16804367
137264000,0.5883856,0.32516736,-0.120919034
137268000,0.5331467,0.53335017,0.13987127
137272000,-0.23490594,0.30093232,0.776997
137276000,-0.48680285,-0.16327764,0.907967
137280000,0.025971487,-0.0586029,0.3408847
137284000,0.36062944,-0.12319757,-0.27250034
137292000,-0.061577827,-0.74761295,-0.33861923
137296000,-0.42978314,-0.38015765,-0.26107347
137304000,0.23202182,0.46121895,0.106563464
137312000,0.016103283,0.068620935,0.27975705
137316000,-0.19356987,0.05479568,-0.2102842
137320000,-0.21590853,0.1943312,-0.45186546
137324000,-0.17015022,-0.082335055,-0.26695338
137328000,0.25199947,-0.15900183,-0.30397463
137332000,0.99094117,-0.03351529,-0.5901793
137340000,0.27157354,0.3171625,0.29030424
137344000,-0.22573572,0.8593933,0.60935575
137348000,-0.07679722,0.6498419,0.10435864
137352000,-0.0969806,0.1628521,-0.3629705
137356000,-0.61334974,-0.15700996,-0.17337932
137364000,-0.27761564,-0.7115115,0.15545973
137368000,-0.02568828,-0.6057473,-0.039749235
137372000,0.06605208,-0.027171537,-0.05601091
137376000,-0.047713816,0.5559562,0.3778698
137380000,-0.24246947,0.49430388,0.8578411
137384000,-0.16245615,-0.07737467,0.6268796
137388000,-0.30727673,-0.41447738,-0.06056647
137392000,-0.35083145,-0.34222174,-0.431497
137396000,-0.07672118,-0.23605901,-0.4148172
137400000,0.14445789,-0.21200195,-0.24436383
137404000,0.38947058,-0.117185846,-0.037165046
137408000,0.26593417,0.04172776,0.07780403
137412000,0.17565677,0.1452094,0.018995797
137416000,0.3367201,0.15764324,-0.18500009
137420000,0.20465638,0.33055243,-0.055883713
137428000,0.11384283,0.30693388,0.15835793
137432000,0.09631069,-0.46901426,0.5149271
137436000,-0.050549638,-0.64595926,0.53209984
137440000,-0.28171954,-0.6876205,0.09059894
137444000,-0.24190453,-0.539311,-0.038145266
137448000,0.06638898,-0.053508297,-0.10165727
137452000,0.16310406,0.17934886,-0.29529873
137456000,0.2835178,0.102998115,-0.13187374
137460000,0.28759032,0.23957935,0.16261347
137464000,-0.22664484,0.5767402,-0.07249163
137472000,-0.53854704,-0.07576029,-0.29953876
137476000,-0.43834546,-0.590735,-0.013320521
137480000,-0.30080295,-0.4960407,0.058440503
137488000,0.06584743,-0.034778565,0.53478885
137492000,0.26146033,-0.06766564,0.34857377
137496000,0.26244342,-0.019309627,-0.1169678
137500000,-0.09901124,0.33873236,-0.25290826
137504000,-0.09221139,0.3814472,-0.24801439
137512000,-0.27527037,0.14740339,-0.23905316
137516000,-0.24489431,-0.4426241,0.039529152
137520000,0.15832739,-0.7684318,0.3203653
137524000,0.33783308,-0.35510623,-0.20503326
137528000,0.2872275,0.3261298,-0.87567085
137532000,0.3957227,1.001149,-0.6420027
137540000,-0.25800753,0.4249637,0.56088686
137544000,-0.20509611,-0.5807436,0.67034614
137548000,0.10519414,-0.83183897,0.5647061
137552000,0.16929975,-0.2732585,0.30543998
137556000,-0.013523612,-0.000641655,0.08614309
137560000,-0.15335508,-0.29916295,-0.014756059
137564000,-0.003083088,-0.7305614,0.002362802
137568000,0.031071164,-0.7414519,-0.11023638
137576000,-0.015590698,0.98414576,-0.6226418
137580000,-0.08886229,1.1312988,-0.27576035
137588000,-0.22710569,-0.007079646,-0.66207665
137592000,-0.44424286,-0.23687276,-0.087974474
137596000,-0.11946826,-0.43737394,0.82138854
137600000,0.033335783,-0.7970537,0.89215183
137608000,0.24256621,0.22325762,0.2316941
137612000,0.27074486,0.8848836,-0.62304956
137620000,0.4803416,0.16191328,-0.11156446
137624000,0.35574043,0.09023751,0.19328974
137628000,-0.06558766,0.071793765,0.055140562
137632000,-0.32147765,-0.20107102,0.4108293
137636000,-0.2040419,-0.33628398,1.1987402
137640000,-0.0787759,-0.23296645,0.9521183
137644000,0.19564411,0.05877599,-0.15386286
137652000,0.2569926,0.28250024,-0.7907593
137656000,-0.022431552,0.2133711,-0.09323171
137660000,-0.26307416,0.062398084,0.394104
137664000,-0.25130394,-0.15180486,-0.102626026
137668000,-0.15819283,-0.32807073,-0.53095245
137672000,0.14734548,-0.24560821,-0.44780168
137680000,-0.18475446,0.3549877,0.20045856
137684000,-0.67578954,0.24139024,-0.026763886
137688000,-0.5066912,-0.30332464,-0.070367366
137692000,0.016411275,-0.40025705,0.10965489
137696000,0.18411091,0.02978845,-0.06524064
137700000,-0.18374193,0.130496,-0.0413616
137708000,0.2730379,0.21498348,0.3706093
137712000,0.31861144,0.26421297,0.04960078
137716000,0.16881321,-0.022814386,-0.19490767
137720000,0.061149567,-0.25022456,-0.24748835
137724000,0.19536261,-0.2307338,0.072426856
137728000,0.22657827,0.015144905,0.1709956
137732000,-0.6437106,0.51483846,-0.054659147
137740000,-0.123099566,-0.029004842,0.0583781
137744000,-0.069075465,-0.6864656,-0.12180211
137748000,-0.014985465,-0.55698526,-0.06737183
137752000,0.35371003,-0.04981853,-0.06476314
137756000,0.5052416,0.062021106,-0.4370448
137760000,0.48332903,-0.1383963,-0.31751966
137764000,0.04117489,-0.19264512,0.37744185
137768000,-0.21360987,0.113918126,0.69460726
137772000,0.028710634,0.24951145,0.51861507
137776000,0.28511828,0.1485735,0.5401981
137780000,0.5651625,0.07499654,0.27958652
137784000,0.23304908,0.08710392,-0.46824187
137788000,-0.45911634,0.43334007,-0.64353526
137792000,-0.54274446,0.71093166,-0.20318049
137796000,-0.1958364,0.33981025,0.22291039
137804000,-0.08364792,-0.9915795,0.08501521
137808000,-0.027984243,-0.86797076,0.009118686
137812000,0.13444492,-0.3518183,0.055759948
137816000,-0.080970615,0.15593484,0.17803137
137820000,-0.28230658,0.45681655,0.10100264
137824000,-0.28001645,0.6342679,-0.16383436
137828000,-0.14870003,0.5273195,-0.2763165
137832000,0.16326019,-0.05781634,-0.29736435
137840000,0.029178374,-0.33657038,-0.41567314
137844000,0.2881037,-0.26404434,-0.44535846
137852000,-0.07188149,-0.3465368,-0.103060834
137856000,-0.7903038,-0.04108631,0.17261094
137864000,-0.11168879,0.3627261,1.1777618
137868000,-0.060036447,0.2727534,0.77323806
137872000,-0.15914875,0.044219658,0.06953241
137876000,0.09655963,-0.37536332,-0.22917819
137880000,0.39541847,-0.4959273,-0.49810022
137884000,0.039635673,-0.035594687,-0.31149402
137888000,-0.45138136,0.426623,-0.03673144
137896000,0.24279024,-0.15122813,-0.188254
137900000,0.3938915,0.2604298,0.17866418
137904000,0.5534438,0.66709006,0.27290305
137912000,0.53058356,-0.53593194,-0.018192038
137916000,0.02617608,-0.78189194,0.002106067
137924000,-0.23638953,0.13573767,-0.6182023
137928000,-0.52305216,0.5890984,-0.35359305
137936000,0.15153024,0.399018,0.49517274
137940000,0.24136363,-0.30996698,0.25750446
137944000,-0.013300255,-0.70086634,0.024331473
137952000,-0.41817796,-0.75512743,-0.052308023
137960000,1.0394106,-0.0871555,-0.055297315
137964000,0.3720097,0.000502978,0.40299648
137968000,-0.1881978,0.024228733,0.45923984
137972000,-0.3450135,0.27420697,0.22451654
137980000,-0.108729556,0.53507024,-0.29000655
137984000,0.2395506,0.077273406,-0.015387185
137988000,0.12807614,-0.27023593,0.17207336
137992000,-0.25381798,-0.25375482,0.10064874
137996000,-0.35666746,-0.010963885,-0.024142701
138000000,-0.15178365,0.22805995,-0.28880733
138004000,-0.22733627,0.26342326,-0.37366518
138008000,-0.48190817,0.30839953,0.1992337
138012000,-0.41496283,0.16505045,0.5110005
138016000,0.08029419,-0.04869304,0.2151573
138020000,0.41005152,-0.03685095,0.06564492
138024000,0.2689784,-0.053890105,0.022342216
138032000,0.16217582,-0.035559848,-0.55105805
138040000,-0.32677054,-0.36952555,-0.275771
138044000,-0.75052476,-0.081023626,0.53802115
138052000,-0.26286972,0.32751247,0.4101802
138056000,0.015535999,0.19201566,-0.438319
138060000,0.5611488,0.006643716,-0.7645656
138064000,0.6656017,0.11781757,-0.25379735
138068000,0.19579732,0.37078178,0.051827114
138072000,-0.19154723,0.3604626,0.12941782
138080000,0.28648406,-0.3097911,0.41534656
138084000,0.67136925,-0.1355979,0.2100076
138088000,0.14043441,0.29593903,-0.22347668
138096000,-0.40297967,0.27903724,-0.16169642
138100000,-0.44196308,0.20772791,0.10548052
138104000,-0.26430053,-0.21204486,0.15887326
138108000,0.021826752,-0.36651543,0.07844961
138112000,0.4019515,-0.2972819,-0.24712057
138116000,0.9201594,-0.29111218,-0.30491316
138120000,0.72897905,-0.040126756,-0.14743268
138124000,-0.06315431,0.35826272,-0.23618509
138128000,-0.44464117,0.35769787,-0.20237887
138132000,-0.51150817,-0.13246974,0.21963897
138136000,-0.4059072,-0.59466547,0.5209536
138140000,-0.15488665,-0.53118795,0.43716624
138144000,-0.000583001,-0.19209974,0.21694106
138148000,0.25311235,0.14770803,-0.1926548
138152000,0.2885754,0.5601632,-0.6006124
138160000,-0.19607008,0.100205496,-0.4878673
138164000,-0.13900062,-0.364624,0.24911347
138168000,-0.05375602,-0.5076201,0.6227457
138172000,-0.12182787,-0.19523004,0.31035826
138176000,-0.045002766,0.04062815,0.004898474
138184000,0.050280668,-0.47012773,0.3559621
138188000,-0.28272066,-0.22797623,0.10143155
138192000,-0.07451086,0.18551573,0.050908733
138196000,0.2999556,0.2322002,-0.021096762
138204000,0.006728821,0.19927022,0.16807592
138208000,0.20955876,0.13179848,0.13362336
138212000,0.32635373,0.026927881,-0.017971916
138216000,0.09603743,-0.015258523,-0.22167902
138220000,-0.13832371,-0.011813708,-0.16486901
138224000,0.052448377,0.05794736,0.5338934
138228000,0.14427759,-0.24189645,0.6618258
138232000,-0.31987524,-0.4729653,0.11987667
138236000,-0.33102077,-0.25831836,-0.33178368
138240000,0.049868852,0.1792589,-0.58754945
138244000,0.0721243,0.5027659,-0.28020996
138248000,0.06266469,0.2787819,0.29627502
138256000,-0.5070726,0.60260457,0.04475856
138260000,-0.41957927,0.80582273,-0.056143016
138264000,-0.09793448,-0.057469487,-0.37824446
138268000,0.1606371,-0.85906875,-0.4841379
138272000,0.59748554,-0.8271713,-0.033075407
138276000,1.0626359,-0.35689825,0.36551577
138280000,0.7901541,0.24986014,0.33540124
138284000,-0.011178345,0.7351428,0.03605851
138288000,-0.4543115,0.6785609,-0.18742172
138292000,-0.7383808,0.14608216,-0.21051902
138300000,-0.30399948,-0.45587,-0.10311192
138304000,-0.0760302,-0.30463254,-0.022097416
138308000,0.17098722,0.063874684,-0.083031185
138312000,0.25529775,0.26782012,0.15915215
138316000,0.18178144,0.17072883,0.39614612
138324000,0.20640841,-0.01683793,0.19840008
138328000,-0.26649386,-0.22435519,-0.118875936
138332000,-0.2133494,-0.48924756,-0.26027888
138336000,0.14663565,-0.4872924,0.006973386
138340000,-0.0836577,-0.30754882,0.25963417
138344000,-0.39073512,-0.33711433,0.19567439
138348000,-0.47621208,-0.109373905,-0.113347165
138356000,0.292497,0.28477487,-0.50614643
138360000,0.87533295,0.022105692,-0.17680524
138364000,0.7944823,0.020596944,0.51165044
138372000,-0.10420183,0.047376595,0.43408006
138376000,-0.41773748,0.14290398,-0.5045476
138380000,-0.51405054,0.5037466,-0.60055906
138384000,-0.3934727,0.38226613,-0.14062232
138392000,-0.00829836,0.30993575,0.110248774
138396000,-0.08342879,-0.49661747,0.34266698
138400000,-0.08575022,-0.90804464,0.43068448
138404000,0.27659085,-0.6482171,0.07197228
138412000,0.13634762,0.22143678,-0.1044108
138416000,-0.069306605,0.3675419,-0.06582986
138424000,0.038275693,0.97985053,-0.20644476
138428000,-0.13891591,0.8802986,0.08003245
138432000,-0.2070663,0.057831243,-0.12850408
138436000,-0.3949701,-0.8269911,-0.1612575
138440000,-0.2968043,-1.0115465,0.061146967
138444000,0.1270051,-0.2047525,0.28540277
138448000,0.14021224,0.27375126,0.50860274
138452000,0.037689388,-0.15634535,0.28006372
138456000,0.07743332,-0.31996268,-0.31083688
138460000,0.051401034,0.17093712,-0.67989194
138464000,0.13985974,0.42346463,-0.33920667
138472000,0.45346963,0.008582979,0.6636998
138476000,0.71786606,0.05921475,0.16408092
138480000,0.44391513,-0.2792487,-0.50494176
138488000,-0.33129704,-0.19638723,-0.040042236
138492000,-0.012130812,0.040796198,0.46022832
138500000,-0.541769,-0.2525905,0.40395653
138504000,-0.24179305,0.001778238,0.2571873
138508000,0.4577819,0.052451394,-0.24005766
138512000,0.45690054,0.07731086,-0.4549124
138516000,-0.18153587,0.30670854,-0.09252778
138520000,-0.59341043,0.36113077,-0.06069798
138524000,-0.21577892,0.11312983,0.18369156
138528000,0.15362607,-0.40031224,0.6134252
138532000,-0.108723015,-0.54182065,0.20173246
138536000,-0.2136071,-0.02555105,-0.39853382
138540000,0.08858305,0.28669205,-0.4653208
138544000,0.4009053,0.2962725,-0.18919717
138548000,0.63382864,0.46612027,-0.22263369
138552000,0.18811889,0.33886057,-0.34639233
138556000,-0.57269526,0.09510557,0.22216406
138560000,-0.79557586,0.0990977,0.601298
138568000,-0.14017451,-0.39520746,-0.24355212
138576000,0.11636379,0.19037756,0.039742425
138580000,-0.01884181,0.47876573,-0.18605098
138584000,-0.26278162,0.4918187,-0.09773921
138588000,-0.39566618,0.25912178,0.27849644
138592000,-0.14199263,-0.084349066,0.41173226
138596000,-0.078296684,-0.4697411,0.17936143
138600000,0.0786364,-0.59973645,-0.23175322
138604000,0.52203417,-0.059080884,-0.18628344
138612000,0.17552307,0.27720279,-0.52849126
138616000,-0.08114473,-0.25037673,-0.4357033
138620000,-0.3785691,-0.52857053,0.27853394
138624000,-0.2307486,-0.46842843,0.2914916
138628000,-0.000920536,-0.26313117,-0.11227277
138632000,0.13177492,0.025051631,-0.101139024
138640000,-0.026178584,0.036285304,-0.11251068
138644000,-0.018602774,0.026625708,-0.3283304
138648000,0.15911059,0.19804671,-0.3861877
138656000,0.34936523,-0.11865297,0.34356815
138660000,0.1349169,-0.13480654,0.1103763
138664000,-0.20388694,0.045347005,-0.03652482
138668000,-0.4315308,0.13745198,0.13597062
138672000,-0.04412763,0.033472814,0.2000753
138676000,0.45697913,-0.29395363,0.087280855
138680000,0.3236936,-0.19259192,0.01215788
138684000,-0.3674839,0.28624976,-0.22156247
138692000,-0.5210228,0.01390155,-0.09972003
138696000,-0.041833013,-0.15108751,0.010632752
138700000,0.3971086,-0.106785625,0.08349151
138704000,0.6294208,0.012344465,0.056534193
138708000,0.47862464,0.08112637,0.031629246
138712000,0.41777223,0.12736598,0.18122429
138716000,0.10692916,0.00456854,0.24751025
138724000,-0.33322585,-0.2925353,-0.14801148
138728000,-0.14687188,-0.39552236,-0.43156615
138732000,0.06455004,-0.4407376,-0.36913437
138736000,0.227615,-0.3543808,-0.03798815
138740000,0.12220988,-0.023789808,0.38441056
138744000,-0.25464672,0.58655083,0.52977246
138748000,-0.64166015,0.8831045,0.2879998
138752000,-0.523425,0.563462,-0.015144475
138756000,0.19419612,-0.15771872,-0.082442924
138760000,0.64738095,-0.7537497,-0.11731949
138768000,-0.010895796,0.33091474,-0.36856097
138776000,-0.023312703,0.7536737,0.52296746
138780000,-0.13465017,0.22633885,0.10733086
138784000,-0.22690704,-0.56896,-0.38170296
138788000,-0.09544835,-0.70243967,-0.21443489
138792000,-0.17090371,-0.509664,-0.073032886
138796000,-0.24406135,-0.41458845,-0.36560047
138800000,0.04668101,0.16344222,-0.4175209
138804000,0.3134368,0.6764217,0.17155668
138812000,0.1142019,0.030597985,-0.028131664
138820000,0.16062778,-0.27050555,-0.041023597
138824000,0.2642192,0.312154,0.016368039
138828000,0.2958342,0.61267877,-0.094470106
138832000,0.18371956,-0.092583686,-0.025297483
138836000,-0.12107263,-0.53063476,0.14404774
138840000,-0.22138241,-0.5510777,0.45291212
138844000,0.008699268,-0.24300632,0.5277621
138848000,0.13276654,0.36422336,-0.027640253
138852000,-0.017721817,0.37659973,-0.43483937
138860000,0.2195188,0.28895843,0.060914487
138864000,0.78903687,0.27281317,-0.043296903
138868000,0.78072965,0.2583988,-0.4034642
138876000,-0.45940354,0.23718454,0.016815335
138880000,-0.03457457,-0.1650459,0.6554776
138884000,0.3161779,-0.29424196,0.14473775
138888000,-0.021334708,-0.36021298,-0.34915778
138892000,-0.05875866,-0.48675707,0.1593396
138896000,0.40093032,-0.14961895,1.0738938
138900000,0.53939193,0.34077343,1.4483695
138904000,0.22260061,0.18049417,0.5616587
138908000,-0.49215162,-0.1642804,-0.64022243
138912000,-0.6888049,-0.033775315,-0.7010021
138920000,0.13662691,0.101891086,-0.07428585
138924000,-0.13743022,0.32727867,-0.23024985
138928000,-0.21725993,0.03239879,-0.32503134
138932000,-0.12610926,-0.58659136,-0.6233412
138936000,0.06415339,-0.8135848,-0.62865925
138944000,0.97595733,0.53272355,0.26244652
138948000,0.7082176,0.48150536,0.29764313
138952000,-0.07565312,0.04868278,0.41833767
138956000,-0.55491245,0.101718016,0.24550839
138960000,-0.32523423,0.256125,-0.057115052
138968000,0.42682523,-0.22559583,0.30639476
138972000,0.18642212,0.04185167,0.3890295
138976000,-0.20795453,0.2496435,0.18860748
138980000,-0.30433583,0.09526772,-0.41576493
138984000,-0.15180276,-0.13603249,-0.46471626
138988000,0.11462894,-0.42103818,0.043926492
138992000,0.58009475,-0.3942291,0.27169317
138996000,0.68169385,0.13981265,0.42040476
139000000,0.16389292,0.6405143,0.296107
139004000,-0.39203146,0.6508322,-0.07183332
139008000,-0.6420385,0.2772573,-0.18131658
139012000,-0.49530497,-0.24379407,-0.32591385
139016000,-0.2308377,-1.033919,-0.47952688
139020000,-0.11212391,-1.2375418,-0.15616229
139024000,0.07937466,-0.59669125,0.38940632
139028000,0.043638878,0.020240923,0.56956154
139032000,-0.2695549,0.32224622,0.13883322
139040000,0.36090827,0.36174998,-0.11837581
139044000,0.71749824,0.7392102,-0.12843817
139052000,-0.15552449,0.18413448,-0.345426
139060000,-0.23570797,-0.3115036,-0.18394867
139064000,-0.44752496,-0.2715981,0.2743269
139068000,-0.09577002,-0.49987504,0.3032629
139072000,0.32573652,-0.46133018,0.06934218
139076000,0.38877076,-0.035684988,0.23857358
139080000,0.59879345,0.17597699,0.50534797
139084000,0.42844766,0.1863842,0.5727012
139088000,-0.27729964,0.31296414,0.28420657
139092000,-0.7184278,0.2726005,-0.22025506
139096000,-0.5512479,0.010530725,-0.53985953
139100000,-0.036142662,-0.29101574,-0.36060166
139104000,0.4029828,-0.5298792,-0.13020988
139108000,0.3214154,-0.07394324,-0.4012803
139116000,-0.49821547,0.5581643,0.09699434
139120000,-0.5078726,0.03716348,0.8336671
139124000,-0.32729015,-0.2171415,0.5242912
139128000,0.022824928,-0.15907007,-0.25303888
139136000,0.12167232,-0.1854478,0.040507764
139140000,0.40816694,-0.26147112,-0.027825689
139144000,0.6495806,-0.05303385,-0.18867856
139148000,0.4942956,0.015846524,-0.21240368
139152000,-0.16567358,-0.3400537,-0.032230698
139156000,-0.6623404,-0.25148487,0.21037118
139160000,-0.2076644,0.4040475,0.51418567
139164000,0.18452328,0.6400231,0.6932081
139172000,0.17139646,-0.4356445,-0.55442286
139176000,-0.016912878,-0.43499887,-0.5875561
139184000,-0.5073643,0.66971964,0.15711275
139192000,0.4455461,0.08994734,-0.15771484
139196000,0.35802162,-0.7339971,-0.38844755
139200000,0.3531387,-0.92692786,-0.11222602
139204000,0.3081905,-0.54010713,0.29278705
139208000,-0.033140473,0.26354006,0.4487052
139216000,-0.30059195,0.6830187,0.16873918
139224000,0.075705245,-0.40525872,-0.013916612
139228000,-0.097641945,-0.39260215,-0.25526187
139232000,-0.10437304,-0.23248018,-0.3108958
139236000,0.0634285,-0.06406903,-0.19114168
139244000,-0.023699038,0.51194173,-0.13558723
139248000,-0.3553038,0.6348818,0.41692114
139252000,-0.23660542,0.4317995,0.12270039
139256000,-0.008035097,0.029739313,0.042550206
139260000,-0.023847539,-0.31718853,0.5224951
139268000,-0.5446201,-0.24987607,-0.28153932
139272000,-0.45216438,0.15053658,-0.61868083
139276000,0.11086327,-0.03984788,-0.28581446
139284000,0.2105579,-0.19610615,0.18339172
139288000,0.05589717,0.019239742,-0.18088917
139292000,-0.08232595,-0.15936598,-0.25641116
139296000,-0.08509035,-0.12391431,0.33238244
139300000,0.082235776,0.013348192,0.77129567
139304000,0.13374342,0.04923621,0.39408278
139308000,-0.1638669,0.17382902,-0.34264264
139312000,-0.088001594,0.013539664,-0.70514953
139316000,0.6184647,-0.29222557,-0.5870725
139320000,0.8103925,0.04621458,-0.27768666
139328000,-0.43514365,-0.018265888,0.056574333
139332000,-0.463948,-0.5803982,0.3414086
139336000,-0.29956114,-0.44631386,0.19970885
139344000,-0.14629772,-0.47345507,-0.36096928
139348000,0.4439516,0.07456614,-0.22819191
139352000,0.5099063,0.5676838,0.20692724
139356000,0.09878804,0.5333954,0.5424998
139360000,-0.21975444,0.43709466,0.6962364
139364000,-0.2462665,0.3900695,0.31430036
139368000,-0.06677804,0.22172849,-0.3326311
139372000,-0.16407555,0.15690698,-0.1450039
139380000,-0.51189375,-0.050162464,0.7697161
139384000,-0.018281996,0.044349167,0.37356293
139388000,0.6595621,0.21775752,-0.4932757
139392000,0.7904636,0.11455545,-1.0113325
139396000,0.16319728,-0.28392413,-0.940884
139400000,-0.27141738,-0.46677855,-0.45837975
139404000,-0.09325688,-0.21241185,0.4839118
139412000,-0.072224215,-0.15445355,0.19385488
139416000,-0.7042729,-0.29203442,-0.47235447
139420000,-0.6752913,0.3333402,-0.29448092
139424000,-0.18929984,0.831998,0.21653102
139432000,-0.5131451,-0.11993387,0.58428127
139436000,-0.58212054,-0.5822727,-0.009082109
139440000,0.049952433,-0.43416536,-0.14574054
139444000,0.53641623,-0.22978783,0.1976328
139448000,0.3658975,-0.18383437,0.23111479
139452000,0.30891716,0.007590041,-0.09170538
139460000,0.6325576,-0.025136918,-0.009130344
139464000,-0.034189835,0.05941683,-0.261392
139468000,-0.12335581,0.094777405,-0.47392687
139476000,-0.66134113,0.22719389,0.6181603
139480000,-0.7644877,-0.1995529,0.56400996
139484000,0.23446989,-0.27546164,-0.22164723
139488000,0.8707943,-0.109334886,-0.38902056
139492000,0.3329688,-0.013478257,-0.2035765
139496000,-0.20666817,0.3364464,-0.2545287
139500000,-0.33291036,0.41534257,-0.16392359
139504000,-0.24810831,-0.1741735,0.15613973
139508000,-0.15474902,-0.7960408,0.41337216
139512000,-0.012817233,-0.5588515,0.4166696
139516000,0.42818567,0.18883541,0.33317325
139524000,-0.07022905,-0.3050522,0.34553623
139528000,-0.59186393,-0.30951625,0.12805341
139532000,-0.5859624,-0.12225573,-0.12727678
139536000,-0.08375047,0.25598028,-0.36021245
139540000,0.057884872,0.68686026,-0.45605206
139544000,-0.04494191,0.657315,-0.39163193
139548000,0.0573075,0.34534174,-0.18324408
139552000,-0.07903625,-0.17707835,0.18855643
139560000,-0.3353427,-0.27049956,0.24120831
139568000,0.22872943,0.46658784,-0.27537924
139576000,0.45603806,0.16507444,-0.5017811
139580000,0.6183537,-0.061846733,0.17923315
139584000,0.29095176,-0.05054158,0.21648657
139588000,-0.06806677,-0.07600781,-0.17248055
139592000,-0.06109134,-0.20011093,-0.33875576
139596000,0.2762578,-0.00256595,-0.051778868
139600000,0.14978017,0.025481142,0.5011642
139604000,-0.43478414,-0.14306137,0.7614029
139608000,-0.49351943,-0.11169377,0.32603762
139612000,0.048137918,0.105064824,-0.25910413
139620000,0.3600197,0.34671944,0.017132357
139624000,-0.15103473,-0.07926388,0.24320103
139632000,-0.81431675,-0.24830265,0.3824263
139636000,-0.69155896,-0.012362495,0.45739275
139640000,0.07525447,0.44672295,0.34364647
139644000,0.74746907,0.3328424,-0.100587636
139648000,0.43020034,-0.19262299,-0.421095
139652000,-0.25084144,-0.67534256,-0.47768918
139656000,-0.341084,-0.6199463,-0.37747657
139660000,-0.27160862,0.108427286,-0.17888963
139664000,-0.47634885,0.4874076,-0.21437044
139672000,0.05407463,0.063574284,0.07820378
139680000,0.8280447,-0.6155773,0.6059566
139688000,0.33908695,0.14107096,-1.0277976
139692000,-0.7935193,0.21411663,-0.6125723
139696000,-1.0708182,0.036628526,-0.22869104
139704000,-0.009124965,-0.13627246,0.89322376
139708000,0.25529283,-0.4318062,0.6509103
139712000,0.067715116,-0.04929182,0.002164766
139720000,-0.26521176,0.13564442,0.050636176
139724000,-0.004300989,0.104813404,0.31827456
139732000,0.118705206,-0.089834936,-0.78757614
139736000,0.05142399,-0.5371847,-0.7868145
139740000,-0.016800873,-0.720458,0.020855546
139744000,-0.04505276,-0.19009426,0.7630357
139748000,0.029726984,0.56053877,0.81804174
139756000,0.104123324,0.46055406,-0.33450258
139760000,0.07295582,0.27171,-0.15827885
139768000,-0.47556984,-0.019781392,-0.3148619
139772000,-0.31745756,-0.24394703,-0.6629443
139776000,0.19044977,-0.3128745,-0.45159757
139784000,0.44150895,0.2642125,0.7522677
139792000,-0.4404282,0.46043915,0.3254496
139800000,-0.037712395,-0.46466005,-0.50261945
139808000,0.08429363,-0.35660854,0.49807966
139816000,-0.224649,0.41086605,0.09735526
139820000,-0.015993796,-0.2665828,-0.18015054
139824000,0.06295192,-0.5107349,-0.3911356
139828000,0.14449036,-0.14496386,-0.57086384
139832000,-0.277535,0.059226267,-0.63410294
139836000,-0.08178243,-0.05138521,-0.23448654
139840000,0.7165506,0.04074847,0.32162428
139844000,0.59941506,0.40337965,0.22260197
139848000,-0.04791785,0.33674592,-0.17448637
139852000,-0.44575953,-0.30769223,-0.44434032
139856000,-0.17590424,-0.79083663,-0.21086532
139864000,0.50752234,-0.31588447,0.65754044
139868000,0.054796323,0.51798624,0.67687845
139872000,-0.23328242,0.83367383,0.11967401
139876000,-0.34171885,0.69364035,-0.51007587
139880000,-0.08246072,0.66183126,-0.75656587
139888000,0.13587132,-0.022520412,0.21291567
139892000,-0.07702125,-0.3687014,0.51546586
139896000,-0.1982036,-0.51898444,0.31985924
139904000,0.2954743,-0.20690894,0.12972926
139908000,0.06085886,0.31458405,-0.032344546
139912000,-0.37321487,0.75195926,-0.2295702
139916000,-0.4752,0.42444134,-0.09528345
139920000,-0.31803906,-0.5393194,0.11064321
139924000,0.02464664,-0.6961148,0.10179466
139932000,-0.059491754,-0.2508432,0.17121676
139936000,-0.012645316,-0.09678906,-0.06693212
139940000,0.09691618,0.1879892,-0.39483577
139944000,-0.17494473,0.11870349,-0.30531755
139948000,-0.15511936,0.109186776,-0.030632459
139956000,-0.13810836,0.5259387,0.08613133
139960000,-0.37488607,0.38645196,-0.0732748
139964000,-0.09655927,-0.1326339,-0.26578602
139968000,0.42307523,-0.8112409,-0.00334648
139972000,0.55952984,-0.81025696,0.28398907
139976000,0.031340003,-0.18396568,0.20911494
139984000,0.01839295,0.21802944,-0.19987589
139988000,-0.12992156,0.43833083,-0.18927512
139992000,-0.12835103,-0.23475042,0.19976148
139996000,-0.23279466,-0.91716146,0.4369029
140000000,-0.27123702,-0.69361085,0.3740101
140004000,-0.107412964,0.06646493,0.21502604
140008000,-0.03218443,0.5816973,-0.036143146
140012000,0.32563907,0.8617754,-0.111142054
140016000,0.49314508,0.8596648,-0.17749014
140020000,0.18477672,0.3288489,-0.47422335
140028000,-0.6579297,-0.4190266,-0.1236152
140036000,0.3752991,0.05161021,0.22349346
140040000,0.51648045,-0.20528433,0.07895951
140044000,0.13598233,-0.29817468,0.008196401
140052000,-0.091230415,0.116186,-0.19042052
140056000,0.09683259,0.10629828,-0.17787565
140060000,-0.08402262,-0.19500361,-0.23022118
140064000,-0.4816481,-0.4466037,0.22146302
140072000,0.24281079,0.004783433,0.44933736
140076000,0.8854268,0.23858128,-0.19576158
140084000,-0.27823222,0.11767106,-0.2562544
140092000,-0.1163565,0.95409334,-0.5469575
140100000,-0.033964906,-0.35735446,0.45458916
140104000,-0.19283962,-0.18308064,0.46615607
140108000,-0.27808556,-0.008309353,0.12555213
140116000,-0.001454771,-0.36819273,0.06580321
140120000,0.48200956,-0.20964739,-0.3931984
140124000,0.14248228,-0.23962152,-0.51858264
140128000,-0.28282303,-0.391552,0.110449344
140132000,-0.07382823,-0.49408495,0.6062008
140136000,0.22209403,-0.16477439,0.52066976
140140000,0.27204013,0.54226357,0.22060472
140144000,0.110086896,0.7558443,-0.023799643
140152000,-0.11552718,0.37605822,-0.22341408
140156000,-0.47160104,0.51831514,-0.2527618
140160000,-0.46255982,0.17311022,-0.22194645
140164000,0.19213262,-0.079670556,0.01093775
140168000,0.6316686,0.09590072,0.17789991
140172000,0.32853734,0.30284283,-0.002190784
140176000,-0.1629873,0.01645238,-0.3278069
140180000,-0.21683088,-0.41706917,-0.3667513
140188000,0.095550016,-0.3750023,0.35973582
140192000,-0.345991,-0.0762953,0.23557995
140196000,-0.11963319,0.28954253,0.15867764
140204000,0.32668218,0.41541272,0.638801
140208000,0.15005663,0.074629754,0.21153344
140212000,-0.06693447,-0.3100972,-0.39579362
140216000,-0.11554648,-0.58275634,-0.537442
140220000,-0.26340532,-0.49743918,-0.5682909
140224000,-0.6274943,-0.17092691,-0.8632641
140228000,-0.343996,0.17937459,-0.61305475
140236000,0.46733242,0.7861414,0.39528865
140240000,0.36894825,0.19355144,-0.043247
140244000,0.30162492,-0.4239088,-0.24545991
140248000,0.160857,-0.44745237,0.227186
140252000,0.13145918,-0.29654503,0.6540064
140256000,-0.019775625,-0.23600188,0.47354823
140260000,-0.09482288,0.012031991,0.08283584
140264000,-0.000177443,0.4362307,-0.021590564
140268000,-0.09561481,0.3186197,0.035776604
140272000,-0.37165818,-0.42855564,-0.1949137
140276000,-0.6099855,-0.65143967,-0.64304847
140284000,0.05105993,0.8051255,0.13929744
140288000,0.08242561,0.48339188,-0.06794508
140292000,-0.3234061,0.16134058,-0.20263189
140296000,-0.41122591,-0.013296507,0.33638826
140300000,0.25616676,-0.33136532,0.81228405
140304000,0.6712654,-0.6316189,0.41560698
140312000,-0.51758116,0.11340494,-0.17509067
140316000,-0.6862994,0.11841387,0.46814278
140320000,-0.3653038,0.08402664,0.4754618
140324000,-0.034611113,0.38076815,0.086944126
140328000,0.3394274,0.33460525,-0.26405516
140336000,0.73926747,-0.2806435,-0.22934778
140340000,0.5968347,-0.07159309,-0.10075881
140344000,0.36054802,0.20678899,-0.1358375
140348000,-0.07782585,0.26851305,-0.37778312
140352000,-0.3881591,-0.21940659,-0.29760265
140360000,-0.36187977,-0.20931414,0.6106531
140364000,-0.119025975,0.27149537,0.48058784
140372000,-0.32532805,-0.04462236,0.13271004
140380000,-0.23842248,-0.10576334,-0.8710114
140384000,0.03612414,-0.14261998,-0.7095257
140388000,0.005134724,0.01280804,0.007042557
140392000,0.21127427,0.08439174,0.18975061
140400000,0.0830272,-0.39359087,0.049626827
140404000,0.18638214,-0.3912186,0.46318892
140412000,0.19589233,0.36382237,0.4886046
140420000,0.4147763,0.21402586,0.17746651
140424000,-0.2830878,0.498583,-0.3884054
140428000,-0.4087211,0.32661682,-0.7272178
140432000,-0.13830861,-0.057980664,-0.41776454
140436000,0.018781748,-0.42592424,0.04010749
140440000,0.0824361,-0.19335908,0.115104415
140444000,0.0453595,0.25666076,-0.24438372
140448000,-0.024985991,0.18304868,-0.5514413
140456000,0.29510662,-0.21454358,0.07023685
140464000,0.32732195,-0.3672284,0.17503107
140468000,-0.21730798,0.13646555,0.27058914
140472000,-0.36899468,0.36599544,0.24356592
140480000,-0.46898013,0.05281618,-0.66298926
140484000,-0.2656461,0.18977526,-0.66420376
140488000,0.16299713,0.4044275,-0.37413162
140492000,0.42078996,0.06065528,0.1143837
140496000,0.32564855,-0.36126772,0.52910954
140500000,0.06950445,-0.5046634,0.6191284
140504000,-0.20347214,-0.67387545,0.59820324
140508000,-0.062254734,-0.48347026,0.5250814
140512000,0.30711272,0.14398266,0.3137877
140516000,0.20187905,0.8090746,0.15154567
140520000,-0.052346352,1.0923784,-0.06395553
140528000,-0.19746318,-0.4494964,-0.14037785
140532000,-0.4078469,-0.42001083,-0.039445467
140540000,-0.6173291,-0.036728412,-0.13762575
140544000,-0.34602603,-0.45083678,0.05481623
140548000,0.10426534,-0.5931867,-0.036984555
140552000,0.4190273,-0.37316442,-0.47290212
140560000,0.4971335,0.282494,0.12260005
140564000,0.60430056,0.2622698,0.9479632
140568000,0.3859396,0.05512703,0.87210214
140572000,-0.12177494,-0.047553435,0.17233695
140576000,-0.27941114,-0.17103744,-0.09367639
140584000,0.23999676,-0.16250516,-0.58200735
140588000,0.026387125,0.045604117,-0.45813248
140592000,-0.5249826,0.07032921,-0.59693354
140596000,-0.67924786,-0.0182533,-0.36616588
140600000,-0.19455884,-0.0749175,0.44093597
140604000,0.119471945,-0.059000198,0.6264281
140612000,0.4301562,-0.06320626,0.10077083
140620000,0.19824702,0.2702478,0.042823866
140624000,0.0974627,0.21760178,0.14264852
140632000,-0.48011062,-0.01940621,-0.5772504
140640000,-0.09611933,0.34898087,-0.16225392
140644000,0.15213342,-0.28276053,0.122247815
140648000,0.25266895,-0.387878,0.1526522
140652000,0.30723774,0.18068673,0.15545234
140660000,-0.13909239,0.38937873,0.019340366
140664000,-0.25099474,-0.24262482,-0.18613428
140668000,-0.12436108,-0.41762057,0.14455634
140676000,0.22643039,0.19171858,0.6053342
140680000,-0.26015356,0.18496868,0.054687053
140684000,-0.43693024,-0.1685844,-0.37550142
140692000,0.23354079,-0.036144923,0.20110695
140700000,-0.13709769,-0.4131715,-0.1419367
140704000,0.0580889,-0.7562482,-0.4841693
140708000,0.0588246,-0.17928493,-0.2888952
140712000,-0.13935547,0.25325474,0.31912485
140716000,-0.11131863,-0.12682065,0.5171443
140720000,0.3474598,-0.43362674,-0.006516174
140724000,0.74917436,-0.35843682,-0.70999193
140728000,0.47363368,0.0361882,-0.7305089
140736000,0.21276985,0.58219033,0.14096487
140740000,0.15818629,0.41800898,0.23078558
140744000,0.025395142,0.28011513,0.26196998
140748000,-0.24371827,0.032016754,0.2480551
140752000,-0.5168609,-0.21257938,0.082155995
140756000,-0.7239479,0.30359954,0.041071616
140760000,-0.7860954,0.498281,0.055314433
140764000,-0.6472258,-0.09054245,0.30020982
140768000,-0.31535366,-0.35433003,0.49480918
140772000,0.13883421,-0.23361637,-0.06516993
140776000,0.44813725,-0.13414815,-0.38525546
140784000,0.5108962,0.65382016,-0.18819365
140792000,-0.10749827,0.3046881,-0.32007754
140796000,0.12990588,0.04050654,-0.060722753
140800000,0.5149517,-0.2854957,-0.13955873
140804000,0.6242701,-0.71759623,-0.059847962
140808000,-0.028507575,-0.7166369,0.42661142
140816000,-1.1220891,-0.5730864,0.079026446
140820000,-0.46991676,0.1360928,0.08403522
140828000,0.56974745,0.6348454,0.2644093
140832000,0.5090077,0.2675398,-0.30155736
140836000,0.47095603,-0.11839102,-0.655499
140844000,-0.94700545,0.048844576,-0.2363355
140848000,-0.16976342,0.12915757,0.24961455
140852000,0.52604765,-0.14595225,0.6193833
140856000,0.23333707,-0.065778345,0.382986
140860000,-0.03458934,0.367559,-0.26312
140864000,0.026393723,0.15582222,-0.4671351
140868000,0.14830449,-0.27269888,-0.38373533
140872000,0.16013855,-0.32361165,-0.16367054
140876000,-0.37021583,-0.18167958,-0.022127442
140880000,-0.9928652,0.03470829,-0.13960686
140884000,-0.8088167,-0.07517256,0.026785076
140888000,-0.366337,-0.22766669,0.6550073
140896000,0.75301963,0.78505844,0.019685656
140900000,0.77133584,0.3286591,-0.6839886
140904000,0.30979747,-0.1375617,-0.39561683
140912000,-0.050309274,-0.28701153,0.22733411
140916000,0.08191582,0.08637393,0.3264604
140924000,0.20575583,-0.021511942,-0.14898224
140928000,0.014910486,-0.36205217,-0.14356217
140932000,-0.23350614,-0.33473212,-0.096497096
140940000,0.19974394,0.31870854,-0.6800909
140944000,0.62386316,0.51833874,-0.42304844
140952000,-0.16980772,-0.29607704,0.43462968
140956000,-0.26473206,-0.828437,0.35068274
140964000,0.28032523,0.21779592,0.6707516
140968000,-0.16813177,0.16729796,0.27766728
140972000,0.001096457,-0.07632498,-0.38438857
140976000,0.07191757,-0.0481718,-0.7105925
140980000,-0.23966588,-0.10922578,-0.64933175
140988000,0.27073607,-0.19287892,0.32291406
140992000,-0.28456086,0.18847947,0.46144792
140996000,-0.5716023,0.20302036,-0.03819993
141000000,-0.1970357,-0.28599972,-0.37943518
141004000,0.03472353,-0.62018454,-0.27838552
141008000,-0.065719746,-0.34210914,0.0943359
141012000,-0.411416,0.22777277,0.4983281
141020000,0.072539404,0.28128055,0.1811596
141024000,0.36864123,0.07632318,-0.15974323
141032000,-0.3055758,-0.004575953,-0.062174127
141036000,-0.09142475,0.106850356,-0.14878915
141040000,0.039713874,0.32655615,-0.25671035
141048000,0.1978782,0.24812368,-0.20384789
141052000,0.4090274,-0.55674994,-0.37362725
141056000,-0.0769023,-0.35164905,-0.20506866
141064000,-0.16620696,0.2539968,0.84534407
141072000,0.20736434,-0.11015251,0.20080881
141076000,0.1436091,-0.2980982,0.037207097
141080000,-0.08492523,-0.43668944,0.41542
141084000,-0.3108093,-0.19959745,0.011339486
141088000,-0.1884061,0.17199607,-0.92338985
141092000,-0.13010746,0.40228832,-1.1248971
141096000,-0.2665223,0.03737901,-0.5243354
141100000,-0.37435892,-0.16829692,0.3271785
141108000,0.33067304,0.38646013,0.49792904
141112000,0.8308172,0.24055342,0.51615953
141116000,0.68040705,0.119148485,0.27799127
141120000,0.26226908,-0.103081316,-0.074718356
141128000,-0.14949521,0.33247706,-0.1579602
141132000,-0.017995693,0.45357883,-0.37343448
141136000,0.38674524,0.20741433,-0.6606379
141140000,0.12890474,0.018921262,-0.5424251
141144000,-0.2120876,-0.27120286,-0.14003873
141152000,0.3062526,-0.4052111,0.02796565
141156000,-0.20304923,-0.2866788,0.24497668
141160000,-0.473649,0.009211645,0.603153
141164000,-0.39645702,-0.054104775,0.5178576
141168000,-0.22643334,-0.1559666,0.45313147
141172000,0.23144805,0.003374875,0.47864527
141176000,0.44980243,0.020064425,0.18454017
141184000,0.006278513,-0.20165421,-0.14182386
141192000,0.1793133,0.044142045,0.39876187
141200000,-0.3956865,0.053718388,-0.95313984
141204000,-0.069914,0.14899434,-1.0179756
141212000,0.070206404,0.590365,-0.66249996
141216000,0.058755074,0.17703004,-0.14849068
141220000,0.059160464,-0.18558826,0.4342405
141224000,-0.31414425,-0.7519128,0.9681403
141232000,0.045119777,-0.4362353,0.3304646
141236000,0.08831366,0.019430088,-0.29894432
141240000,-0.06073732,0.2349126,-0.7210552
141244000,-0.35501352,0.2166585,-0.3846366
141248000,-0.55155355,0.051168058,0.3684978
141252000,-0.25829577,0.077654496,0.36951536
141260000,1.0176344,0.9037335,-0.39586005
141264000,1.0403022,0.53393716,-0.4916083
141268000,0.52727646,-0.28649306,-0.439994
141272000,-0.37867922,-0.5050067,0.08334674
141276000,-1.1592604,-0.34833184,0.5472338
141284000,-0.4115441,-0.20292576,-0.29768306
141288000,0.3123582,-0.023894247,0.051999778
141292000,0.45196503,-0.170665,0.48765954
141296000,0.2012043,-0.090881854,0.32476187
141300000,-0.011410091,0.15625477,0.0809242
141304000,-0.19573969,0.2177038,0.15074065
141308000,0.09526245,0.35861906,0.21817817
141312000,0.67380786,0.3351624,-0.04131578
141316000,0.5583724,-0.25133762,-0.34356973
141320000,-0.33922124,-0.6525418,-0.41473234
141324000,-0.8550265,-0.25934324,-0.2755638
141332000,-0.1829505,0.06382068,0.6053016
141336000,-0.19353631,0.2208587,0.5083978
141340000,-0.12621734,0.86056864,0.009162024
141344000,0.17648146,0.90402305,-0.24767703
141348000,0.29257452,-0.09994641,-0.06552552
141352000,0.32506105,-0.7985821,-0.111425996
141356000,0.23234609,-0.4090187,-0.46784732
141364000,-0.42584926,-0.27011836,0.19948074
141368000,0.22195639,-0.31472078,0.39393216
141372000,0.8376327,0.060912713,-0.023501426
141376000,1.0414344,0.10273896,-0.40206715
141380000,0.6641109,0.02467776,-0.3622141
141384000,-0.009867772,-0.19538571,-0.1461932
141388000,-0.54331577,-0.16494632,-0.06923739
141392000,-0.83144027,0.38353527,-0.04915264
141396000,-0.75820965,0.6688489,0.020079896
141400000,-0.23767617,0.19281144,-0.07052715
141404000,0.10830185,-0.46097532,-0.041128643
141408000,0.17128482,-0.37611565,0.054323792
141412000,0.13726132,-0.18362448,0.042950094
141416000,0.04440166,-0.42065856,0.3030013
141420000,0.13102168,-0.41100425,0.5023824
141428000,0.26635543,0.47728834,-0.19984895
141436000,0.31997514,0.22231549,-0.045988347
141440000,-0.14385675,-0.43298733,-0.1770406
141448000,-0.18047021,-0.042034663,-0.12564349
141452000,0.4996783,-0.1300845,0.09259406
141456000,0.55312055,0.20444317,0.08883077
141460000,-0.20655423,0.7035387,-0.29127112
141468000,-0.33808556,0.26274565,0.20229566
141472000,0.004042527,-0.13384487,0.56387854
141480000,0.3568796,-0.29661995,0.59775805
141484000,0.12909025,-0.07315394,-0.115181506
141488000,-0.25520593,-0.38715482,-0.9341157
141492000,-0.5291045,-0.29743797,-0.64317167
141500000,-0.36509448,-0.025700413,0.08183311
141504000,-0.100797124,0.129521,0.16523048
141508000,0.2383926,0.31245363,0.18754971
141516000,0.0517772,-0.13797165,0.66584134
141524000,0.000650615,0.09516838,-0.19632494
141528000,0.16085194,0.002301164,-0.08990622
141536000,0.10651688,-0.3474065,0.39875025
141540000,-0.044811144,-0.7079664,0.04505025
141544000,0.08355586,-0.35460788,0.15640442
141548000,0.19385804,-0.16797698,0.37464577
141552000,-0.02219528,0.1547855,-0.07212948
141556000,-0.29730976,0.58463323,-0.9272969
141560000,-0.3447538,0.32623574,-1.2432945
141564000,-0.075468756,-0.16248152,-0.8300706
141568000,0.09457506,0.011435512,-0.40370333
141572000,-0.09360512,0.3978102,-0.029547341
141580000,0.26908183,-0.23614174,1.2193996
141584000,0.31006846,-0.35698643,0.79154587
141588000,-0.11235729,-0.42067978,0.35435742
141592000,-0.37927365,-0.32729644,0.117654316
141596000,-0.26168513,-0.27083835,-0.3909292
141604000,0.13753366,0.39101842,-0.982881
141608000,-0.19775267,0.5799947,-0.47339725
141612000,-0.6149915,0.39238444,0.05128354
141620000,0.30551234,-0.33398128,0.6641747
141624000,0.60835826,-0.21505377,0.29430497
141628000,0.64755213,0.19166936,-0.08908364
141636000,0.6213194,0.045549374,-0.078725874
141640000,0.1487505,-0.008463915,0.1803666
141644000,-0.21566567,-0.08788337,-0.022640206
141648000,-0.2123504,0.08170021,-0.08546464
141652000,-0.086630605,0.25017795,0.24383128
141660000,-0.3322106,-0.22463909,-0.115923345
141664000,-0.37555408,-0.130745,-0.14368011
141668000,-0.4583158,0.20575622,0.0746911
141672000,-0.3174131,0.28502917,0.22982736
141676000,-0.253955,-0.21992455,0.14298677
141680000,-0.20896387,-0.3647707,-0.046218567
141684000,0.25357705,0.27997428,0.15744263
141692000,0.7356074,-0.82653475,-0.17696176
141696000,0.2542095,-1.1619911,-0.5793018
141700000,-0.30907595,-0.23463854,-0.20881462
141704000,-0.34379572,0.49939632,0.22046095
141712000,0.42123604,0.5601734,-0.5790444
141716000,0.36955214,0.21681611,-0.12592025
141720000,0.2785946,-0.12665588,0.40780544
141724000,0.34980124,-0.21856156,0.28413922
141728000,0.27660137,-0.23371644,-0.1596782
141732000,-0.025536306,-0.21224913,-0.10521296
141736000,-0.451061,-0.22058955,0.06497144
141740000,-0.59427476,-0.21656007,-0.18562464
141744000,-0.49930418,0.14064296,-0.04442115
141752000,-0.10150484,0.6269351,-0.13862635
141756000,0.10978182,-0.07769209,-0.33242798
141760000,0.20349613,-0.614223,-0.044455715
141764000,-0.15049091,-0.6579664,0.2739861
141768000,-0.44325462,-0.26393926,-0.14152601
141776000,-0.15496024,0.0886911,0.31307876
141780000,0.37037903,0.08269133,1.009739
141784000,0.3702504,0.25690866,0.71028906
141792000,-0.09903738,-0.021186054,-0.5369654
141796000,-0.09387004,-0.3896634,-0.34911522
141800000,-0.13681106,-0.39668086,-0.04221698
141808000,0.49843305,0.53320843,-0.24154356
141812000,0.3980705,0.87260044,0.051306553
141816000,0.17597724,0.65186125,0.047150042
141820000,-0.18493645,0.5509166,-0.06250402
141824000,-0.41519594,0.5824478,-0.033608332
141828000,-0.3694291,0.19800167,-0.12995923
141832000,-0.09452296,-0.51806307,0.011125311
141836000,0.14149828,-0.7012804,0.2981213
141844000,0.24527907,0.054075543,-0.13795973
141848000,0.035596408,-0.09929778,-0.13659425
141856000,0.26773444,-0.4108951,-0.30016977
141864000,-0.3783223,0.48131734,0.20296004
141868000,-0.31860214,0.23044601,0.58935726
141872000,0.028900191,-0.59657335,0.43754178
141876000,0.40905374,-0.9521483,0.071982265
141880000,0.14425516,-0.45535383,-0.017376844
141884000,-0.21313387,0.22409269,-0.10613741
141888000,-0.35106862,0.5431747,-0.5347825
141892000,-0.49651802,0.5803613,-0.62216544
141896000,-0.3014174,0.28541225,0.020764723
141900000,0.13123532,-0.064355835,0.5419657
141904000,0.16527751,0.1856904,0.47261372
141908000,-0.0495132,0.4519229,0.08063568
141912000,-0.3627903,0.31036624,-0.45529976
141916000,-0.5146631,0.2685417,-0.45726797
141924000,0.50047463,0.087194875,0.3447308
141932000,0.6266671,-0.047177546,0.17338158
141936000,0.14356546,0.06872196,0.21916953
141944000,-0.24993777,-0.5925891,-0.31579632
141948000,-0.27679762,-0.5930803,-0.57081103
141952000,0.27944565,-0.20911849,-0.25215465
141960000,-0.23057137,-0.1840137,0.36891234
141964000,-0.37896788,-0.25860828,0.26756832
141968000,-0.3543374,-0.14387947,0.5001396
141972000,0.07389884,-0.17786218,0.5570981
141976000,0.63487184,-0.13275404,0.57122743
141980000,0.838467,0.2827954,0.2537365
141988000,-0.19221905,0.3388497,-1.0574504
141992000,-0.40914434,0.041163974,-0.81293213
141996000,-0.32884043,0.13997006,-0.7436627
142000000,0.06597171,0.21689548,-0.21783575
142004000,0.37653315,-0.0925616,0.36830875
142008000,-0.24219269,-0.14253262,0.3618074
142012000,-0.70829725,-0.023190495,0.28811246
142016000,-0.4270021,-0.29144222,0.30823925
142020000,-0.13553417,-0.6380307,0.1344023
142024000,0.22518674,-0.38588014,-0.171801
142028000,0.5748943,0.30178204,-0.34800613
142032000,0.51244044,0.5682647,-0.10045321
142036000,0.3815272,0.40928286,0.29709604
142040000,0.49589807,0.12749372,0.33132353
142044000,0.24403319,0.073785275,0.32801068
142048000,-0.13736187,0.19104947,0.1171572
142052000,-0.051203534,-0.20349436,-0.746595
142056000,0.1592308,-0.4455634,-0.9475248
142064000,-0.067855775,0.11517686,0.43361142
142068000,-0.6401614,-0.14456774,0.015578821
142072000,-1.1411941,-0.17659181,-0.24474221
142076000,-0.998104,0.22168684,0.29489118
142080000,-0.10439633,0.592063,0.6468395
142084000,0.65643203,0.7140945,0.116354465
142088000,0.65530753,0.39615223,-0.43698588
142096000,-0.22509386,-0.24384917,-0.49263534
142100000,-0.5086062,-0.27543294,0.105400845
142108000,0.050976478,-0.42110804,0.8782477
142112000,0.36997133,-0.33019352,0.31911147
142116000,0.31026244,0.10783553,-0.116865195
142120000,-0.11556925,0.2131822,0.08010124
142124000,-0.19658628,0.015884642,-0.078172795
142128000,0.2133639,0.005250268,-0.34371614
142132000,0.19908178,0.20836942,-0.17394626
142140000,-0.43272305,0.4458277,0.09991079
142144000,-0.52996254,0.4006812,-0.06614044
142148000,-0.82973117,0.06060745,-0.098874226
142152000,-0.697624,-0.6932148,0.096262075
142160000,0.48823398,-0.44807875,0.061429255
142164000,0.6306346,0.18302512,0.29956055
142168000,0.20661207,0.3108138,0.3758811
142172000,0.06861781,0.17150289,-0.14501661
142176000,0.6189918,0.022077858,-0.35923386
142180000,0.65505946,-0.08258749,-0.2905248
142184000,0.08717397,0.05345288,-0.44495702
142188000,0.23015761,0.048507407,-0.5024559
142192000,0.33708772,-0.17693675,-0.44257832
142196000,-0.7575642,-0.1665493,-0.052825242
142200000,-1.3407173,-0.093318954,0.59478354
142204000,-0.4593619,0.10686444,0.7066391
142212000,0.06394749,0.20013273,-0.004884173
142216000,0.05410612,-0.7377761,0.26081675
142220000,0.4432982,-0.778383,-0.013898179
142224000,0.70069826,-0.12993203,-0.54061884
142228000,0.6500654,0.14014481,-0.5523304
142236000,-0.13622335,0.08013358,0.29825208
142240000,0.16935082,-0.2564618,-0.37740603
142244000,0.14600885,-0.28324097,-0.3684196
142248000,-0.27768263,0.2049128,0.14070544
142252000,-0.14408728,0.9066071,0.07669103
142256000,0.3807389,0.86433566,0.14105296
142260000,0.4989746,0.002193332,0.22555527
142264000,-0.04905644,-0.8121125,-0.058386162
142272000,-0.7578356,-0.4044144,-0.1178058
142276000,-0.6913022,-0.32085776,-0.21567401
142280000,-0.1599023,-0.3988098,-0.03265817
142284000,0.5262353,-0.023683347,0.27622682
142292000,0.30772334,0.70613974,0.21386223
142296000,0.08194196,0.59688294,0.003432199
142304000,-0.118924305,0.25280774,0.08690609
142308000,-0.21255638,-0.24982424,-0.05978842
142312000,-0.2013643,-0.3501178,-0.283639
142316000,-0.051165722,-0.30766216,-0.2564981
142320000,0.21087703,-0.4143648,-0.13624641
142324000,0.14614592,-0.12198622,0.4179067
142328000,-0.19345056,0.3852002,1.0303524
142336000,0.003448516,0.15221381,-0.6341196
142340000,-0.13757826,-0.22805545,-0.8687048
142348000,0.03516016,-0.3917445,-0.3127955
142352000,-0.25090036,-0.068038,-0.19637227
142356000,-0.071872585,0.02614982,0.028791204
142360000,0.23161983,-0.0769128,-0.0581609
142364000,0.33186337,-0.07598302,0.10068089
142368000,0.25620443,0.06531825,0.49761403
142372000,0.069112465,0.16121909,0.7513313
142376000,0.16080855,0.1662809,0.7065539
142384000,0.16911559,0.39619997,-0.53296065
142388000,-0.39798355,0.3601612,-0.61296517
142396000,-0.21038184,0.04176651,0.5979118
142400000,0.24844795,-0.87762666,0.505005
142404000,0.54506147,-0.9783622,-0.32574755
142408000,0.026669443,-0.17881045,-0.6619775
142412000,-0.4425177,0.6293538,-0.37872654
142420000,0.091827564,0.4155166,-0.07304161
142424000,-0.095323235,0.09051855,0.30475274
142428000,-0.28130847,-0.22413382,0.683523
142436000,0.010399064,-1.0179543,-0.2398371
142440000,-0.22532907,-0.34635198,-0.45927158
142444000,-0.7725953,0.34214312,-0.54134333
142448000,-0.46240902,0.5798136,-0.45230246
142452000,0.53083986,0.57952297,-0.06909929
142456000,1.0791014,0.4166015,-0.027068127
142464000,0.14997405,-0.495955,0.42481658
142468000,-0.29313627,-0.25050205,0.47569394
142472000,-0.47261617,0.077070475,0.10065738
142476000,-0.3495771,0.21220414,-0.24516001
142480000,0.025169566,-0.036744475,-0.5014381
142484000,0.26671472,-0.4222264,-0.3954393
142488000,0.26305422,-0.2866651,-0.06453292
142492000,0.14354317,0.32281452,0.1493789
142496000,0.25256398,0.6355569,0.6530129
142504000,0.3897695,-0.32499146,0.18725939
142512000,-0.67262447,-0.5838482,-0.3403846
142520000,-0.74319744,0.1806563,0.090020955
142524000,-0.08912277,0.027744468,0.14973073
142528000,0.3946975,-0.08818419,0.06179052
142532000,0.3503434,0.44659108,-0.0777133
142536000,0.083449244,0.43866333,-0.21608004
142544000,-0.014533972,-0.28893262,-0.15544096
142548000,0.02417465,0.19263294,-0.17655754
142552000,-0.15802042,0.22470704,0.014241837
142556000,0.25387698,-0.117037065,0.31258848
142560000,0.68182904,-0.08451198,0.41735846
142564000,0.33407694,0.101980455,0.47162482
142568000,-0.030896634,0.0539013,0.13414198
142572000,-0.3577822,0.08322557,-0.372428
142580000,-0.18076076,-0.47084233,-0.033074096
142584000,-0.039144605,-0.03404036,-0.24879278
142588000,0.08220603,0.33676925,-0.63270926
142592000,-0.030970383,0.39499742,-0.70951843
142596000,-0.14633188,0.3439419,-0.38726923
142600000,0.18427059,0.096196204,0.35891438
142604000,0.33228323,0.00598181,0.8599517
142608000,-0.06750651,-0.017803032,0.5601547
142612000,-0.37715212,-0.3630706,0.06381884
142620000,-0.31960994,-0.003291681,0.466924
142628000,0.45325154,0.45260215,-0.40488824
142632000,0.3237834,0.62948644,-0.49274814
142636000,-0.13295296,0.45595288,-0.49982035
142644000,-0.007154323,-0.22325407,-0.6453678
142648000,0.095124915,-0.40794343,-0.34540606
142652000,0.16025528,-0.22688943,0.34138915
142660000,0.31674838,0.223688,0.6509298
142664000,0.04746338,-0.019160504,0.24696472
142668000,-0.34980768,-0.16313264,0.1877933
142676000,-0.11836136,-0.14567995,0.45915556
142680000,-0.103484645,-0.22749856,0.22641748
142684000,0.03177816,-0.23438978,-0.084122136
142692000,-0.23157893,-0.053205535,0.19380157
142696000,-0.002476379,-0.21432781,-0.03124468
142700000,0.22463758,-0.07484023,-0.35281304
142704000,-0.003409728,0.6770455,-0.3555593
142708000,-0.06248548,0.9737185,0.054222867
142712000,-0.1311715,0.24497107,0.07665521
142716000,-0.1105812,-0.49671847,-0.44284496
142724000,-0.1787078,-0.72602665,0.020140275
142728000,0.05987732,-0.81969416,0.89840645
142732000,0.5085853,-0.39780125,0.94407487
142736000,0.53639287,0.32121003,0.43362626
142744000,0.022206105,0.92980313,-0.27957726
142748000,-0.24974647,0.20300978,-0.29806748
142752000,-0.2044117,-0.45190963,-0.43936008
142756000,0.17714551,-0.22403356,-0.09644377
142760000,0.17696011,0.4498362,-0.019911371
142764000,-0.14734823,0.23455063,-0.16220815
142768000,-0.24746382,-0.5457222,0.13164535
142772000,-0.057790827,-0.5673337,0.27326217
142776000,0.11743122,-0.24999179,-0.012679502
142780000,0.038302407,-0.16284977,-0.070971124
142784000,-0.24688661,0.11465189,0.121784106
142788000,0.030282855,0.4274961,0.07481
142792000,0.62520325,0.20015325,-0.102253936
142796000,0.30773705,-0.12807092,0.031054497
142800000,-0.4021153,0.05843944,0.022424962
142804000,-0.4546911,0.31058043,-0.19538864
142808000,-0.084761575,0.24789236,-0.108307146
142816000,-0.29780072,0.2797503,-0.33297
142824000,0.49655104,-0.44950974,-0.13198128
142828000,0.535906,-0.29771945,0.005604267
142832000,0.16073464,0.22602427,0.35981652
142836000,-0.1837929,0.52613956,0.5034348
142844000,-0.34624276,0.001252723,-0.11757021
142848000,-0.5628562,-0.1631676,0.54962033
142852000,-0.26091346,-0.13345718,0.5612164
142856000,0.14836311,-0.051715277,-0.27099878
142860000,0.11791642,-0.14213234,-0.79742086
142864000,-0.06616602,0.041989118,-0.6425699
142868000,0.18583438,-0.064732105,-0.24084458
142872000,0.6659408,-0.42475545,-0.24255385
142876000,0.8198739,-0.3186254,-0.188185
142880000,0.5030673,0.032092214,0.13572161
142884000,-0.19408046,0.25993517,0.15395193
142888000,-0.7148617,0.32461953,0.096132725
142892000,-0.6856109,0.30247295,0.1784027
142896000,-0.5571079,0.016514182,0.13308178
142900000,-0.28962797,-0.39411718,-0.062403053
142904000,0.09643625,-0.6735466,-0.30784303
142908000,0.13869247,-0.7160332,-0.08465431
142916000,0.57440376,0.17763887,0.2550854
142920000,0.27188608,0.4411007,0.009322174
142928000,-0.16493487,0.5584283,-0.12038639
142932000,-0.056578115,0.06605156,-0.11678329
142936000,-0.26701623,-0.04265528,-0.045964316
142940000,-0.29074118,0.16394019,0.19186155
142948000,-0.032577157,-0.18041259,0.14606632
142952000,-0.1314626,-0.5192289,-0.211565
142956000,0.049700677,-0.44325995,-0.3234553
142960000,0.45288315,0.20540342,-0.045232795
142964000,0.31650957,0.7125225,-0.055223104
142968000,0.12191713,0.65509605,-0.29548147
142972000,0.43742162,0.35739246,-0.106823236
142976000,0.56738174,0.026436307,0.6324521
142980000,0.28497046,-0.38242763,0.89848703
142984000,-0.040435623,-0.5985225,-0.09997848
142988000,-0.6249446,-0.38440222,-1.0295275
142992000,-0.98883796,0.025668148,-0.54886734
143000000,-0.20299383,-0.1722213,0.6236434
143008000,0.86272734,-0.16446157,-0.16333449
143012000,0.50068474,0.52886885,-0.46151388
143016000,-0.3588464,0.58017737,-0.2169317
143020000,-0.05642453,-0.11421664,0.08455683
143024000,0.6198174,-0.42479336,-0.1696779
143028000,0.7021711,-0.123910055,-0.11246676
143032000,0.39239562,0.09223747,0.32627568
143040000,-0.6810694,0.5061653,0.13251805
143044000,-0.19778617,0.6734574,-0.051849578
143048000,0.17763188,0.21655571,-0.046784297
143052000,0.10083826,0.092060156,-0.1357773
143056000,0.25134653,-0.107960746,-0.15954345
143060000,0.23823509,-0.59129816,0.09866328
143068000,-0.33612946,-0.19903246,-0.31622592
143072000,0.2866516,0.15037978,-0.3936506
143080000,-0.266174,-0.06679028,0.32378
143084000,-0.9971755,-0.63458055,0.050595358
143088000,-0.7523493,-0.58663845,-0.08059725
143092000,-0.033939138,0.050950736,0.13695633
143100000,0.1390499,0.53647405,0.31673187
143104000,0.2151421,-0.09511246,-0.031019166
143108000,0.08267206,-0.24240121,-0.1212461
143112000,-0.1165427,-0.13909559,0.029863238
143116000,0.15834391,-0.13993517,-0.15220954
143124000,0.3824421,0.5012728,-0.23520961
143132000,-0.7871435,0.08618513,0.05249603
143136000,-1.0379479,-0.24944514,0.07200911
143140000,-0.5188031,-0.49254417,0.11018031
143144000,0.1400508,-0.663763,-0.20832895
143148000,0.24564716,-0.31935024,-0.5306721
143156000,0.5331503,0.3444597,-0.0868152
143160000,1.0314113,-0.20903698,0.3796099
143164000,0.7194164,-0.2439812,0.6042072
143172000,-0.8139625,-0.19573708,-0.28150254
143176000,-0.6662908,0.08027054,-0.20347217
143180000,-0.002858818,0.073575266,0.011139929
143188000,-0.22882655,0.31159192,-0.20955935
143192000,-0.081533395,-0.026353091,-0.36129388
143200000,0.50462335,0.116995245,0.24168108
143204000,-0.013367683,0.47611952,0.14567646
143208000,-0.055251017,0.0907495,0.052280083
143212000,0.33054858,-0.3873996,0.07252961
143216000,0.24662402,-0.3814745,0.079614736
143220000,-0.272721,-0.3681657,-0.15717421
143224000,-0.61180973,-0.23955512,-0.11907832
143232000,-0.25400072,0.5687467,0.27354962
143236000,0.12500769,0.08393437,0.21441534
143240000,0.33768404,-0.21384792,0.17469446
143248000,0.3883099,0.117756814,-0.18736471
143252000,0.6435291,0.115441784,0.2697851
143256000,0.69168514,0.187228,0.47916082
143260000,0.14698642,0.2557274,0.16532207
143264000,-0.5613314,0.26546973,-0.064190716
143268000,-0.673675,0.12569386,0.17544162
143276000,-0.41290027,-0.35442108,-0.018769525
143284000,-0.11866968,0.12247908,-0.41231325
143288000,0.060543034,0.25708959,-0.5251957
143292000,0.24776812,0.105975896,-0.30006692
143296000,0.2279734,0.008601577,-0.2377133
143304000,0.061877236,-0.33228618,0.0678384
143308000,0.28078517,-0.16511595,0.29667267
143312000,0.42154008,0.21629748,0.16531637
143316000,0.36347562,0.46720245,0.023368932
143320000,0.4463785,0.3446852,-0.018743776
143324000,0.49917752,0.00918233,-0.42949012
143328000,-0.09871082,-0.23935142,-0.5305631
143332000,-0.6975509,-0.37882563,-4.56E-05
143336000,-0.40654153,-0.31752026,0.24844706
143340000,-0.11196105,0.015310273,0.234628
143348000,-0.38872728,0.09332647,-0.099345505
143352000,-0.20017675,-0.34279636,-0.4221092
143356000,-0.04313286,-0.17763618,-0.2546129
143360000,0.2429507,0.2310749,0.16684742
143368000,0.33858252,0.33410212,0.2407726
143372000,0.45164174,0.18132555,0.17044307
143376000,0.4665704,0.03146895,0.39497188
143380000,0.27715984,0.17778096,0.41205153
143388000,-0.21730396,-0.702616,0.4974221
143392000,-0.19877413,-0.67695034,0.15322286
143400000,-0.36427847,-0.17689236,-0.7181381
143404000,-0.45317248,0.032152243,-0.82414305
143412000,0.5903342,0.45571443,-0.18396938
143420000,-0.38931412,-0.35485238,0.42376116
143424000,-0.35108307,-0.3174417,0.32196653
143428000,-0.18527326,-0.2072102,0.000350319
143432000,-0.23467818,0.18073875,-0.09479697
143436000,-0.21288718,0.50057477,-0.08962254
143440000,0.003274496,0.4203239,0.041926846
143444000,0.38176662,0.21298176,0.40418008
143448000,0.8301048,-0.019400492,0.49638194
143452000,0.7784318,-0.23413838,0.045563012
143456000,0.055985272,-0.30612934,-0.25369853
143460000,-0.27814946,-0.19356081,-0.36061922
143464000,-0.13196392,-0.13732907,-0.63907456
143468000,-0.4342241,-0.18061382,-0.78640544
143472000,-0.75988424,-0.13334306,-0.5801203
143476000,-0.29121214,0.006796464,0.056887805
143484000,-0.070337,0.37145707,0.50974977
143488000,-0.28158307,0.083859146,-0.09807955
143492000,-0.24056657,-0.24457936,-0.15293294
143496000,-0.076475315,-0.24151024,0.19705728
143504000,0.6689261,-0.3555903,0.24191758
143508000,0.12500818,-0.012214072,0.031648263
143512000,-0.5560131,0.38262412,-0.048869226
143520000,0.06550027,-0.42843875,-0.15195411
143524000,0.5683075,-0.32724762,-0.2091355
143528000,0.5262696,0.21813595,-0.28408882
143532000,0.10227916,0.54874974,-0.075457454
143540000,-0.34599897,0.4079163,0.44926247
143544000,-0.35373268,0.34223175,-0.16804013
143548000,-0.15144733,-0.08019848,-0.25461656
143552000,0.41041672,-0.5555938,0.3704337
143556000,0.83886683,-0.26690352,0.379398
143560000,0.45651433,0.3021222,-0.019037813
143564000,-0.36140782,0.24481052,-0.1119193
143568000,-0.69132847,-0.5170861,0.05337911
143572000,-0.42758885,-0.58020175,0.25538152
143576000,-0.13389403,0.23007897,0.053216927
143580000,0.017547257,0.516771,-0.3523479
143584000,-0.095494494,0.23806046,-0.49592534
143588000,-0.09866208,0.03040459,-0.43863773
143592000,0.37106502,-0.09395629,-0.23194826
143600000,0.14160639,-0.074126154,-0.17881346
143604000,-0.33353922,-0.20670483,-0.13449912
143608000,-0.13747486,-0.15288725,0.3561851
143612000,0.22653177,-0.014987499,0.7675631
143616000,-0.08532007,-0.010429617,0.133883
143620000,-0.28864166,0.10197024,-0.28953698
143624000,-0.16125803,0.03753367,0.18281245
143628000,-0.015034216,-0.11059971,0.30934742
143632000,-0.025748223,0.05133882,0.04236963
143640000,-0.79909086,-0.18872261,0.02941972
143644000,-0.10952091,-0.046117514,0.26087546
143652000,0.48243216,-0.47152096,0.20872991
143656000,0.47005355,-0.31920853,-0.46949458
143660000,0.502644,0.34145182,-0.8967615
143664000,0.5356974,0.02190262,-0.5539185
143668000,0.1528064,-0.18732324,0.25109333
143676000,-0.6362648,0.22456133,0.07163172
143680000,0.003225356,0.23717704,-0.067125246
143684000,0.47338948,0.15290345,-0.4787037
143692000,-0.23430339,0.24626656,0.47792074
143700000,-0.19685315,0.48589897,0.30707306
143704000,0.03637629,0.38563687,-0.49077123
143708000,0.33775628,0.17060441,-0.35563636
143716000,0.2726196,-0.41221344,0.26096272
143720000,-0.08461842,-0.2069172,0.08938842
143724000,-0.35436225,0.34397367,-0.2293217
143728000,-0.30099997,0.5579419,-0.6633973
143732000,-0.11986626,-0.02651912,-0.5268189
143740000,-0.086774096,-0.50899994,0.1730991
143744000,0.034848865,-0.18033619,0.2786893
143752000,0.17170617,-0.5058906,-0.20211896
143760000,-0.11479491,0.31882513,0.4455831
143768000,0.03774464,-0.0290086,0.15921962
143772000,0.36336353,0.13156301,-0.08808831
143776000,0.41963595,0.3714808,-0.32196245
143780000,0.4149732,0.19230315,-0.45844054
143788000,-0.3394876,-0.33789098,0.26986372
143792000,-0.24194016,0.10233088,0.40309262
143796000,-0.14812239,0.12509455,0.072825916
143800000,-0.24963361,0.07806024,0.23199916
143804000,0.17953686,0.27908412,0.18785578
143808000,0.5619692,0.34175447,-0.32570383
143816000,-0.017041773,-0.5292099,-0.53562903
143820000,-0.20534989,-0.26089633,-0.076059036
143828000,-0.5034526,-0.19217971,0.9535865
143832000,-0.6118841,-0.30538025,0.84482574
143836000,-0.15615064,-0.30082804,0.6111022
143840000,0.28107008,-0.10793349,-0.05458367
143844000,0.064506024,0.11354376,-0.76794773
143852000,-0.23514251,0.10471572,-0.062848866
143856000,0.3695505,0.029827544,0.24134456
143864000,0.27920097,0.26855665,-0.33859834
143868000,-0.22386986,0.21822876,-0.51313674
143872000,-0.15555769,-0.058136515,-0.046420693
143876000,0.11931362,0.006374791,0.40946674
143884000,0.16657546,0.56532764,0.17098528
143888000,0.18117431,-0.120654315,-0.028401352
143892000,-0.22856651,-1.00173,-0.29441106
143900000,-0.46262676,0.059751853,-0.6774474
143904000,-0.032294236,0.44734406,-0.304651
143908000,0.18187001,0.40969753,0.037577275
143912000,0.5608327,0.13379037,0.33431852
143916000,0.6024535,0.15577605,0.52434814
143924000,-0.22449255,0.2629418,0.3245752
143928000,-0.50669676,-0.14008552,-0.04165625
143936000,-0.81737614,-0.40137178,-0.3030613
143940000,-0.54839194,-0.37628388,-0.20498066
143944000,0.6935261,-0.26709685,0.07536141
143952000,0.46367985,0.020074503,0.23986758
143956000,-0.27682555,0.24119987,0.10361158
143964000,-0.16266164,0.18432124,-0.1337913
143972000,0.14625266,-0.133422,0.42684847
143976000,0.16718811,-0.32313433,0.27751744
143984000,-0.1365923,-0.06273423,-0.15730545
143988000,-0.49087384,0.09274256,-0.4009831
143992000,-0.49005777,0.27392894,-0.10980442
143996000,-0.07557366,0.013386302,0.21158683
144000000,0.32320306,-0.17767413,0.27294058
144008000,0.1591453,0.2160741,-0.14278543
144016000,-0.32399964,-0.325534,0.10192161
144020000,-0.25557256,-0.22137342,0.43129203
144024000,0.018776,-0.08113829,0.18782775
144032000,0.3564183,0.7597616,-0.49412075
144036000,0.10006152,0.68953234,-0.1417439
144040000,-0.09964504,-0.19292632,0.013307579
144044000,-0.53978455,-0.5127243,-0.18227637
144048000,-0.4781297,-0.28901285,-0.42107552
144052000,0.10726766,-0.12505467,-0.27916172
144056000,0.2940154,0.05418609,-0.012898229
144060000,0.26085413,0.14877898,0.15943898
144064000,0.20920148,-0.26531518,0.4267097
144068000,0.09443936,-0.50848126,0.53581095
144072000,-0.15268806,-0.28246826,0.36513323
144076000,-0.19418529,0.04951761,0.16457102
144080000,0.02497803,0.29855114,0.016526556
144084000,0.21093951,0.19877043,-0.2921452
144088000,0.1262849,0.10126889,-0.615121
144096000,-0.31973976,0.25557187,0.12126127
144100000,0.061368212,0.27267662,-0.01914028
144104000,-0.10415441,-0.091153204,-0.48292407
144108000,-0.1709067,-0.48989984,-0.37161544
144112000,0.19950885,-0.62760526,0.1954435
144116000,0.32265466,-0.2031972,0.23412055
144120000,0.28150275,0.6199113,0.050380178
144124000,0.10308914,1.1095084,0.13459483
144132000,-0.31079537,0.27292588,-0.04328055
144136000,-0.11382583,-0.22266415,-0.09565906
144140000,0.000412509,-0.5365483,-0.120801784
144144000,0.08761647,-0.40491545,-0.07718552
144148000,0.15116237,-0.21357286,0.3047104
144152000,0.10406986,-0.23709571,0.31451273
144160000,0.00526977,-0.4197703,0.2836643
144168000,0.2420522,-0.041243114,0.08624633
144172000,0.21547356,-0.010148533,-0.63707644
144176000,-0.18926585,0.02201993,-0.8665549
144180000,-0.57144064,0.027080588,-0.70542693
144184000,-0.5530728,0.13256806,-0.33849156
144192000,0.06961891,0.9630989,0.5133713
144196000,-0.10279013,0.67135227,0.15962416
144200000,-0.18321037,-0.26999575,-0.0726307
144204000,0.3636036,-0.93086666,-0.0126753
144208000,0.7949286,-0.8909031,-0.11822036
144212000,0.44110736,-0.059490606,-0.2061266
144216000,0.018690053,1.0994675,-0.046063762
144220000,-0.2679954,1.4051187,0.070540935
144224000,-0.24432707,0.59195596,0.21390845
144228000,0.124839574,-0.39474607,0.38701653
144236000,0.83765846,-0.2727486,0.16725893
144244000,-0.27281976,-0.4272222,-0.049193658
144248000,-0.48642427,0.006607264,-0.17081654
144252000,-0.20852713,0.17128581,-0.30471852
144256000,-0.13145469,0.06023928,-0.33494398
144264000,-0.4352878,-0.1893683,0.4589013
144268000,0.41237545,-0.061349638,0.21585087
144272000,0.29514337,0.04674247,-0.19753705
144276000,-0.38355008,0.12068633,-0.22766688
144280000,-0.4306411,0.17928906,0.14819007
144284000,-0.2235561,0.052606948,-0.014777318
144292000,-0.24718681,0.10815109,-0.18800794
144296000,0.050583072,0.064064115,0.20972654
144300000,0.3978477,-0.005381663,0.4533279
144304000,0.33607814,-0.21165083,0.33238202
144308000,-0.088351056,-0.56799436,0.036999587
144312000,0.017171107,-0.67026687,0.2222198
144316000,0.5872264,-0.13529223,0.45128936
144320000,0.5865183,0.44873098,-0.11589688
144324000,-0.072236076,0.51721656,-0.83578587
144328000,-0.4332829,0.3776484,-0.98003507
144332000,-0.2012332,0.16690058,-0.4452688
144336000,-0.027160943,0.04472318,0.34620184
144340000,0.07390116,-0.14742151,0.7707187
144344000,0.45993984,-0.11794962,0.70985603
144348000,0.53563064,0.39124253,0.11310135
144356000,-0.54486805,-0.45167807,0.049429536
144360000,-0.71548676,-0.46066695,0.09326541
144364000,-0.5057392,0.040576346,-0.28438365
144372000,0.56759596,-0.040011622,-0.24337533
144376000,0.82731473,-0.09407613,-0.16319734
144380000,0.31375048,-0.19000584,0.4167958
144384000,-0.28553757,-0.052192785,0.98758376
144388000,-0.38867724,0.116798505,0.73933566
144392000,-0.30931538,-0.10987733,0.093862236
144396000,0.012141496,-0.43179685,-0.04201643
144404000,0.22585006,-0.39651182,-0.3844816
144408000,0.13189138,0.21417738,-0.7956745
144412000,0.20085746,0.44447017,-0.54464537
144416000,0.07380178,0.5098653,0.17998144
144420000,-0.18342385,0.5040065,0.80064195
144424000,-0.210915,0.6086959,0.56702507
144432000,-0.26851472,0.19647929,-0.10092498
144436000,-0.2542513,-0.19825359,0.12528038
144440000,-0.09702301,-0.65078986,-0.3141852
144444000,0.18352726,-0.9351744,-0.65544206
144452000,-0.22749493,0.26458013,-0.08667956
144460000,0.45173836,0.5325096,0.17990158
144464000,0.60099584,0.19204535,-0.13686672
144468000,0.2580263,0.04962035,-0.055566344
144472000,0.044501133,-0.17742729,0.35245815
144480000,0.43213502,-0.016552456,-0.15315777
144484000,0.3652943,-0.34360588,0.06140183
144488000,-0.72038054,-0.34942842,-0.3001104
144492000,-1.3557621,-0.032059688,-0.6607561
144496000,-0.44961846,0.1280126,-0.6348395
144500000,0.41092035,0.25915587,-0.26962894
144504000,0.24667639,0.31518596,0.45230713
144512000,0.17475842,0.11446741,0.6566167
144516000,0.19889852,-0.19469856,0.7115063
144524000,-0.37602472,-0.07693371,-0.45070392
144528000,-0.68530643,0.18109359,-0.36197788
144532000,-0.31877038,-0.07996392,-0.112374865
144536000,0.111352965,-0.33953214,0.058070228
144540000,0.07509831,-0.23585244,0.20461214
144544000,-0.10972816,0.03740917,0.16029716
144548000,-0.13235551,0.2873046,-0.11678949
144552000,0.0871881,0.25818852,-0.28627774
144560000,0.299474,-0.34833568,-0.107994705
144564000,0.44969812,-0.13147874,0.33179322
144568000,0.42618194,0.111572556,0.59727573
144572000,-0.011848748,0.17308134,0.49902844
144576000,-0.40187556,-0.024316438,0.017553017
144580000,-0.63905567,-0.058327466,-0.6319505
144584000,-0.4562739,0.2979918,-0.8689188
144588000,0.12562618,0.16588706,-0.3702311
144592000,0.56327355,-0.4202336,0.0880159
144596000,0.75077426,-0.32468635,-0.023005694
144604000,0.064775676,0.4474652,0.23720843
144608000,-0.5333035,0.060346097,0.1661337
144616000,-0.16041568,0.3159839,0.28554642
144620000,0.5783142,0.38940835,0.36902702
144624000,0.8361899,0.23568863,-0.01048816
144628000,-0.12872529,-0.4403894,-0.50272346
144632000,-0.7415259,-0.77185637,-0.27354258
144636000,-0.25062832,-0.40293676,0.52941215
144640000,0.14425391,-0.0775812,0.82551646
144644000,0.19437605,-0.02983862,0.21266222
144648000,0.006414332,0.106554225,-0.65501744
144652000,-0.4457654,0.3051944,-0.9588673
144656000,-0.5821416,0.44613552,-0.5487105
144660000,-0.1435044,0.42302525,0.19829912
144664000,0.17996785,0.16028799,0.45442256
144668000,0.06328591,-0.18893646,0.4674735
144672000,-0.007924584,-0.58251137,0.64230824
144676000,-0.04857746,-0.83894724,0.15148014
144680000,-0.33856627,-0.80242354,-0.45192665
144684000,-0.2915801,-0.24176654,-0.37472582
144692000,0.5481192,0.6386443,-0.30966413
144696000,0.012071699,0.6469962,-0.040804736
144700000,-0.32953724,0.45287132,0.30766618
144704000,-0.016378306,-0.32328045,0.20967966
144708000,0.31516153,-0.7987533,0.004727863
144712000,0.20992923,-0.45229447,0.16199557
144720000,0.24788487,0.20642418,-0.13301125
144724000,0.16834089,0.30962476,-0.40364876
144728000,-0.018349797,0.568683,-0.50969917
144732000,0.20648727,0.2397435,-0.47869796
144736000,0.5613523,-0.5858282,0.11572246
144744000,-0.31869185,-0.48992607,-0.06894317
144748000,-0.3748376,0.10632676,-0.15811466
144752000,-0.09983607,0.19343486,0.37559685
144756000,-0.16813855,0.2616469,0.4644077
144764000,-0.5340624,-0.2030845,0.30655977
144772000,0.070311286,-0.2287595,-0.14895095
144776000,0.32694942,0.38161772,-0.26929864
144780000,0.44232342,0.48628992,-0.10588765
144784000,0.23001555,-0.089437276,-0.034807295
144788000,-0.14269954,-0.6241524,-0.1305905
144792000,-0.36378384,-0.6355688,-0.13924989
144796000,-0.24901077,-0.044848755,-0.11931999
144800000,0.016001824,0.7184738,-0.31704524
144804000,0.18210264,0.891797,-0.2974246
144808000,0.2205666,0.37271965,0.18416171
144812000,0.1311233,-0.115871646,0.50576603
144816000,-0.15092188,-0.2834354,0.17963552
144820000,-0.24820155,-0.36374772,-0.3308255
144828000,-0.22679484,-0.026613928,-0.26235667
144832000,-0.47097415,0.2814389,-0.4266517
144836000,-0.03113252,0.5149688,-0.28206354
144840000,0.5900323,0.53744507,-0.1262059
144848000,-0.037535176,0.19655634,0.24540119
144852000,0.046728864,-0.13782856,0.037210226
144856000,-0.26023352,-0.50123453,0.22768041
144860000,-0.6346689,-0.3862293,0.7166337
144864000,-0.37114084,0.064451754,0.77348506
144872000,0.4228565,-0.37722063,-0.24808416
144876000,0.34254503,0.22782117,-0.52024794
144884000,-0.1565864,0.4157759,0.13104439
144888000,-0.16911496,-0.36751622,0.2448807
144892000,0.003342626,-0.6077831,-0.13445473
144896000,0.63551366,-0.26646963,-0.18884741
144900000,0.75087714,-0.13550071,0.07257355
144908000,0.31177992,0.49890026,0.2939098
144912000,-0.33957976,0.6842081,0.19912457
144916000,-0.6355896,0.18653215,-0.08688953
144920000,-0.33266738,-0.086511,-0.10184859
144924000,-0.36290702,0.089827284,0.031319246
144928000,-0.4082216,0.3465005,-0.013591975
144932000,-0.16202822,0.27262098,-0.23001066
144936000,0.17869064,-0.04803957,-0.1733733
144944000,-0.04600805,0.01264219,-0.18786731
144948000,-0.33966815,-0.20621078,-0.07879747
144956000,-0.23554909,-0.21795753,0.058840405
144960000,0.056007415,0.17046413,0.057614394
144964000,0.22228089,0.41090202,-0.340868
144968000,0.005207583,0.05259107,-0.20061377
144972000,-0.2083149,-0.20808402,0.50493276
144976000,-0.27758408,-0.07880824,0.738203
144980000,-0.013583586,-0.06917684,0.5216401
144984000,0.3549981,-0.24515665,0.074141696
144988000,0.33984357,-0.40665618,-0.60592103
144992000,0.27479902,-0.11443563,-0.982049
145000000,0.5866743,-0.21648327,0.12137457
145008000,-0.20091055,0.42721927,-0.031508155
145016000,-0.5813038,0.43016824,0.7200992
145024000,0.2544015,0.0374399,-0.30385736
145028000,0.49717265,-0.1365542,-0.47379506
145036000,-0.053566277,-0.09327461,0.43286636
145040000,0.36333513,0.109138675,0.46715248
145048000,-0.107289806,-0.26125625,-0.034379277
145052000,-0.2987247,-0.55752087,0.008392355
145056000,0.17461805,-0.060940787,-0.10239459
145060000,0.3574877,0.5934508,-0.3880683
145064000,0.038052894,0.44522977,-0.3201579
145068000,-0.15360081,-0.07229541,-0.1461978
145072000,-0.18172067,-0.34195185,3.12E-05
145076000,0.100285865,-0.17935352,0.4510905
145080000,0.2683584,0.2850079,0.16143249
145084000,-0.14401881,0.26245636,-0.5492056
145088000,-0.2517804,-0.20630121,-0.40216634
145092000,-0.06766589,-0.27243632,-0.12529796
145096000,-0.091823205,0.11589606,-0.106613845
145100000,-0.19524536,0.3278662,0.19704928
145104000,-0.37270135,0.07780067,0.6906744
145112000,-0.43912184,0.043063927,0.07815981
145116000,0.047134638,-0.19578296,-0.21114942
145120000,0.7408137,-0.647832,-0.19911483
145124000,0.8315492,-0.2748912,-0.4750871
145132000,-0.32025772,0.93816674,0.13368154
145140000,-0.17657012,-0.5320223,0.23353717
145144000,-0.040530022,-0.57335484,0.3657093
145148000,0.044723496,-0.137438,0.12175907
145152000,0.16014473,-0.16943134,-0.28835583
145156000,0.23706906,-0.2706582,-0.40282416
145160000,0.19300668,-0.13119365,-0.18485886
145164000,-0.14471692,-0.38674384,0.10425016
145168000,-0.405485,-0.33829358,-0.015565142
145172000,-0.25201198,0.24803697,-0.20941761
145176000,0.34235606,0.5274742,0.038379364
145180000,0.801706,0.34824204,0.25472787
145184000,0.29641083,-0.10365935,0.26765662
145188000,-0.2907615,-0.43016803,0.2286967
145192000,-0.06737076,-0.27233475,-0.06740902
145196000,0.15857166,0.04764834,-0.0703582
145200000,-0.108365536,-0.050377145,0.13255146
145208000,0.1574403,0.32769108,-0.48950797
145216000,-0.61312306,0.12406877,0.09329347
145220000,-0.76152545,-0.4868482,0.05786323
145224000,-0.4401003,0.14149305,0.11152384
145228000,0.07723234,0.75954247,0.09826882
145236000,0.017293856,0.027793989,-0.31045005
145240000,0.11150197,0.19901723,-0.1143457
145244000,0.6988645,0.22030923,0.33293766
145248000,0.8846204,0.20299135,0.43313986
145256000,0.00432542,-0.25075692,0.13423541
145260000,-0.42194378,-0.17177744,-0.34722435
145264000,-0.3935436,-0.26678592,-0.5108688
145272000,-0.6183487,-0.14828509,-0.33055612
145276000,-0.4815601,0.33677673,-0.2569706
145280000,0.19361725,0.21561301,0.005682334
145288000,0.30344164,-0.6560491,0.41924608
145292000,0.17016843,-0.4785291,0.5119103
145300000,0.16531692,0.55528504,0.18758027
145308000,0.18484426,-0.5825834,-0.465194
145312000,-0.1169906,-0.5731408,-0.588373
145320000,-0.0847114,0.09753844,0.22961807
145324000,0.19979876,0.26507083,0.30478904
145332000,-0.403434,0.18075506,0.06307606
145336000,0.021929279,-0.022779867,0.016542079
145340000,0.13489833,-0.004858602,0.018788137
145348000,-0.25826058,0.42341638,-0.022122689
145352000,-0.4102469,0.18335497,-0.18155567
145356000,-0.1155007,-0.46329623,-0.3332449
145360000,0.2614926,-0.7021728,0.014189348
145364000,0.1511551,0.11628875,0.53365123
145368000,-0.029824775,0.7765414,0.29674837
145372000,-0.0869503,0.47794622,-0.25153747
145376000,-0.41280004,-0.21309878,-0.7176558
145380000,-0.21137123,-0.6027729,-0.8397728
145384000,0.47197002,-0.1446496,-0.29697302
145388000,0.53340286,0.16677026,0.49015588
145392000,-0.025756389,-0.13023014,0.61010736
145396000,-0.44597244,0.025217041,0.12261759
145400000,-0.08864841,0.3691967,-0.02014549
145404000,0.18550423,0.14865166,0.1927946
145412000,0.04242557,-0.34316948,0.29899868
145416000,-0.028730204,-0.3317957,0.15766855
145420000,-0.14792529,-0.024097629,-0.4247162
145424000,0.19155923,0.19196083,-0.57542145
145428000,0.2991258,-0.09033619,-0.40146035
145432000,0.011254597,-0.16838144,-0.31418243
145440000,0.538461,-0.2731337,0.111162245
145444000,0.6223323,-0.49528518,-0.04094395
145448000,0.12729949,-0.115611225,0.20917484
145456000,-0.64675915,0.46481544,0.46563
145464000,0.46676806,-0.0161996,0.09796206
145468000,0.25447434,0.2155437,0.06100247
145472000,-0.28078556,0.34716505,-0.013575353
145476000,-0.19977301,0.40040624,-0.18939872
145480000,0.27540898,0.2020055,-0.4235602
145484000,0.18762563,-0.2628365,-0.30134097
145488000,-0.388651,-0.6480628,0.28289366
145492000,-0.4708473,-0.55901015,0.46986145
145496000,-0.16527435,0.050468653,0.15967211
145500000,-0.2362299,0.33131176,-0.15638289
145504000,-0.017220356,0.21337126,-0.2101087
145508000,0.49159697,0.07808073,-0.15225108
145512000,0.49320847,-0.13671845,-0.34313923
145520000,0.051616743,0.04133902,-0.044657916
145524000,0.14659408,-0.03543958,0.3828565
145528000,0.11589964,-0.31833827,0.58056116
145532000,-0.1325398,-0.027457014,0.100872815
145536000,-0.03792527,0.5633198,0.05985664
145540000,0.06568663,0.73755115,0.3461838
145548000,-0.48877126,-0.2290624,-0.45059973
145552000,-0.51658297,-0.50346655,-0.29548538
145560000,-0.51633173,-0.17012808,-0.31859863
145564000,-0.29610008,-0.1258626,-0.8518304
145568000,0.11640309,-0.134335,-0.4197294
145572000,0.64062333,-0.10193555,0.34408736
145576000,0.88223684,-0.10654414,0.78670335
145580000,0.6831771,-0.13241568,0.63721186
145584000,0.3382073,-0.24923216,0.060216323
145592000,-0.5742901,-0.055653453,-0.21336234
145596000,-0.7697649,0.58988893,-0.03208276
145604000,-0.39688146,0.57273006,-0.11316596
145608000,0.25433737,0.25329757,-0.03220056
145612000,0.5838661,-0.5765938,-0.1653407
145616000,0.39564338,-0.6865544,0.06617768
145620000,0.07118703,0.09091464,0.2210156
145624000,-0.12158628,0.20962597,-0.16141129
145628000,0.023439467,-0.33073223,-0.36236015
145636000,0.45638904,-0.14661133,0.17079858
145640000,0.28266037,0.16079995,0.7535161
145644000,0.2789415,0.61957544,0.38331926
145648000,0.35882336,0.8122363,-0.18357982
145652000,-0.14266193,0.51484144,-0.29922482
145660000,-0.86157584,-0.48154044,-0.4420484
145664000,-0.2144185,-0.46634364,-0.03524533
145668000,0.44353348,-0.136877,0.46151346
145676000,0.38903165,0.057572722,0.7251456
145684000,-0.6770709,-0.10221671,-0.4122749
145692000,-0.35814545,0.5587576,-0.029514458
145696000,0.3880067,0.51377255,0.1393336
145700000,0.87314814,0.3942166,-0.12341306
145704000,0.4502161,0.5467354,-0.40765086
145708000,-0.21036048,0.07987051,0.04614681
145712000,-0.5203254,-0.727599,0.36708736
145720000,0.47082314,-0.40804255,-0.38747463
145724000,0.77483237,-0.10687168,-0.060911104
145728000,0.49734968,0.07250434,-0.033299163
145736000,-0.41070092,0.28800303,-0.32114136
145740000,-0.36067456,0.22180724,-0.0328445
145744000,-0.15451281,0.3652549,0.2796893
145748000,-0.14611247,0.34995717,0.56415534
145752000,-0.08987995,-0.18758601,0.30346012
145756000,-0.0900021,-0.76051074,0.017486474
145760000,-0.1215042,-0.7247346,0.072193414
145768000,-0.06252056,0.14228821,0.57348305
145772000,0.21876737,0.5622084,0.21153839
145780000,-0.03477965,-0.36491394,-0.3939701
145784000,0.15062407,-0.6886738,-0.06331932
145788000,0.019737914,-0.2509538,0.49503136
145792000,0.21891461,-0.12851772,0.4022508
145800000,0.15675668,0.2746809,-0.3400464
145804000,-0.4694161,0.5391844,-0.27106845
145808000,-0.7188204,0.562125,-0.21225189
145812000,-0.559428,0.3965628,-0.28119197
145816000,-0.12654161,0.31744483,-0.19914639
145824000,0.14454402,-0.19594261,0.2677904
145828000,0.000194505,-0.49206337,0.094032094
145832000,0.008974649,-0.60469705,-0.39263442
145840000,0.35965273,0.6323719,-0.25260526
145844000,0.44878381,0.4002972,-0.10591622
145848000,0.13926923,-0.090642035,-0.44987673
145852000,0.000455111,-0.055560187,-0.3356084
145856000,-0.014671912,0.1265038,0.17330791
145864000,-0.28257868,0.15921526,0.51131994
145868000,-0.47555768,-0.40713012,0.3790499
145872000,-0.120788366,-0.3905864,0.15464295
145876000,0.29496017,0.20435394,0.073588304
145884000,0.102417156,-0.2815729,0.039049935
145888000,0.43072963,-0.053049818,0.48222816
145892000,0.23397768,0.21505925,0.3099873
145900000,-0.3207881,0.2827672,-0.330784
145904000,-0.14252304,0.40367272,-0.30541152
145912000,-0.048514884,-0.033575743,0.16807699
145916000,0.23061341,-0.16157204,0.43731147
145920000,0.7355433,-0.44414985,0.43958864
145924000,0.6777744,-0.73780406,-0.049018174
145932000,-0.59610265,0.45273232,-0.28814855
145936000,-0.7257253,0.77260345,-0.582031
145940000,-0.5601636,0.16399336,-0.5058798
145944000,-0.115350366,-0.3612216,-0.36706004
145948000,0.27671823,-0.22462359,-0.6741229
145952000,0.063904226,0.017782934,-0.37213635
145956000,-0.12794527,0.10312599,0.65128684
145960000,0.07551988,-0.11435443,1.2647166
145964000,0.21231398,-0.4379721,1.2383635
145972000,-0.2453958,0.23614022,-0.30252302
145980000,-0.103775576,-0.32163092,-0.39096183
145984000,0.48379418,-0.3398507,-0.048675403
145988000,0.6357919,0.000196517,-0.19284749
145992000,0.38033038,0.27325207,-0.15690507
145996000,-0.17515127,0.20852,0.22867611
146000000,-0.5018097,0.025754875,0.50966996
146004000,-0.14717722,-0.030692097,0.48555958
146008000,0.2979203,0.03873609,0.079646036
146012000,0.24088088,-0.13226272,-0.57165754
146016000,-0.16407025,-0.41022205,-0.67813087
146020000,-0.3378433,-0.44209892,-0.24493739
146024000,-0.054605044,-0.37101611,0.028789647
146032000,-0.034090847,0.08879107,0.3949232
146036000,-0.22756223,0.19471675,0.34546235
146040000,-0.062151838,0.22096401,0.2306566
146044000,0.10317916,0.3222796,-0.085888356
146048000,0.08248921,0.22687435,-0.37552842
146052000,-0.06985445,0.20081641,-0.12885621
146056000,-0.22417462,0.16472995,0.31668496
146060000,-0.106374234,-0.01795312,0.2903679
146068000,0.18650767,-0.4889509,-0.49099156
146072000,0.3603856,-0.45814335,-0.40678683
146076000,0.3006339,-0.32748383,0.1367315
146080000,0.24776798,-0.19048849,0.21524666
146088000,-0.045451883,0.40526474,0.1555624
146092000,-0.033033364,0.24926229,0.13379699
146096000,-0.09976094,0.09900283,0.1854521
146100000,-0.3487556,0.15100443,0.13402346
146104000,-0.3580711,0.41905698,-0.07678774
146108000,-0.03835068,0.52926576,-0.15746948
146112000,0.19811913,0.1655884,0.07218996
146116000,0.11163397,-0.18858257,0.112744
146120000,-0.30462533,-0.2562114,-0.04646736
146124000,-0.3630404,-0.28818956,-0.031014245
146128000,0.11315785,-0.1184408,-0.18349957
146132000,0.14712775,0.271745,-0.53884256
146140000,0.10723201,0.14622226,-0.628011
146144000,-0.084695905,-0.5157547,0.123862594
146148000,-0.096768744,-1.0017439,0.9141664
146156000,0.19238049,0.46711963,0.65448743
146164000,-0.15301761,0.32495463,-0.55250394
146168000,-0.16700539,0.6529865,-0.7236081
146172000,0.43129244,0.46490586,-0.41739237
146176000,0.7233607,-0.020830676,-0.29818845
146180000,0.06776704,-0.4325508,-0.25949755
146184000,-0.90975684,-0.8732445,-0.11904105
146192000,0.21346611,-0.5815109,0.18586501
146196000,0.65246785,-0.32507816,-0.036605846
146200000,0.26066995,-0.061968826,-0.1878159
146204000,-0.25152695,0.4916724,0.31559843
146208000,-0.34113702,0.73809683,0.3254124
146212000,-0.22693974,0.79377747,-0.4281425
146216000,-0.21314545,0.4965236,-0.5219926
146224000,0.41700798,-0.31184983,-0.020755803
146228000,0.36248893,-0.031378556,-0.28663492
146232000,0.15498734,0.42987958,-0.011615053
146236000,0.40435183,0.34659556,0.15340483
146240000,0.36479077,0.01840922,0.065381244
146244000,-0.4773116,-0.26101202,0.34544262
146248000,-0.8738638,-0.594392,0.3619929
146252000,-0.43668064,-0.57970643,0.21444508
146256000,0.13415083,-0.12747598,0.31491923
146264000,0.15678008,0.44172442,0.1074578
146268000,0.29019356,0.25936103,-0.117566966
146272000,0.12756047,0.022067837,-0.39061376
146276000,-0.38158062,0.028227957,-0.49922425
146280000,-0.36654246,0.060023203,-0.24151562
146284000,-0.038766168,-0.21681535,0.051974803
146288000,0.19220556,-0.29129848,0.16936815
146292000,0.56607026,-0.024100102,0.21055003
146296000,0.7315862,-0.015332641,0.21941286
146304000,-0.3987436,-0.14817043,0.012349933
146312000,-0.5569469,0.3767134,0.21234399
146316000,-0.26195687,-0.2292471,-0.38114294
146320000,0.14001691,-0.759963,-0.6089756
146328000,0.11322181,0.33444166,0.13629194
146332000,0.17723294,0.47495538,0.3359553
146336000,0.17269509,-0.13118501,-0.016901404
146340000,-0.14445989,-0.15869048,-0.14907068
146344000,-0.1429128,0.2841549,0.3146761
146348000,0.23888342,0.2575271,0.3082468
146352000,0.22073308,-0.165475,-0.2969663
146356000,-0.35739657,-0.49059334,-0.54949844
146360000,-0.64263445,-0.06319021,-0.090810284
146364000,-0.07889803,0.62436897,0.4601663
146368000,0.47779256,0.54793,0.5345496
146372000,0.099115014,0.23086767,0.5668877
146380000,-1.069415,0.10064858,-0.089171365
146384000,-0.35954976,0.086916946,-0.4591567
146392000,0.76267016,-0.34215596,-0.60029095
146396000,0.33529496,-0.19376259,-0.10068652
146400000,0.11044666,0.056676935,0.24901617
146404000,0.33551282,0.20384115,0.33794743
146408000,0.2591005,0.23493266,0.28331646
146412000,0.10054748,0.14099222,-0.012508214
146420000,0.5250258,0.0810793,-0.17627107
146424000,0.13935445,0.1144109,-0.0699892
146428000,-0.5118719,-0.16433941,0.3030236
146432000,-0.58061,0.00235118,0.5148453
146436000,-0.17117263,0.24858782,0.24431203
146440000,0.40278894,0.08294003,0.0897198
146444000,0.62931865,-0.13830556,0.015225906
146448000,-0.02287823,-0.56135464,-0.40643948
146456000,-0.19233322,-0.7255807,-0.28389782
146464000,-0.35639176,0.79460883,-0.26518667
146468000,-0.70646346,0.6961509,-0.3421024
146472000,-0.3963707,0.23254678,0.42743987
146476000,0.19395643,-0.08531104,0.60163593
146484000,-0.19796684,0.096769474,-0.6988091
146492000,0.25238228,0.18534635,0.1900453
146500000,0.47984418,0.26146507,0.6972164
146504000,0.16013321,-0.112161145,0.99084586
146512000,-0.47280574,-0.5619577,-0.09772164
146516000,-0.030719161,-0.36581665,-0.27481562
146524000,0.41605303,-0.002172206,-0.047215693
146532000,-0.19774003,0.579062,-0.25382817
146536000,0.05251296,0.17714825,-0.32651523
146540000,0.029543586,0.124719664,-0.40768367
146548000,-0.061822303,-0.09923562,-0.14014226
146552000,0.1854088,-0.34638286,-0.14988732
146556000,0.30563924,-0.21889985,0.028745152
146564000,-0.790872,0.20787498,-0.025077462
146568000,-0.6147061,0.2986017,0.36450213
146572000,-0.06733748,-0.10048601,0.40596884
146576000,0.2861371,-0.5948691,0.25349906
146584000,0.13497847,-0.00404758,0.5292042
146588000,-0.451554,0.19537674,0.6096573
146592000,-0.17134017,0.21947992,0.36417574
146596000,0.2093081,0.03152164,-0.16767862
146600000,0.091869175,-0.31545886,-0.52194923
146604000,-0.028848551,-0.41140193,-0.47991097
146612000,0.08023502,0.33156696,-0.6581761
146616000,0.12297217,0.82616544,-0.76437575
146620000,0.18891107,0.7982516,-0.58010966
146628000,-0.20767519,-0.2313982,0.39631736
146632000,-0.25497895,-0.02232543,0.4686606
146636000,-0.054708477,0.37548167,0.37625545
146640000,-0.02253418,0.06474106,0.43320253
146648000,0.6589172,-0.44906542,-0.33649212
146656000,-0.21663316,-0.16072717,-0.115807176
146664000,-0.52912045,0.11661109,-0.096720606
146668000,-0.31324038,0.18821454,0.02058564
146672000,0.05952416,0.13954464,0.27813774
146680000,0.826043,-0.08714665,0.37387475
146688000,-0.16919668,-0.001488686,-0.18787728
146692000,-0.625184,0.197732,-0.36935365
146696000,-0.8591036,0.4788123,0.022271603
146704000,-0.36320287,-0.36253133,0.26966548
146708000,0.39137286,-0.73649395,0.4080798
146712000,0.67324746,-0.43926412,0.53047913
146716000,0.34522688,-0.08863874,0.5878184
146720000,-0.074555956,0.20394969,0.035367623
146724000,-0.2991827,0.55478173,-0.4943943
146728000,-0.30465814,0.41036758,-0.44318387
146736000,0.6617874,-0.5213009,-0.43142003
146740000,0.71439886,-0.29183686,-0.07425321
146744000,0.3048473,-0.14949529,0.2043201
146748000,-0.32104817,-0.157651,0.3491516
146756000,-0.50795794,0.3791516,-0.8568793
146760000,-0.13571662,0.17950368,-0.43938896
146764000,-0.030758258,-0.18031998,0.12062372
146768000,0.06145982,0.037116475,0.14612722
146772000,0.44660142,0.20750706,-0.04803592
146776000,0.5526148,0.19512951,-0.12204325
146784000,-0.51722246,-0.1386165,0.25410622
146788000,-0.556743,-0.18228903,0.36192703
146792000,-0.13253307,-0.07026258,0.47849625
146796000,0.31162816,-0.1252422,0.019036576
146800000,0.59278697,-0.23042047,-0.48392582
146804000,0.44250828,-0.31140918,-0.3872425
146812000,-0.107834995,-0.18146949,-0.24988404
146816000,0.1715722,0.39591268,0.018469725
146820000,0.42177764,0.915236,0.27322197
146824000,0.1798365,0.67390823,0.24761352
146828000,-0.40281057,0.006653816,0.058372825
146832000,-0.7520013,-0.41496179,-0.19761793
146836000,-0.5971123,-0.15692012,-0.27246153
146840000,-0.107296094,0.21645108,0.07434034
146844000,0.23190588,0.16462682,0.31648624
146852000,0.24568282,0.16021813,0.21328712
146860000,0.030779079,0.046767607,0.16590111
146868000,-0.34028634,-0.42755628,-0.055457845
146876000,0.29241645,-0.5729954,0.18460664
146880000,0.2652486,-0.75122917,-0.49847808
146884000,0.13165358,-0.47723022,-0.5870649
146892000,-0.09098208,0.751129,-0.12054977
146896000,0.12936541,-0.16373304,0.28786272
146904000,0.40152836,0.040941954,0.123955354
146908000,-0.015989818,0.6123644,-0.37671393
146916000,-0.33966535,0.27012128,0.16564693
146920000,-0.25089344,0.00128755,0.2218797
146924000,0.014399752,-0.46219793,0.08732202
146928000,0.17291716,-0.31643355,0.06367697
146932000,0.33206415,0.36239854,0.345999
146940000,-0.2722761,-0.31806135,0.524391
146944000,-0.6363935,-0.77968967,-0.056953013
146952000,0.2919199,0.103934675,-0.8613566
146960000,0.40528923,-0.09694835,-0.16275336
146964000,0.091604926,0.056709632,0.31974316
146968000,-0.5631032,0.14403011,0.49307597
146972000,-0.7663085,0.37129104,0.074949175
146980000,0.04949088,0.2360991,-0.31897402
146988000,0.091531746,0.12936257,0.48341098
146992000,-0.2715028,0.20833832,-0.020643502
146996000,-0.50573903,-0.44575238,-0.21137372
147000000,-0.33453295,-0.8700118,0.18212476
147004000,0.24974757,-0.31113398,0.2147491
147008000,0.50290096,0.3880387,-0.103215866
147012000,0.42654157,0.38439965,-0.36506233
147016000,0.23322774,0.22080138,-0.52045935
147020000,-0.13178743,0.21252678,-0.3026821
147024000,-0.39521116,-0.008476481,0.1749357
147028000,-0.5801865,-0.08947213,0.43890053
147032000,-0.47225925,0.21463715,0.606249
147036000,0.29761714,0.072632626,0.6797403
147044000,0.87908614,-0.3234982,-0.51803565
147048000,0.2354052,-0.24749272,-0.57929045
147052000,-0.37899068,-0.3151204,-0.14456059
147056000,-0.558276,-0.19680087,-0.029249996
147060000,-0.07995997,0.13213634,-0.097629964
147064000,0.15561356,0.26521885,0.26581526
147068000,0.18458478,0.21283717,0.21710283
147076000,-0.09654306,-0.23438653,-0.23851383
147080000,-0.44298583,-0.62444425,0.34143132
147084000,-0.53478634,-0.33396947,0.35339925
147088000,-0.3219006,0.13553993,-0.03049796
147096000,0.098148674,0.7165558,-0.16020468
147100000,0.02559936,0.4048066,-0.40136454
147104000,-0.1554016,0.008910239,-0.36488858
147108000,-0.12792228,-0.45236552,0.20838998
147112000,0.13004012,-0.5687417,0.58876413
147116000,0.11924795,-0.33327135,0.42546898
147124000,0.24445233,0.4175129,-0.27545667
147128000,0.23869501,0.80134296,-0.08884551
147132000,-0.21894628,0.3672321,-0.033601124
147136000,-0.7604754,-0.30547747,-0.48632744
147140000,-1.1100718,-0.7648667,-0.6979122
147144000,-0.6623533,-0.5887968,-0.093657106
147148000,0.56459934,0.19429189,0.4250877
147152000,1.1027682,0.6274811,0.6931257
147156000,0.8857033,0.4850605,0.7922037
147160000,0.5739116,0.28676444,0.49992254
147164000,0.16793744,0.08817108,0.1621609
147172000,-0.4527883,-0.050236784,-0.6367646
147180000,-0.41853696,-0.26186556,-0.31771085
147184000,0.31666958,-0.5325559,0.05082336
147188000,0.7222564,-0.10129516,0.39368078
147192000,0.8740278,0.35110995,-0.0847093
147200000,0.5144456,0.010295313,-0.46932352
147204000,-0.1835803,0.08064282,0.070718735
147208000,-0.5968866,0.045773886,0.35466677
147212000,-0.57654184,-0.13463925,0.68958473
147216000,-0.7390032,0.017108858,0.6872937
147224000,-0.28072223,0.16640079,-0.3316994
147228000,0.19603878,-0.32899562,-0.13578191
147232000,0.62827504,-0.055658266,-0.19137537
147236000,0.6150213,0.18419343,-0.49383622
147240000,0.10370788,-0.13355821,-0.616589
147244000,-0.27371097,-0.070302136,-0.3602405
147248000,-0.30646378,0.36869925,-0.004198642
147252000,0.022021167,0.5711085,0.2740396
147256000,0.33206385,0.34922987,0.38545328
147260000,0.5076007,0.048014488,0.34352693
147264000,0.3985224,-0.20603044,0.2097492
147268000,-0.32247806,-0.6285242,0.22303498
147272000,-0.63061744,-0.65541965,0.395023
147280000,-0.24845782,-0.014942596,-0.2142134
147284000,-0.1222437,-0.23044533,-0.39137816
147288000,0.3739224,-0.38560945,-0.4226414
147292000,0.6310475,-0.039601855,-0.27680546
147300000,-0.10619791,0.98107016,-0.06535896
147308000,-0.17937264,-0.7595353,0.63095623
147312000,-0.04896586,-0.6762322,0.40939337
147316000,-0.11955068,0.0884417,0.1851172
147320000,0.087338336,0.7499255,-0.13240835
147324000,0.11657791,0.7656303,-0.53877485
147332000,-0.16598082,0.2899023,0.08823499
147340000,0.2979006,-0.8276045,-0.05032773
147348000,-0.07632571,-0.6161536,-0.22037216
147352000,-0.3753968,0.087640025,-0.16376525
147356000,-0.85023224,0.7152254,0.17362985
147360000,-0.7619196,0.66465884,0.26406687
147368000,-0.1914075,0.0523503,-0.11311655
147376000,0.6535353,-0.05617236,0.3932903
147380000,0.8371512,-0.24178302,0.37516585
147384000,0.7869473,-0.5269162,0.13891362
147388000,0.57623535,-0.40940732,-0.2830943
147392000,0.29281408,0.085857995,-0.38775462
147400000,-0.47072804,0.38653907,0.23959464
147404000,-0.09827925,-0.35452074,0.29797697
147408000,-0.12335786,-0.3706872,0.13185862
147412000,-0.53130263,-0.068194106,-0.27035737
147420000,0.08547485,0.055784725,-0.11003953
147428000,-0.16144907,0.22608179,-0.5351518
147432000,-0.24638662,0.60826087,0.22881085
147436000,0.14684981,0.8122123,0.4834819
147444000,0.55830574,-0.82953715,0.32691193
147448000,0.08765989,-1.3203992,0.13116363
147456000,-0.14484873,0.12554821,-0.3084493
147460000,-0.54166305,0.5910373,0.1566262
147464000,-0.37098795,0.4954545,0.17720279
147468000,0.0563484,0.009689167,-0.3087789
147472000,0.20896406,-0.29877096,-0.5337677
147476000,0.46661213,-0.12631619,0.119792014
147484000,0.239149,-0.105169825,0.73559165
147492000,-0.18888688,0.60369164,0.2091491
147496000,-0.13522469,0.5633385,-0.060838223
147504000,-0.21787971,-0.65522516,-0.3185724
147508000,-0.22235954,-1.055764,0.13629964
147512000,-0.01600378,-0.5116377,0.5398608
147516000,-0.0714498,0.1211803,0.4138495
147520000,-0.4937762,0.39834362,-0.25642583
147528000,0.18915232,0.6641249,-0.50731677
147532000,0.0922986,0.3778682,-0.72867525
147540000,0.2579549,-0.6246269,0.26134893
147544000,0.12868136,-0.40377575,0.5411391
147548000,0.040463094,0.11346716,0.25080717
147552000,-0.04101185,0.43077606,-0.02696357
147556000,-0.36845818,-0.22772601,0.1932212
147564000,-0.03605658,-0.5563871,0.6137446
147568000,0.26440114,0.12444144,0.079872616
147572000,0.029406853,0.58225965,-0.33373427
147580000,0.06777442,0.54691815,-0.42046055
147588000,0.062111095,0.1624291,-0.049410056
147592000,-0.13767806,-0.5837503,0.014321119
147600000,-0.021711428,-0.921355,-0.39375648
147604000,0.1265258,-0.042378396,-0.07688768
147608000,0.0709608,0.7610436,0.19423962
147612000,-0.020570667,0.954579,0.3131687
147616000,-0.2438482,0.70432615,0.43580958
147620000,-0.38993275,0.34674278,0.13500908
147624000,-0.12556355,-0.47607183,-0.19601052
147632000,-0.11693816,-0.38561565,-0.042183116
147636000,-0.42973325,0.05890902,0.24080722
147640000,-0.044685274,0.015550263,-0.13565537
147644000,0.63313305,0.35795003,-0.3748962
147648000,0.45521885,0.42802963,0.09541738
147652000,0.023991138,-0.058878914,0.6364337
147656000,0.012750991,-0.15796328,0.7523464
147660000,0.17919867,0.15844983,0.09664868
147664000,0.45465684,0.36908627,-0.5322296
147668000,0.67614084,0.3743977,-0.4303876
147672000,0.6124745,-0.00569056,-0.029762842
147680000,-0.4637014,-0.57546437,0.7492291
147684000,-0.70319676,-0.14689036,0.32839262
147688000,-0.32761443,-0.18028378,-0.32936248
147692000,-0.037618447,-0.4479878,-0.487216
147696000,-0.29670104,-0.52487403,-0.43905628
147700000,-0.6805236,-0.3444934,-0.44192982
147708000,0.34508562,0.43101147,0.1085128
147712000,0.38476616,0.96598774,0.42920744
147716000,0.19554926,1.2633891,0.33253264
147724000,0.26856482,-0.5681656,-0.3219301
147732000,0.025764335,-0.37100697,0.2815487
147736000,-0.1536032,-0.64417976,0.3295717
147740000,-0.58448756,-0.3208173,0.07125886
147748000,0.038430154,0.5993103,-0.22349395
147752000,0.2594154,0.32012138,0.030626595
147756000,0.08333137,-0.075252116,0.03881675
147764000,-0.30582774,-0.24887429,-0.13852808
147768000,-0.51466966,-0.19541228,-0.18677917
147772000,-0.073720574,-0.17380598,-0.16485398
147780000,0.30757263,0.18666667,0.11087541
147784000,0.21001622,-0.17212081,-0.14469832
147788000,0.2580097,-0.36243883,-0.39526033
147792000,0.47592893,-0.30979162,-0.41517025
147796000,0.049693286,-0.016437322,-0.17498595
147804000,-0.6378492,0.5692575,0.49717745
147808000,-0.36483404,0.1252328,0.5660019
147812000,0.19959626,-0.600068,0.22970758
147816000,0.48584592,-0.5489178,0.031654574
147820000,0.370758,0.018429458,-0.004401326
147824000,0.35321248,0.23347443,-0.53939384
147828000,0.026039861,0.40856123,-0.62893
147832000,-0.41125083,0.5651259,-0.06808178
147840000,-0.16955979,-0.51536983,0.4832957
147844000,-0.250169,-0.42953378,0.3181724
147848000,-0.23287342,0.2636066,0.14604837
147852000,-0.12406095,0.5256575,-0.11774437
147856000,0.13666677,0.13051692,-0.49418324
147860000,0.48237267,-0.4952072,-0.53594697
147864000,0.4565797,-0.50394773,-0.4051109
147868000,0.3218151,0.12628147,-0.041847005
147876000,0.40926123,-0.12502103,0.23649152
147880000,0.27273145,0.12552361,0.1999625
147884000,0.14905407,-0.14010306,0.2705336
147892000,-0.4856966,0.13282262,0.08180985
147896000,-0.5270545,0.34323224,-0.2302537
147900000,-0.343993,0.25777838,-0.509074
147904000,-0.047876626,-0.017504305,-0.17170098
147908000,0.22973205,-0.5062509,0.23049253
147912000,0.25790572,-0.2214583,0.43567824
147916000,0.1802344,0.5740147,0.40882257
147920000,-0.009836972,0.7519176,0.30763465
147924000,-0.10814869,0.47736052,0.44904223
147928000,-0.20025146,0.23578653,0.49726635
147932000,-0.44298714,0.08248124,0.18307632
147936000,-0.43557072,-0.3313501,-0.5875565
147940000,-0.1410639,-0.81068796,-1.0194615
147944000,0.04808434,-0.5125568,-0.3895256
147948000,0.24002595,0.31532845,0.24700467
147952000,0.13715103,0.3392116,0.003324971
147960000,-0.20974427,-0.27445328,-0.43546304
147968000,0.98160547,-0.017997585,0.53132254
147972000,0.69315827,0.23022254,0.302522
147976000,-0.2676901,0.22535576,-0.1581792
147980000,-0.834217,-0.28343686,-0.28111607
147984000,-0.42011034,-0.48807627,-0.4233544
147988000,0.10978498,0.018854305,-0.13355018
147996000,0.3044573,0.5416032,0.17697111
148004000,0.1417686,-0.015328154,0.14165804
148008000,-0.24118443,-0.6977241,0.6909097
148012000,-0.28526714,-0.8413851,0.44103348
148016000,-0.12071576,-0.11443196,-0.116155826
148020000,0.046683516,0.5019744,-0.31917724
148024000,0.24798891,0.23729342,-0.043495134
148032000,-0.09800221,-0.14877108,0.2935329
148036000,0.042919293,0.28223458,-0.48576108
148040000,0.27764666,0.7020286,-0.61730057
148044000,0.23925772,0.45076242,-0.26597774
148048000,0.11426364,-0.111375645,-0.114316665
148052000,0.08668579,-0.35948676,0.003526621
148060000,-0.71543,-0.29653466,-0.0537458
148064000,-0.82681173,-0.34574533,-0.29648483
148068000,-0.43946186,0.00285551,-0.21490514
148072000,0.2800783,0.29632583,0.04084906
148076000,0.54203326,0.3488398,0.18544403
148080000,0.3642406,0.16887224,0.09143964
148084000,0.30123726,-0.38590214,-0.52208424
148088000,0.11875339,-0.42880893,-0.8975911
148092000,0.11446185,0.42916945,-0.30585134
148096000,-0.022187471,0.890558,0.59520704
148100000,-0.63781023,0.63921225,0.85006523
148104000,-0.6556388,0.4008287,0.606157
148108000,-0.23649225,0.11690675,0.2884168
148112000,0.069088414,-0.25438023,0.0861777
148116000,0.5274622,-0.28740996,0.022799384
148120000,0.39879805,-0.48819044,-0.20318529
148124000,-0.2820506,-1.0059091,-0.23971272
148128000,-0.26084504,-0.6856111,-0.03529244
148132000,-0.14781815,0.26960063,0.23172194
148136000,-0.29246208,0.57983506,0.65111053
148140000,0.17129463,0.10499054,0.49258834
148144000,0.47455406,-0.29889277,-0.19704765
148152000,-0.10024695,0.017344119,-0.46660635
148160000,0.23842263,-0.3527851,0.031391785
148168000,-0.2651774,0.50489354,0.22656338
148172000,-0.00422094,0.6720892,0.65381575
148176000,-0.13877723,0.3562145,0.26974082
148180000,-0.23842409,-0.1422218,-0.51747626
148184000,0.14340273,-0.42300496,-0.5875895
148188000,0.33761558,0.05692491,0.08032051
148192000,-0.076447606,0.3473277,0.49862584
148196000,-0.42035496,0.010982841,0.27458987
148200000,-0.43885028,0.020224415,0.16003573
148204000,-0.39736003,-0.06540368,0.15681964
148208000,0.15064369,-0.44375315,-0.08624917
148212000,0.80806416,-0.27945256,-0.08908269
148216000,0.5585505,0.17745851,0.11426261
148220000,-0.014047831,0.3710308,-0.055028196
148224000,-0.0741182,0.049139544,-0.5432446
148228000,0.093394525,-0.48569083,-0.6016718
148232000,0.14562838,-0.24388398,-0.29644462
148236000,0.2757459,0.25797778,-0.044763576
148240000,0.24084151,-0.01396586,0.2961477
148248000,-0.557267,-0.2892232,0.046927862
148252000,-0.04214251,-0.4739152,-0.18457887
148256000,0.2945124,-0.17611875,-0.47439098
148260000,0.047576815,0.5346743,-0.4439851
148264000,-0.4416739,0.74910676,0.06311691
148272000,0.0447475,-0.43925458,0.36591405
148276000,-0.0425826,-0.16134834,0.3632029
148284000,-0.34064156,-0.13174537,0.34890413
148288000,-0.24949872,0.38744217,0.14668268
148292000,0.40248314,0.98443145,-0.2046071
148300000,0.5582982,-0.2217585,0.3010591
148308000,0.1849869,-0.8072012,-0.59106344
148312000,0.19408363,-0.25409,-0.59116983
148316000,0.28769186,0.36181262,0.06152323
148320000,0.395051,0.6512988,0.089159995
148324000,0.33336496,0.4303004,-0.1886554
148328000,-0.050291598,-0.2078796,-0.022291355
148332000,-0.5294437,-0.64797574,0.057948995
148336000,-0.6776942,-0.44044292,-0.004067023
148340000,-0.5878358,-0.18279426,-0.002262096
148344000,-0.413733,-0.111085705,0.043334242
148348000,-0.05004783,0.03825944,-0.040635254
148352000,0.03558799,0.27366072,-0.078222424
148356000,-0.004750807,0.6086204,0.24601635
148360000,0.30716616,0.7060903,0.39821193
148364000,0.54513884,0.28724626,0.20782834
148368000,0.33504173,-0.16082333,-0.17913237
148372000,-0.12792745,-0.0721748,-0.3208823
148376000,-0.33135825,-0.0877106,0.011641994
148380000,0.015570112,-0.49158934,0.06172768
148388000,0.13158745,-0.5229393,-0.21775012
148392000,-0.3867855,0.32222787,-0.20025335
148400000,-0.5353776,0.9706145,-0.03540419
148404000,-0.53086954,1.0015393,0.20950456
148408000,-0.271689,0.21485692,0.3889149
148412000,0.29167986,-0.9074892,-0.023172796
148416000,0.51683146,-0.9948889,-0.046165958
148420000,0.19780017,-0.15737066,0.31210804
148428000,-0.34424663,0.15537643,0.19175823
148436000,0.30105495,-0.40148515,0.5346446
148440000,0.1482976,-0.16665196,0.06127745
148444000,-0.22751105,0.12359757,-0.5400823
148448000,0.027804852,0.16120593,-0.8409792
148452000,0.3110309,-0.040627535,-0.55152726
148456000,0.24072954,-0.26233214,-0.10569791
148464000,-0.18782201,-0.11412428,0.068277985
148468000,-0.06920099,-0.23339182,-0.1169778
148472000,0.1640892,-0.6594202,0.15770751
148476000,0.013856664,-0.3450619,0.061005615
148484000,-0.03691362,0.51061326,0.27310994
148488000,0.034071416,0.25404876,0.41221032
148492000,-0.17846507,0.26437172,0.059317395
148496000,-0.10587348,0.38646287,-0.26845652
148500000,0.22677319,0.20428121,-0.4601391
148504000,0.08994321,0.06195367,-0.43457624
148508000,-0.13395281,0.09976942,-0.16709058
148512000,-0.070601106,0.000781139,0.19543992
148516000,0.1354053,-0.23050714,0.3903444
148520000,0.23333922,-0.17115475,0.080632664
148524000,0.16291827,-0.06633543,-0.23680957
148528000,0.091086306,-0.06894466,0.035352826
148536000,0.29764825,0.31278044,0.15793297
148544000,-0.06547921,0.083391145,-0.30961353
148548000,-0.2913908,0.65516514,-0.4384692
148552000,-0.2456765,0.51476675,-0.26445302
148556000,0.07931934,0.08114898,-0.016501702
148564000,0.10903974,0.17798136,-0.003118053
148568000,-0.046536222,-0.32201457,0.20596617
148572000,-0.1767855,-0.79376805,0.5602403
148576000,-0.31747445,-1.1022174,0.71499187
148584000,0.3747121,-0.012826979,-0.003142782
148592000,-0.018988185,0.75462466,-0.3042279
148596000,-0.48990226,0.81109047,0.10077464
148600000,-0.61399907,0.21041869,0.6304555
148604000,-0.14559695,-0.6351341,0.71579486
148612000,0.1463321,0.17683008,-0.4431391
148616000,-0.047770925,0.3796279,-0.34211576
148620000,0.022927236,0.17253108,-0.32873726
148624000,0.29228038,-0.13724692,-0.42632127
148632000,0.14455703,-0.5610294,0.11409834
148636000,-0.5542909,-0.49409252,0.29337165
148640000,-0.43885714,-0.008943945,-0.06946087
148644000,0.3478912,0.38030976,-0.2538225
148648000,0.46302342,0.3539404,-0.12531236
148652000,0.16032103,-0.09239957,0.1700474
148660000,0.44823468,0.005824134,0.2016559
148664000,0.082855,0.3473838,0.007137463
148668000,-0.68060005,0.39413923,-0.15773892
148672000,-1.1061392,0.04254423,-0.15961233
148676000,-0.727896,-0.094903775,0.010235664
148684000,-0.12171605,0.4876889,0.102921814
148688000,0.21584453,-0.050582647,-0.08033777
148692000,0.5484644,-0.54279965,-0.31839532
148696000,0.38743347,-0.6121024,-0.101423636
148700000,0.1148804,-0.59010017,0.19063832
148704000,-0.081757836,-0.6215318,0.10985197
148712000,-0.5714393,-0.36405545,-0.6109628
148716000,-0.4530863,-0.047522873,-0.5055883
148720000,-0.0993499,-0.15972027,-0.26694298
148724000,-0.23002534,-0.8174888,0.2643398
148728000,-0.45065147,-1.1716132,0.7737388
148732000,-0.3169604,-0.9552956,0.6629673
148736000,-0.1965573,-0.4826346,0.08787595
148740000,-0.16272393,-0.24518275,-0.14826225
148744000,0.016869068,-0.26416034,0.018588617
148748000,-0.03833592,-0.5063107,0.18914142
148752000,-0.36817178,-0.8053753,0.18731835
148756000,-0.2806669,-0.48909557,-0.013280127
148760000,0.2628742,-0.28841433,-0.42745814
148764000,0.37413034,-0.9964142,-0.5342662
148768000,0.009026557,-1.4984474,-0.05981025
148776000,-0.21377988,-0.5021125,0.044713393
148780000,-0.023175985,-0.22164637,-0.24326816
148788000,0.05172225,-0.9304575,-0.021490611
148792000,0.27059492,-1.1368511,0.02946365
148796000,0.32164106,-0.7689568,0.21140303
148800000,0.008186385,-1.0575958,0.052305408
148804000,-0.29544237,-1.5082264,-0.22005418
148808000,-0.4150912,-1.135137,-0.23247732
148812000,-0.29381657,-0.78256005,0.18164398
148820000,-0.73610127,-0.47278872,0.23003058
148824000,-0.3583495,-0.7833543,0.11079274
148828000,0.14090703,-1.1431662,-0.14512105
148832000,0.10164824,-0.893011,-0.2969393
148840000,0.007803209,-1.069999,0.22004548
148844000,0.20093654,-1.4188063,0.34153774
148852000,-0.15132716,-1.5379205,-0.24493775
148856000,-0.3652302,-1.5193999,-0.15765586
148860000,-0.17140146,-1.0651944,0.19872852
148864000,0.42303038,-0.592431,0.20021763
148868000,0.8068109,-0.5645251,-0.09856227
148872000,0.40857023,-0.9563065,0.062637836
148876000,-0.19681582,-1.2098958,0.38417155
148880000,-0.37152466,-1.3384385,0.14589864
148884000,-0.3953016,-1.3690878,-0.15745783
148888000,-0.36541703,-1.2090003,0.057336427
148892000,-0.101544775,-0.89356303,0.26911682
148900000,0.16007331,-1.0442024,-0.31292495
148904000,0.019633844,-1.050096,-0.5160582
148908000,-0.19926588,-1.3151578,-0.35338706
148912000,-0.17363869,-1.0700068,0.21133476
148916000,0.29572663,-0.41755262,0.044509664
148920000,0.5216973,-0.37026954,-0.27880266
148924000,0.004232347,-0.82613224,0.3713136
148932000,-0.24503839,-0.8043672,0.09564099
148936000,0.22698273,-0.51435626,-0.32063195
148940000,0.2759719,-0.3465638,-0.38084164
148944000,0.15763117,-0.4079376,-0.22415498
148948000,0.14359206,-0.4728162,0.24039811
148956000,-0.23425576,-0.4915923,-0.31051293
148960000,-0.35875517,-0.4774971,-0.54117674
148968000,0.5503166,-0.2444645,-0.14437464
148972000,0.35156432,-0.15013063,0.06667404
148976000,0.17161575,-0.5590695,0.30449814
148980000,0.022122607,-0.9288181,0.69805944
148984000,-0.07735996,-0.6771481,0.9067663
148992000,-0.7989954,0.16149431,-0.45963693
148996000,-0.92534274,0.4234903,-0.6204971
149004000,0.5338035,-0.27162462,-0.21672848
149008000,0.494057,-0.62362397,-0.006423853
149012000,0.2403941,-0.28955364,-0.014431939
149020000,-0.22712725,-0.3690182,0.25651836
149028000,0.4166715,-0.17035763,-0.36406165
149032000,0.12594354,0.6511835,-0.43451217
149036000,-0.14106327,0.9782777,-0.02526918
149040000,0.03731098,0.5797072,-0.041562885
149044000,0.41010052,0.114192896,-0.0597799
149052000,-0.37476587,-0.5174319,0.27321705
149056000,-0.4293381,0.18290094,0.05516301
149060000,-0.17814162,1.0022943,0.026681885
149064000,0.07807408,0.8617667,0.3526088
149068000,0.40746674,0.19315057,0.2677948
149072000,0.5121497,-0.48919,-0.18430129
149076000,0.54926854,-0.75277,-0.30520236
149080000,0.6673204,-0.4110386,-0.22773278
149084000,0.33384544,0.23508993,0.027339198
149088000,-0.14156267,0.58147943,0.17664057
149096000,-0.06669931,0.40570062,-0.42344156
149100000,-0.46292472,0.43332177,-0.13259009
149108000,-0.7266545,0.39303473,0.20272067
149112000,-0.6304819,0.32627934,0.05414436
149120000,0.7441683,0.5689875,0.08729376
149124000,0.7148357,0.54308283,-0.12435063
149128000,0.255521,0.3140165,-0.25773552
149136000,-0.03849035,0.17729548,-0.101302356
149140000,-0.022425266,0.444251,0.098061204
149144000,-0.118267305,0.54254985,-0.07532373
149148000,0.057342395,0.47524223,-0.19472244
149152000,0.1540389,0.56089944,0.002595331
149156000,-0.0357783,0.6515907,0.645377
149160000,-0.18219332,0.66739863,0.74117774
149168000,-0.028791346,0.6640066,-0.68598115
149172000,0.3422499,0.58583736,-0.91744584
149176000,0.52544147,0.7211624,-1.0053355
149180000,0.26339298,0.7484548,-0.57277536
149184000,-0.35196143,0.9256867,0.017185792
149188000,-0.47473782,1.0681707,0.4335988
149192000,-0.36536038,0.7204248,0.76146394
149196000,-0.39491355,0.15300693,0.69824547
149204000,0.37922406,0.548659,-0.18558925
149208000,0.25056726,0.34516174,-0.15182471
149212000,0.015081503,0.028394625,-0.20990936
149216000,-0.18482825,0.45412946,-0.4495378
149220000,0.019719958,0.71889275,-0.2842154
149224000,0.34840807,0.9108918,0.012677282
149228000,0.32819182,0.8061528,0.2704173
149232000,0.2373337,0.30733442,0.28326803
149236000,0.13426656,0.23037109,0.15364525
149240000,0.06783838,0.44716045,0.15527396
149244000,0.2639759,0.64309734,-0.012467831
149248000,0.16299856,0.79990995,-0.10604664
149252000,-0.3069417,0.68191457,-0.20661189
149260000,-0.046999983,0.36079037,-0.16111013
149268000,-0.29707694,0.258914,0.04848048
149272000,-0.46587265,-0.107926905,0.104935914
149276000,-0.25329685,-0.18057883,0.13141415
149284000,-0.096678674,0.63260293,0.08382986
149288000,-0.2164386,0.8737546,-0.23431522
149292000,-0.02820464,0.72884226,-0.19723158
149300000,0.4118808,0.6473182,0.14985824
149304000,0.042050034,0.3194206,0.4051553
149308000,-0.13274436,0.03008771,0.0458716
149316000,0.6509057,0.37402034,-0.47359693
149320000,0.5554702,0.682866,-0.36332268
149324000,0.15220948,1.1048867,-0.041107982
149328000,-0.37975135,0.6675788,0.40569958
149332000,-0.7796566,0.19659545,0.58521014
149336000,-0.4740052,0.15755188,0.26623878
149344000,0.74749064,0.11931847,0.39865407
149348000,0.5870317,0.6167282,0.08698101
149356000,0.011763588,0.34435284,-0.4021067
149360000,-0.3427582,0.17623864,0.033818595
149364000,-0.287849,-0.07012802,0.103273354
149368000,-0.14780265,-0.036011413,-0.1743131
149376000,-0.054356482,0.4211071,-0.2275396
149380000,0.04898838,0.83366907,0.52209806
149384000,0.14191385,0.7601204,0.40681434
149388000,0.29525012,0.6870545,-0.30135405
149396000,-0.10449737,0.56210023,-0.6021192
149400000,-0.25939298,-0.016026258,-0.4159944
149404000,-0.025543243,-0.37449682,0.123774454
149408000,-0.028092839,-0.62283266,0.4812848
149412000,-0.12691219,-0.4787338,0.27021614
149416000,-0.17409942,0.041897044,-0.001579121
149420000,0.005795576,0.29529166,-0.039869674
149424000,0.103984594,0.23517619,-0.16215411
149428000,-0.06414816,0.39838782,-0.19930217
149432000,-0.052189037,0.64272404,-0.041871704
149436000,0.09321739,0.5365121,0.14018299
149440000,0.26839086,0.39880154,0.25018898
149448000,0.069714665,0.50085455,-0.29658413
149452000,0.19392262,-0.11423653,-0.3901472
149460000,0.2756062,-0.431749,0.18388027
149464000,-0.16996789,0.101903155,-0.16874696
149472000,-0.29508772,-0.23106699,-0.069039516
149480000,-0.4002921,-0.28927293,0.43056566
149488000,-0.32192582,0.43893862,0.03897411
149492000,0.58954656,-0.05701153,-0.29661074
149496000,0.83327985,0.019336328,-0.14408422
149500000,0.41321224,0.15750355,0.32090244
149504000,0.055723786,0.16355544,0.43256658
149508000,0.197549,0.42745027,-0.08406073
149516000,0.19029653,-0.000940263,0.10108271
149520000,-0.3765517,-0.2516915,0.07062785
149524000,-0.45677772,-0.16905415,-0.5626878
149528000,-0.0444075,-0.30470875,-0.690902
149532000,0.17345439,-0.64814687,-0.16554862
149536000,-0.034124218,-0.73177135,0.1709996
149540000,0.30754393,-0.36034924,0.30884528
149544000,0.64374685,-0.0264068,0.27313402
149548000,-0.23605505,0.33727244,-0.058635116
149556000,0.04249981,0.7636701,0.16696224
149560000,0.13496935,0.5719718,0.07719437
149564000,0.005617905,0.16235882,-0.10386999
149568000,0.12927851,-0.3626886,-0.18982913
149576000,0.06761147,-0.30197483,-0.2513439
149584000,0.27292994,-0.30043918,-0.32125154
149592000,-0.36655784,-0.8591157,0.35112217
149596000,-0.25165382,-0.48462415,0.44684476
149600000,-0.094535865,0.1277318,0.6346839
149608000,-0.3230465,0.21244484,-0.64395034
149612000,-0.23858255,-0.13848376,-1.1114085
149616000,-0.08655951,-0.15888095,-0.7286407
149620000,-0.110648856,0.0402539,-0.09645549
149624000,-0.09579909,-0.13449319,0.49629337
149628000,-0.12796931,-0.36909086,0.7915782
149632000,-0.10641082,-0.055411965,0.42965114
149636000,0.30598062,0.5168934,0.07383208
149640000,0.66272765,0.7013826,0.13156587
149644000,0.49753597,0.20766906,-0.076519966
149648000,0.16301516,-0.4073212,-0.40321782
149652000,-0.026964901,-0.80179524,-0.044681087
149656000,-0.028106377,-0.80914414,0.50666565
149660000,0.19492492,-0.22663987,0.663006
149664000,0.17592628,0.3164087,0.6110297
149672000,-0.3345728,-0.1336153,-0.23430346
149676000,-0.37069455,-0.49019846,-0.75348234
149680000,-0.55930936,-0.2974499,-1.199536
149684000,-0.58891344,0.66293883,-0.5095589
149688000,0.019874439,1.0595496,0.50923944
149692000,0.5764523,0.38643867,0.30814677
149696000,0.3895948,-0.61665356,-0.21536385
149700000,-0.032563895,-1.0590231,-0.33379784
149704000,-0.18572602,-0.5809336,-0.16450591
149708000,-0.28648663,0.025758073,0.5156711
149716000,0.57759565,0.46290275,0.07893157
149720000,0.08281803,0.2614791,-0.4690659
149728000,0.069985,-0.4259692,0.32975185
149732000,0.3711084,-0.34978652,0.48557645
149736000,0.17173572,0.021132722,0.2872337
149740000,-0.005902251,0.18095285,-0.2848774
149748000,-0.17849205,0.11477333,0.08960106
149752000,0.21271317,0.050442606,0.41840267
149760000,0.20100214,0.34212908,-0.37739348
149768000,0.24014747,0.16661917,-0.4191597
149772000,0.16100152,0.28927967,0.0973949
149776000,-0.13978744,-0.081413314,0.1962484
149784000,0.36951894,-0.16648243,-0.43041125
149788000,0.28029287,-0.15162663,0.016798556
149792000,0.16174516,-0.13295403,0.6271079
149800000,-0.036289506,-0.062914394,0.4851516
149808000,0.35514507,-0.009320237,-0.4289409
149812000,0.019148394,0.3472197,-0.7355534
149816000,-0.26437086,0.62005216,-0.007062882
149820000,0.026352137,0.28218162,0.42638737
149824000,0.2150529,-0.12898527,0.003154129
149832000,0.10631455,-0.23426236,-0.16284722
149836000,0.54559004,-0.25207442,0.50121593
149840000,0.8722835,0.018293418,0.6653882
149848000,-0.5414322,0.6687135,-0.3046253
149852000,-0.08652228,0.17481367,-0.14751163
149860000,0.19776933,-0.8873605,0.01043142
149864000,0.14406718,-0.5435469,0.5012986
149868000,-0.029873744,-0.12095909,0.3990972
149872000,-0.2396734,0.055899322,0.060980827
149876000,-0.20688525,0.3397551,-0.063979894
149880000,0.09992924,0.52358013,-0.13009895
149884000,0.30319172,0.075934485,-0.13712443
149888000,0.3752984,-0.38594675,0.06686434
149892000,0.2568365,-0.019477755,0.23875023
149896000,-0.112108245,0.47351956,-0.08089803
149900000,-0.44569942,0.09144989,-0.4773896
149904000,-0.40737152,-0.52778655,-0.3436731
149908000,0.08043173,-0.41701788,-0.17260507
149912000,0.1556031,0.19275229,-0.13976465
149916000,0.00090576,0.37256923,0.4127823
149924000,0.08889033,-0.39765605,0.47174388
149928000,-0.18508877,-0.3793459,0.14870681
149932000,-0.19612825,-0.005761266,0.17656325
149936000,-0.14437255,0.119477004,-0.1716777
149944000,0.12757806,-0.6014681,-0.44100744
149948000,0.35894454,-0.7808633,-0.49125364
149952000,0.52343196,-0.19108583,-0.10973691
149956000,0.3732082,0.473644,0.0888762
149964000,-0.6266149,0.20173721,0.33741766
149968000,-0.13227753,-0.003503803,0.6392164
149972000,0.3378547,0.011302837,-0.09455702
149976000,0.54046273,-0.15093663,-0.99664474
149980000,0.31377876,-0.43633813,-0.76370853
149984000,-0.05487112,-0.30600336,0.006561905
149992000,-0.23743358,0.44123226,0.25310946
149996000,-0.14093955,0.49165946,0.30334097
150000000,-0.003407155,0.7363134,0.30700135
150008000,-0.5702887,0.26446193,-0.07525214
150012000,-0.040554762,0.16359565,0.33663583
150016000,0.5202846,0.17066637,0.06660584
150024000,0.2059234,-0.9235147,0.000499055
150028000,-0.1207193,-1.3719776,0.7757329
150032000,-0.24596454,-0.48381966,0.58506227
150036000,-0.22562337,0.7393057,-0.1951396
150044000,0.0724882,0.47530884,-0.7642869
150048000,0.4802391,-0.22327906,-0.27506685
150056000,-0.19248147,-0.58085555,0.55505973
150060000,-0.40907493,-0.34813684,0.42928094
150064000,-0.039190754,0.21369389,0.031582445
150072000,0.40352154,-0.001979977,0.2158705
150076000,0.16596365,-0.45095977,0.09444828
150084000,-0.4592958,-0.4881645,-0.047436286
150088000,-0.50635296,-0.2605696,-0.013790481
150092000,-0.20419656,0.4784608,0.0553529
150096000,0.48263556,0.57667255,0.19751549
150100000,0.82703865,0.19221142,0.22685526
150108000,-0.4175846,-0.26674962,-0.07849638
150112000,-0.7641692,-0.3778781,-0.07774591
150116000,-0.7220644,-0.025863633,-0.13271536
150120000,-0.31575575,0.14328286,-0.14673875
150124000,0.29394335,0.001465775,0.021027617
150132000,0.25919515,0.24093445,0.04537926
150136000,-0.17256893,0.14561814,0.07471795
150140000,-0.28002,-0.057394974,0.35103536
150144000,-0.17798422,-0.19205281,0.2773289
150148000,-0.008678447,-0.12873355,-0.037250593
150152000,0.35710186,-0.15253584,-0.13390076
150156000,0.48577315,-0.321469,-0.05476248
150160000,0.29999465,-0.28070197,-0.060785733
150164000,0.27431577,-0.040899936,-0.5480656
150168000,0.07067197,0.14259736,-0.6579878
150172000,-0.33872172,0.1562898,0.019527286
150180000,-0.2038319,0.20368212,0.62847584
150184000,0.029855683,0.20602387,-0.016110986
150192000,-0.3702466,-0.04529789,-0.7970687
150196000,0.24632777,0.026352106,-0.115185425
150200000,0.8138584,0.23862882,0.4458676
150208000,0.3534794,-0.35482514,0.21740302
150212000,-0.3927686,-0.39636743,0.29389054
150220000,-0.33210874,-0.27468568,-0.050722934
150224000,-0.20940255,0.7951847,-0.6732884
150228000,-0.2274397,0.8778993,-0.7026353
150232000,-0.025211882,0.46712884,-0.079949826
150240000,0.14012088,-0.19458246,0.25471598
150244000,0.040164594,-0.008500662,-0.07336521
150248000,-0.079824656,0.070199385,-0.16483301
150252000,-0.29020444,0.078344695,0.23394667
150256000,-0.3772729,0.3066035,0.77499586
150260000,-0.05376719,0.44539833,0.58650506
150264000,0.46620262,0.15427624,-0.3204835
150268000,0.60687447,-0.13698244,-0.47238076
150272000,0.43465477,-0.084783934,-0.04402326
150276000,-0.03352438,-0.15818846,0.09153695
150280000,-0.6135733,-0.16486792,0.37480533
150284000,-0.5794208,0.03761555,0.544226
150288000,0.005574971,-0.029544625,0.3503042
150292000,0.52995026,-0.12742417,0.3311752
150296000,0.522748,0.003541246,-0.039457038
150300000,-0.040458187,0.21459474,-0.62412786
150308000,-0.5045605,-0.34091878,-0.22400346
150312000,-0.003754035,-0.43472344,0.11513081
150316000,-0.10770373,0.12801538,0.100526504
150320000,-0.48445335,0.25489274,-0.3602065
150324000,-0.000916153,-0.015170548,-0.51756316
150332000,0.12882361,0.16239923,0.67352706
150336000,-0.07611391,0.07969378,0.827875
150344000,0.27267072,0.78787565,0.08735114
150348000,-0.06445342,0.13479772,-0.00771983
150352000,-0.3197764,-0.43880787,-0.07448879
150360000,0.2817001,-0.15809004,-0.52041245
150368000,0.26179206,0.25238314,0.0569295
150372000,0.52977365,0.13123554,0.2097441
150380000,0.16721946,-0.15356621,-0.19261289
150388000,-0.52578735,0.21334285,0.38010025
150396000,-1.2522323,-0.10997678,-0.16544208
150400000,-0.5917606,-0.13975887,0.1290298
150404000,0.25642353,0.16459325,-0.04589364
150408000,0.6141314,0.26962808,-0.35923576
150416000,0.34213978,0.24062502,0.26706848
150424000,0.131433,0.22854552,0.5321078
150428000,0.31095102,0.17378904,0.30540073
150432000,0.3446584,0.018932294,0.08281647
150436000,0.004066348,-0.2383358,-0.1625467
150440000,-0.2751081,-0.20165434,-0.5520226
150444000,-0.34554434,0.23959701,-0.56878805
150448000,-0.0663885,0.70096135,-0.37425
150452000,0.288577,0.989186,0.040663853
150460000,-0.27944317,0.035103753,0.54933894
150464000,-0.40579787,-0.579836,0.35451525
150468000,-0.18039605,-0.47551876,0.39653486
150472000,-0.17887424,-0.12737536,0.22118323
150476000,-0.36359817,0.08766496,-0.22039947
150480000,-0.044970855,0.02316324,-0.6128055
150484000,0.6279165,-0.18987417,-0.5474328
150488000,0.7596252,-0.058106318,0.13446257
150492000,0.24713983,0.20993888,0.68329036
150500000,0.2013862,-0.15200719,-0.005694538
150504000,-0.23067284,0.19145368,-0.4981597
150512000,-0.76319754,0.69367313,-0.402273
150516000,-0.35168052,0.24609381,-0.66763985
150520000,-0.014879759,-0.42749265,-0.28053463
150524000,0.47292146,-0.68977636,0.6150364
150528000,0.78705627,-0.5807664,0.84812486
150532000,0.7655042,0.12709814,0.18748951
150536000,0.48428547,0.85130894,-0.2969609
150540000,-0.14215513,0.7243899,-0.16823527
150544000,-0.51898587,0.07066281,-0.004532782
150548000,-0.19333452,-0.1884956,0.034353126
150552000,0.06363983,-0.076070346,-0.078538954
150556000,-0.3922363,0.14308944,-0.22720486
150564000,-0.1323624,0.34723842,-0.32762137
150568000,-0.17348157,0.3177566,-0.26371667
150572000,-0.18144935,0.27153087,0.039889276
150576000,0.17568164,0.2084437,0.2810357
150580000,0.17427877,0.2931474,0.20201442
150584000,0.014173143,0.16352075,-0.2037551
150588000,0.05146894,0.05649728,0.012204021
150596000,-0.21669407,-0.24436945,1.0817891
150600000,-0.31439278,-0.65744126,0.6537055
150604000,-0.24446099,-0.18364406,-0.08670218
150608000,-0.38340452,0.5690954,-0.48197812
150612000,-0.55373156,0.68059826,-0.07223519
150616000,-0.24616711,0.27570614,0.23962657
150620000,0.18894641,0.27723897,-0.15524434
150628000,0.13897084,0.123560205,-0.102557346
150632000,0.02318872,-0.17817259,-0.15922056
150636000,-0.025975626,-0.25027916,-0.3268718
150640000,0.14228204,-0.12710167,-0.55270934
150644000,0.30420896,0.013097208,-0.4919648
150648000,0.2629245,-0.23024827,0.32243872
150652000,0.38437518,-0.46922657,0.8168846
150656000,0.1443969,-0.3224109,0.34608966
150660000,-0.21795659,0.10710058,0.33466563
150664000,0.052807257,0.51907855,0.47112325
150668000,0.116851136,0.5972182,-0.022335634
150672000,-0.39626056,0.6028843,-0.1652107
150676000,-0.44964558,0.49063456,-0.17271897
150684000,0.056429587,0.30939138,-0.17975754
150692000,0.30059344,-0.12509242,0.02769909
150696000,0.00068444,-0.5711925,-0.1854217
150700000,0.022222288,-0.48641956,-0.19075085
150704000,0.07682965,-0.35291985,0.24754664
150712000,-0.42078543,0.38786498,-0.007593326
150716000,-0.26077583,0.6571595,-0.23886485
150720000,0.122466564,0.35114998,-0.22303426
150724000,0.29456192,0.13638611,-0.04694176
150732000,0.08922682,0.5533414,0.073215514
150736000,0.24030179,0.15358426,-0.24968545
150740000,-0.057861745,-0.024155878,-0.08480351
150744000,-0.32993382,0.135216,0.18339661
150748000,-0.28479692,0.033872407,0.03260155
150752000,-0.20911025,-0.27411872,0.003077755
150760000,0.19112909,0.8473193,0.3216928
150768000,0.58575535,-0.5095045,0.41912353
150772000,0.19704004,-0.6713266,0.18190081
150780000,-0.21984842,0.24200736,-0.8174302
150784000,0.10828717,0.23021713,-0.30145
150792000,-0.57869345,0.000619836,-0.3785744
150796000,-0.013196051,0.18389519,-0.27055246
150800000,0.6398026,0.046804056,0.45928884
150804000,0.59441936,0.27431887,0.8840832
150808000,-0.24942937,0.79193336,0.78551096
150812000,-1.024251,0.22033498,0.18923967
150816000,-0.9778472,-0.6038344,-0.26835388
150820000,-0.58269554,-0.4355787,-0.35312667
150828000,0.44283396,0.104902625,-0.3950876
150832000,0.8149631,0.1982431,-0.109997764
150840000,0.02356685,0.23506558,0.008370787
150844000,0.2103551,0.4507939,0.16460575
150848000,-0.14744098,0.7365259,-0.19270656
150852000,-0.67918146,0.4044186,-0.7102155
150856000,-0.70139897,-0.081463516,-0.48234957
150860000,-0.2902632,0.10309574,0.096888125
150864000,0.08054611,0.32485807,0.3712265
150868000,0.19671498,0.24918196,0.316919
150872000,0.39102036,0.08435558,-0.093733296
150876000,0.7295837,-0.083346784,-0.20398831
150884000,0.3756104,-0.361683,0.5325871
150888000,-0.005466418,0.25541246,0.21305129
150892000,-0.09150057,0.68153477,0.028526854
150896000,-0.14728692,0.6495782,-0.2783885
150904000,-0.13239086,-0.38532645,-0.09410682
150908000,-0.13350722,-0.17174219,0.56233686
150912000,-0.042289127,0.24728204,0.4159773
150916000,0.1482915,0.04489766,-0.104124755
150920000,0.08284869,0.2070809,-0.26711106
150928000,0.2956301,0.21106753,0.38091153
150932000,-0.24066806,-0.083431676,0.29987597
150936000,-0.51905936,-0.13644648,-0.14300779
150940000,-0.21898681,0.33439022,-0.3345659
150944000,0.110985346,0.7983538,-0.2066941
150948000,0.16647586,0.47701234,0.1950357
150956000,0.17185335,-0.6587261,0.24381019
150960000,0.03756982,-0.10430096,0.0370602
150964000,-0.27665147,0.9108816,-0.06765832
150968000,-0.14447668,0.73717487,0.11183326
150972000,0.115129255,-0.47991958,-0.077699766
150976000,0.042036228,-1.0941739,-0.49353254
150980000,-0.28798318,-0.5331956,-0.6961461
150984000,-0.37974328,0.041241515,-0.5484897
150988000,0.06887965,0.22669844,-0.08638695
150992000,0.4225341,0.50952375,0.21569747
150996000,0.6052791,0.77881163,0.19395335
151000000,0.83142793,0.63300085,0.1703522
151004000,0.38811922,0.2724226,0.3927575
151008000,-0.5093115,-0.008093596,0.62581635
151012000,-0.90103495,-0.37918285,0.4222355
151020000,-0.052520007,0.12575507,-0.14712451
151024000,0.18935293,0.50331414,-0.26464745
151032000,-0.46751848,-0.13345695,0.12913492
151036000,-0.38614774,-0.097492546,0.49212128
151040000,0.3582391,-0.13736294,0.35858965
151044000,0.6807401,-0.21633904,0.21675715
151048000,0.41394895,0.3565393,-0.06374458
151056000,-0.38625267,0.53489286,-0.5797633
151064000,-0.055988207,-0.22530463,0.42076847
151068000,-0.34668303,-0.4913151,0.16498095
151076000,-0.04258886,-0.06512034,-0.023872554
151080000,0.3460099,0.264827,-0.2560295
151084000,0.3767168,0.18482308,-0.48200774
151088000,0.27834827,0.1861033,-0.1091059
151092000,-0.08625466,0.50371426,0.2632502
151096000,-0.5781656,0.20242976,-0.16547978
151104000,-0.05717504,-0.40460557,-0.52154875
151108000,0.7279471,0.041358575,-0.104603186
151112000,0.8863132,0.2477248,0.19672827
151116000,0.44997734,0.5485967,0.6055467
151120000,0.023448706,0.63302386,0.63755643
151124000,-0.36154023,0.4017008,0.14149484
151128000,-0.6923561,0.2726676,-0.032978512
151132000,-0.55994767,0.10758964,0.08664455
151136000,-0.20824698,-0.19203423,-0.008176312
151140000,0.017287407,-0.21614698,0.033258848
151144000,0.1936591,-0.2545119,0.15946425
151148000,0.20435205,-0.35632625,0.11290318
151152000,0.33206075,-0.14170703,-0.004909284
151156000,0.33000457,0.13005055,-0.1796717
151160000,-0.06419784,0.39326805,-0.17065895
151168000,-0.06137383,0.015810832,-0.11231862
151176000,0.047034256,-0.28658706,0.47117126
151180000,-0.47172984,-0.24575828,0.5625124
151188000,0.20170394,0.7034604,-0.13888592
151192000,0.43071344,0.77016294,-0.100178316
151196000,0.2510088,0.44220793,-0.08628185
151200000,0.09712252,0.18734577,-0.41846547
151204000,-0.10634772,0.17171137,-0.586731
151208000,-0.52293634,0.43127468,-0.62669206
151212000,-0.40039107,0.47754204,-0.26313826
151216000,-0.05924596,-0.24866667,0.36282414
151224000,-0.42239004,-0.32279164,-0.22964208
151232000,0.50846815,0.44296265,0.11457885
151236000,0.26720497,0.42594582,0.18592276
151244000,0.041903183,-0.046706434,0.023808554
151248000,-0.17668608,0.00337857,0.18795839
151252000,-0.5230239,0.45739782,-0.24712886
151256000,-0.25683245,0.92211586,-0.5100601
151264000,0.7940484,-0.31233522,0.6185771
151268000,0.3475366,-0.58425426,0.7424162
151276000,-0.083742164,-0.15504521,-0.22548884
151280000,-0.5167069,-0.17546473,0.10626245
151284000,-0.558297,-0.29459777,0.13972466
151288000,-0.009819508,-0.2936086,0.046275675
151296000,0.31452355,0.2982871,-0.41054153
151300000,0.45963675,0.32544306,-0.28577632
151308000,0.3306573,0.33666024,-0.11011846
151312000,-0.22025366,0.7419924,-0.073367536
151316000,-0.58515024,0.6594017,0.08808833
151320000,-0.571072,0.22057068,0.28207067
151324000,-0.35846907,0.12823032,0.25515777
151332000,-0.5125472,-0.1283603,-0.24556601
151340000,-0.2657971,0.06971349,0.5002149
151344000,0.3743771,0.13779864,0.4449015
151348000,0.599106,0.2021088,-0.09820165
151356000,-0.006096616,-0.20917355,-0.22872046
151360000,-0.03107205,-0.021088183,-0.018220093
151364000,0.31396282,-0.21477517,0.18390766
151368000,0.4111141,-0.42478004,0.8408448
151376000,0.0410586,0.45343232,0.30920565
151384000,-0.27062893,0.14345534,-0.73117995
151388000,-0.065232515,0.14826795,-0.86989766
151392000,0.31085223,0.16354021,-0.33462796
151396000,0.22199744,0.35685295,0.19509467
151400000,-0.029343683,0.39245296,0.4449899
151408000,-0.19877422,-0.12129947,-0.4326177
151412000,0.07092251,-0.11140544,-0.36583287
151416000,0.09749013,-0.2633502,0.18509799
151424000,-0.07696977,0.106800005,0.32198438
151428000,0.043135453,0.39344627,0.15977432
151436000,0.14498916,0.14119698,-0.5677711
151440000,0.47533274,-0.25052273,-0.41702798
151448000,-0.48600483,0.2340703,0.2435873
151452000,-0.16818754,-0.17867535,0.038365968
151456000,0.29940128,-0.4383679,-0.2017353
151460000,0.4003745,-0.09648162,-0.21262549
151464000,0.13751301,0.45021856,-0.055713516
151468000,-0.03949438,0.549955,0.03993734
151472000,0.054983035,0.23051521,-0.055175602
151476000,0.03601274,-0.026233636,0.10477269
151480000,-0.2315781,0.21247697,0.362076
151484000,-0.19083542,0.547818,0.52060395
151492000,-0.66742945,-0.5759245,0.23242368
151496000,-0.06630206,-0.09473187,0.11452167
151500000,0.41199493,0.56952655,-0.28302145
151504000,0.41596538,0.2244482,-0.74883157
151508000,0.13685124,-0.10574472,-0.6640996
151512000,-0.15928857,0.07716773,-0.48495385
151520000,0.5375463,0.19845432,-0.07206741
151528000,-0.23191181,-0.32719913,0.8768351
151532000,-0.3038333,0.12446593,0.11716527
151536000,0.054769248,0.80116284,-0.25684807
151540000,0.36599752,0.44889066,-0.16910338
151544000,-0.17416622,-0.40024796,-0.018804748
151548000,-0.9304274,-0.61640245,0.024053782
151552000,-0.8392643,-0.44763386,-0.037254833
151556000,-0.20219317,-0.07947278,-0.020165905
151560000,0.18165255,0.006331071,-0.07672985
151568000,0.05107801,0.044292256,0.46548223
151576000,0.38109845,-0.20835379,-0.30839756
151580000,0.21784604,0.22325692,-0.055600546
151584000,-0.13202775,0.6775299,0.24648848
151592000,-0.19320083,0.28903642,0.3199851
151596000,-0.15988088,-0.020017184,0.27705622
151600000,-0.19133726,0.04704026,-0.2739361
151608000,0.52611804,0.06329136,-0.34910178
151612000,0.66451204,-0.09804203,0.026289657
151616000,0.37756798,0.02688437,-0.014765874
151620000,-0.064697936,-0.015727915,0.42376268
151624000,-0.24034795,-0.2791734,1.0829706
151628000,-0.2676221,0.000735775,0.665802
151632000,-0.29481634,0.4127285,-0.27898955
151636000,-0.21517876,0.39140606,-0.7429371
151640000,0.042156443,0.29101217,-0.44228673
151644000,0.5221288,-0.024850488,0.10319051
151648000,0.74256355,-0.43909228,0.12731254
151652000,0.29978526,-0.24208824,-0.40745914
151656000,-0.23848824,0.18827412,-0.8425561
151664000,-0.10767479,0.47439784,0.06713947
151668000,0.058938004,0.604251,0.83976185
151672000,-0.08795129,0.11117445,0.54937595
151680000,-0.275321,-0.22412455,0.10160443
151684000,-0.4795107,-0.46098953,-0.17700034
151692000,0.11769256,-0.057586625,-0.5751817
151700000,-0.52125406,0.06288889,0.5396909
151704000,-0.2800511,0.06705016,0.18829715
151708000,0.47939473,0.22477603,-0.062436
151712000,0.7950395,0.32603183,0.15583457
151716000,0.43325868,0.2186895,0.45515975
151724000,0.5845284,0.3652851,0.17913316
151728000,0.21926907,0.5996078,-0.13153568
151732000,-0.43081075,0.36899763,-0.20175603
151736000,-0.87908906,-0.30639118,-0.039115
151740000,-1.0665655,-0.62864834,0.03353186
151744000,-0.91129494,-0.3245072,-0.136931
151748000,-0.4734134,0.17736235,-0.33200902
151752000,0.370044,0.32479793,-0.26354888
151756000,1.0571954,0.19377539,0.25105447
151760000,0.7534583,0.1650393,0.806603
151764000,0.14606018,0.07106287,0.6129732
151768000,-0.16726416,-0.32438135,-0.061212182
151776000,-0.2359157,-0.26490662,0.17567429
151780000,0.102696374,0.07184556,-0.18620563
151788000,0.24672097,-0.1670909,-0.44103652
151792000,-0.28911704,-0.087864295,0.08829139
151796000,-0.33848113,0.18959755,0.32596362
151800000,-0.08208105,0.101625845,0.09875379
151804000,0.011582935,-0.14908129,-0.18627164
151808000,-0.001081493,-0.035395652,-0.3830524
151812000,-0.035859652,0.70852363,-0.4450948
151820000,0.19084993,0.052170366,0.6374295
151824000,0.38305753,-0.6639301,0.47155267
151832000,0.13509288,0.002401263,-0.33500442
151836000,0.15165064,0.582358,-0.35930538
151844000,0.16905189,0.29634762,0.13431466
151848000,-0.15078524,0.1804454,0.4525176
151852000,-0.1766854,-0.27626503,0.36077964
151856000,-0.04437509,-0.485774,0.33584395
151860000,0.036788158,-0.030047521,0.093961075
151868000,0.20753208,0.09156791,-0.014099225
151872000,0.26342535,0.002061001,0.18191656
151876000,0.14121385,-0.08878614,0.06445932
151880000,0.06133027,-0.040562056,-0.31607246
151884000,0.11886323,0.39224106,-0.37721306
151892000,0.21123025,0.5626947,0.2544878
151896000,-0.46938527,0.23621413,0.15900569
151900000,-0.6076949,-0.6195005,-0.08586138
151904000,-0.009828806,-0.7749288,-0.1470664
151908000,0.360606,-0.28775448,-0.21061665
151912000,0.3475401,0.21127833,-0.51190454
151916000,-0.03639798,0.62501293,-0.57482195
151920000,-0.2670256,0.5637424,0.09326853
151928000,0.46217552,0.38330504,0.72534513
151932000,0.57364583,-0.003353849,-0.12717202
151936000,0.39982003,-0.54977095,-0.294441
151940000,-0.09935598,-0.64226395,-0.034496054
151944000,-0.25981963,0.09077954,0.06632069
151952000,0.15160891,0.366721,0.05219415
151960000,0.124982625,-0.21628195,-0.34081587
151964000,-0.34659454,-0.22974677,-0.32121587
151972000,-0.11713334,-0.25573248,0.039505653
151976000,0.16344869,0.14239016,0.18906151
151980000,0.045937076,0.21054745,0.118512
151984000,-0.56836957,0.08627656,0.24569216
151988000,-0.7999875,0.35792625,0.25550213
151992000,-0.29248753,0.2966202,-0.07671921
151996000,0.43981913,0.13023998,-0.17284168
152000000,0.9645411,0.32983157,-0.20742697
152004000,0.8816766,0.22393787,-0.11688283
152008000,0.14496891,-0.101168476,0.13646863
152016000,-0.3055017,-0.31939277,0.49774188
152024000,0.5638851,-0.27075177,-0.13477433
152028000,0.31248206,0.27066267,-0.2547522
152036000,-0.4477637,0.0876842,-0.48552132
152040000,-0.5242545,-0.44838506,-0.15520397
152048000,-0.00908979,-0.20918597,0.5410179
152052000,0.13282225,-0.19401366,-0.1450091
152056000,-0.15729742,-0.03278911,-0.43232888
152060000,-0.2717957,0.2283152,0.23353513
152064000,-0.044323694,0.38527665,0.67266786
152068000,0.24006662,0.28665024,0.4082847
152076000,0.30274576,0.15843873,-0.6010651
152080000,0.07482685,0.12831914,-0.5671352
152088000,-0.60875547,-0.13346565,0.5306138
152092000,0.2896396,-0.48738798,0.29594892
152096000,0.9444275,-0.36343244,-0.33059826
152100000,0.5558219,0.15891352,-0.7139956
152104000,-0.06572148,0.64418846,-0.5725888
152108000,-0.32024646,0.685862,-0.2351983
152112000,-0.2524548,0.15184855,0.007639254
152116000,-0.14222541,-0.2655723,0.045274038
152120000,-0.18331806,-0.40811995,0.09002597
152124000,-0.25942367,-0.33250242,0.28250825
152132000,-0.31508368,-0.21737447,0.20101254
152136000,0.09819195,-0.3435722,-0.2371322
152140000,0.87712187,-0.39554554,-0.09211129
152148000,-0.057700276,0.5989224,0.21899916
152152000,-0.992703,0.4420066,0.02990923
152156000,-1.0038171,-0.02709417,-0.23460522
152160000,-0.44950002,-0.023479007,-0.58626294
152164000,-0.047299683,0.34806937,-0.5889801
152172000,0.4160121,0.40688175,0.57515997
152176000,0.60932255,-0.25885883,0.520814
152180000,0.5377404,-0.40066102,0.08602451
152184000,0.27326074,-0.0529992,0.028640315
152188000,-0.17286333,-0.31093585,0.25533968
152192000,-0.55202144,-0.683095,0.007135138
152196000,-0.23282595,-0.40192705,-0.19090256
152200000,0.49437612,0.24452072,-0.0423763
152204000,0.37560028,0.65287983,-0.012854852
152208000,-0.46816045,0.5634235,0.1821288
152212000,-0.99577343,0.18838882,0.53348976
152216000,-0.7174168,-0.048016552,0.44703543
152220000,0.037702248,-0.107952684,-0.25901178
152224000,0.65924597,-0.2757149,-0.7388025
152228000,0.86284614,-0.3815608,-0.47828212
152232000,0.69674504,-0.07845622,-0.21952374
152236000,0.39197055,0.3436398,-0.060077466
152240000,-0.17348558,0.21864842,0.007233907
152244000,-0.55401736,-0.032707334,-0.001026551
152248000,-0.3462798,0.35841218,0.266753
152252000,0.008152641,0.4919682,0.27452633
152256000,0.08457377,-0.049250558,-0.13534744
152260000,-0.39120567,-0.37491155,-0.2517974
152268000,0.405991,-0.27580297,-0.004705815
152276000,0.021202177,0.10546031,-0.03084411
152280000,-0.8720887,0.63611233,0.33796528
152288000,-0.4533419,-0.043583736,0.28782728
152292000,0.07915698,-0.49649316,-0.078212634
152296000,0.2727271,-0.44361722,-0.5201541
152300000,0.10062303,0.034899063,-0.27117056
152304000,0.07205499,0.8050683,0.33141553
152308000,0.60830694,0.6348828,0.4521237
152312000,0.884676,-0.5857283,0.10235498
152316000,0.16492638,-0.9328718,-0.4920706
152324000,-0.46181646,0.57802904,0.078063995
152328000,-0.18339409,0.29081038,0.7190137
152332000,-0.32833627,-0.025352307,0.6577784
152340000,0.2570798,-0.3377269,-0.6128626
152344000,0.44917846,-0.19483478,-0.80440855
152348000,0.2972503,-0.21950656,-0.3082109
152356000,0.03890472,-0.33045238,0.89544255
152360000,-0.03943949,0.41171852,0.42416254
152368000,-0.039982267,0.40325302,-0.51939625
152372000,-0.37095943,0.27460045,-0.048515335
152376000,-0.68285424,-0.13133273,0.43486023
152380000,-0.65892696,-0.66198516,0.6499277
152388000,0.4175439,-0.10361469,-0.18645538
152392000,-0.17318833,-0.08508167,-0.55075955
152400000,0.52125764,0.56681114,0.061325
152404000,0.84278274,0.7152525,0.019170195
152408000,0.7569458,0.38185602,-0.013347495
152412000,0.30905917,0.13795924,0.15693057
152416000,-0.44718152,-0.083879024,0.26975986
152420000,-0.70739967,-0.36790448,0.47106677
152424000,-0.56242704,-0.3464847,0.66479844
152428000,-0.23139675,-0.013658077,0.29254436
152432000,0.29966676,-0.056070447,-0.19723439
152436000,0.26017982,-0.29138696,-0.27370912
152440000,-0.2796292,-0.15131062,-0.39846006
152444000,-0.3420874,-0.0696217,-0.6001188
152448000,0.08916569,0.13757233,-0.461388
152452000,0.18510996,0.56901604,0.07641378
152456000,-0.074190326,0.29447684,0.65729386
152460000,-0.28565302,-0.5163351,0.8747127
152464000,-0.5863584,-0.50710607,0.4349175
152472000,0.06181863,0.31301993,-0.32110977
152476000,0.6055549,0.14182314,-0.04252044
152480000,0.66176367,-0.16977091,0.089783564
152484000,0.27498686,-0.28138396,-0.004218966
152492000,0.079846084,-0.059300423,-0.3566818
152496000,0.4703064,-0.55419195,-0.37938657
152504000,-0.046711415,0.04474625,-0.0992659
152508000,-0.97840995,0.321071,0.34080327
152512000,-1.0021077,0.006780095,0.2751582
152516000,-0.09185405,-0.11956647,-0.3419677
152520000,0.604661,0.42587382,-0.57983375
152524000,0.6040545,0.9908176,-0.113066584
152532000,0.21501988,-0.26909742,0.32349586
152536000,0.07487276,-0.88392586,-0.14005333
152544000,-0.69710475,-0.29727155,-0.07764449
152548000,-0.7730485,0.14193015,-0.31498614
152552000,-0.40513715,0.15113175,-0.100787066
152560000,0.65568954,-0.15766637,0.09195035
152564000,0.58656967,-0.5138256,-0.25756282
152568000,0.20650017,-0.18676676,-0.41356638
152576000,-0.11467521,0.88936496,0.33360967
152580000,-0.001049206,0.24709159,0.6621876
152584000,-0.083675,-0.29281038,0.2711497
152588000,-0.22792651,-0.24147661,-0.4033014
152592000,-0.22812708,-0.19650978,-0.48058844
152600000,0.09108279,-0.24089488,0.51617444
152608000,-0.4570626,0.2634238,0.33150908
152612000,-0.50858,-0.24685954,0.19369218
152616000,-0.17618817,-0.3906685,-0.025709424
152620000,-0.06267885,-0.6776715,-0.38540965
152624000,0.0780503,-0.72060406,-0.26645732
152628000,0.33834186,-0.17487842,0.2988931
152632000,0.5570796,0.31058958,0.4420656
152636000,0.7184515,0.5114911,0.19558078
152640000,0.5136419,0.4424739,-0.12218766
152644000,0.082028404,0.060194552,0.10890139
152648000,-0.16054736,-0.1422419,0.7102059
152652000,-0.112761095,0.010035135,0.30753222
152656000,0.08107519,0.25767595,-0.35572696
152660000,-0.20109925,0.4073696,-0.123503365
152664000,-0.7277292,0.060026854,0.27234834
152668000,-0.6441233,-0.13932472,0.2657637
152672000,0.083989725,0.18464842,-0.22410363
152676000,0.721076,0.2907021,-0.7906656
152684000,-0.19618414,0.2754125,-0.13022773
152688000,-0.32243234,-0.18669069,0.25743863
152692000,-0.22614214,-0.6345412,0.37686974
152696000,-0.4087546,-0.511533,0.40298218
152704000,-0.30598718,-0.577327,-0.3849104
152712000,0.41021392,0.468458,-0.49823308
152716000,0.6585254,0.1916063,-0.22314674
152720000,0.24740794,-0.20355791,0.23417997
152724000,-0.18802673,-0.38186255,0.69715255
152728000,-0.3117559,-0.20852447,0.7587749
152736000,-0.10288255,-0.374315,0.15125881
152740000,0.18712986,-0.31221843,-0.28761134
152744000,-0.09444794,0.36811355,-0.2229733
152748000,-0.4799353,0.5205775,-0.005033553
152752000,-0.42497778,0.1789025,-0.25136703
152756000,-0.068113714,0.29308096,-0.30358094
152760000,0.13134882,0.2913325,-0.053036284
152764000,0.1754596,-0.10197885,0.13906878
152772000,0.2515512,-0.034490712,0.16142215
152780000,-0.11911933,0.22538671,-0.0219663
152784000,-0.7490371,-0.2772983,0.11314837
152788000,-0.24817069,-0.4654498,-0.038697794
152792000,0.61073214,-0.3992968,-0.18311684
152800000,-0.03213048,0.009784387,0.07364164
152808000,0.08033456,0.3499614,-0.3767759
152812000,0.22684908,-0.21080817,-0.48508435
152816000,0.08411432,-0.33037895,-0.17953962
152824000,0.3186246,-0.5483964,0.44580102
152828000,-0.13817438,-0.37316307,0.083587795
152832000,-0.3258791,-0.04986863,-0.113233745
152836000,-0.14421201,0.25445113,0.14760612
152840000,-0.15159488,0.62660676,0.13381805
152844000,-0.05984403,0.49491507,-0.11288159
152848000,0.14022109,0.17542332,-0.2941003
152852000,0.06870318,-0.015242165,-0.40008664
152860000,-0.014872763,-0.23852575,0.35442287
152864000,0.23938987,-0.23806778,0.48101604
152868000,0.20179448,-0.16039944,0.17376073
152872000,-0.12105322,-0.19111007,-0.33881167
152876000,-0.14157613,-0.29182893,-0.6002108
152880000,-0.004639208,-0.039073333,-0.6021682
152888000,-0.33680937,-0.17883524,0.28573915
152892000,-0.4372545,-0.4010169,0.2820295
152896000,-0.046727195,-0.24969275,0.16185331
152900000,0.41213483,-0.04256619,0.046826873
152904000,0.20082024,0.07527138,-0.3247804
152908000,-0.037864096,0.1630192,-0.46918297
152912000,0.39695737,0.1922959,-0.15534252
152916000,0.37117696,0.33029532,0.21227531
152920000,-0.38907588,0.28132302,0.3648734
152924000,-0.3464527,0.1867441,0.044291154
152928000,0.36198694,0.22122918,-0.2294398
152932000,0.3947417,0.009529024,0.16060609
152940000,-0.9731281,-0.47406772,0.42130864
152944000,-0.84419537,0.000924408,0.21245757
152948000,-0.39854124,0.26766422,0.008823238
152952000,0.12533957,-0.17044806,-0.2336132
152956000,0.53379685,-0.23478356,-0.38878965
152960000,0.36526993,0.044169866,-0.3010319
152964000,-0.07059936,-0.10471722,-0.15927821
152968000,-0.006775923,-0.2690313,-0.09064966
152972000,0.4020439,-0.40597722,0.3231707
152976000,0.4521793,-0.663115,0.72247857
152980000,-0.16431355,-0.18713665,0.5615157
152984000,-0.53790116,0.885921,0.22873965
152992000,0.08365923,0.7771286,-0.41374522
152996000,0.0724282,-0.32890964,-0.7054695
153004000,0.10276939,-1.0338296,-0.004310932
153008000,0.28646466,-0.18433112,0.06403768
153012000,0.095538154,0.49938434,-0.0020454
153016000,-0.266564,0.30685765,-0.07112732
153020000,0.032150164,-0.06696454,-0.3870682
153024000,0.40652812,0.025435582,-0.56317466
153028000,0.26955426,0.25659227,-0.14131357
153032000,0.27754608,0.29319558,0.44149286
153036000,0.428466,-0.2523324,0.7688712
153044000,-0.86328536,-0.7236155,0.2834956
153048000,-0.94413257,0.28515244,-0.058173597
153052000,-0.40006578,0.6104833,-0.6781849
153056000,0.27502742,0.2914017,-0.69308054
153060000,0.50666356,0.089506954,-0.002266586
153064000,0.32620558,0.06032746,0.36585432
153068000,0.42945608,0.20115751,0.3920822
153072000,0.52453405,0.40253264,0.4067351
153076000,-0.04305719,0.26580054,0.121304296
153080000,-0.69629943,-0.046433154,-0.2035934
153084000,-0.5365665,-0.4870252,0.04944274
153092000,-0.06953901,-0.86078084,-0.4247225
153096000,0.023169853,-0.10200614,-0.41441834
153100000,0.13061829,0.27845314,-0.3588258
153104000,-0.095327824,0.034961633,-0.49169478
153108000,-0.122478805,-0.14647491,-0.3976503
153112000,0.24255778,-0.002015919,-0.36348316
153120000,0.53326154,0.41742396,0.26258653
153124000,0.40122783,0.18677947,0.72832865
153128000,0.105005175,-0.47034627,0.75218064
153132000,-0.06216768,-0.5838338,0.024651587
153136000,0.0629739,-0.48276657,-0.4886397
153140000,-0.08184877,-0.53350693,-0.18787572
153144000,-0.5310734,-0.5458753,0.08283059
153148000,-0.42746007,-0.28843087,-0.015857432
153152000,0.21043234,0.2561339,-0.22090553
153156000,0.52347636,0.54537505,-0.1139264
153164000,-0.487476,-0.058778793,0.09462943
153168000,-1.0075176,-0.10662675,-0.2693033
153172000,-0.66111475,0.25456554,-0.35834092
153176000,-0.15878582,0.49226755,-0.28738472
153184000,0.56381416,-0.39008772,0.2789217
153188000,0.73922795,-0.76727945,0.08184002
153192000,0.21349734,-0.5067184,0.10848841
153196000,-0.26159796,0.14399993,0.09361176
153200000,-0.22066154,0.611881,0.22868434
153204000,-0.32126504,0.27731594,0.5239434
153208000,-0.6014828,-0.39158747,0.4240962
153212000,-0.543063,-0.56361574,0.11947399
153220000,-0.07912874,-0.19013326,-0.46351665
153224000,0.1934858,-0.4420989,0.074484095
153228000,0.6589222,-0.4749251,0.19790275
153232000,0.585223,0.0473257,-0.47878796
153240000,-0.8730221,0.36428204,0.15340814
153244000,-0.90352,0.009075299,0.47457495
153248000,-0.31816983,-0.15742804,0.057742015
153256000,0.49347824,-0.023464203,-0.36640802
153260000,0.20026156,0.16331625,-0.12532505
153264000,0.20807308,0.1957666,-0.1446683
153268000,0.2068028,-0.06818779,-0.1662552
153272000,-0.02992525,-0.14272958,0.4052125
153276000,-0.63490975,-0.633664,0.82406783
153284000,-0.031229556,-0.9225224,-0.14263624
153288000,0.82962245,-0.27081957,-0.2981605
153292000,0.8483508,0.2293587,-0.11210075
153296000,0.44036362,0.4159345,0.2820862
153300000,0.20068084,0.3540572,0.32203105
153304000,-0.17186664,0.21102603,0.14750384
153312000,-0.4674806,0.22439776,-0.5357183
153316000,0.63858914,0.5755669,-0.45552856
153324000,0.52718806,-0.116734326,0.16360849
153328000,0.0765671,-0.6014047,0.5650255
153332000,-0.24626195,-0.6878445,0.76347685
153340000,-0.31753927,-0.2325608,-0.6304534
153344000,-0.43666297,-0.007017268,-0.6382035
153352000,0.047713734,0.063182406,0.089589454
153356000,0.27660334,0.47325605,0.3025341
153364000,-0.23383181,0.2369723,-0.1861875
153368000,-0.37722936,0.5344922,-0.70205927
153372000,0.050535098,0.23017852,-0.73611116
153376000,0.5854355,-0.57873183,-0.4587032
153380000,0.5048782,-0.77065253,0.14175585
153384000,-0.02411189,-0.6114088,0.36730066
153392000,-0.5633684,0.29457834,0.05243992
153400000,0.045587078,-0.41650105,0.3076929
153404000,0.2132051,-0.28612927,0.42579272
153408000,0.101889566,0.25599733,0.23959622
153412000,0.042730056,0.23991534,0.010860949
153416000,-0.3370021,-0.2899489,-0.13613398
153420000,-0.81790966,-0.51072854,0.073063135
153424000,-0.4403276,-0.32409236,0.46235967
153428000,0.09304762,0.07715117,0.17299233
153432000,0.26529825,0.24640965,-0.28301978
153436000,0.19450329,-0.24047542,-0.35638103
153440000,0.24386758,-0.48203462,-0.0844388
153444000,0.6838285,-0.18556835,0.14521836
153448000,0.7221533,-0.38316002,-0.1936925
153456000,-0.36684886,-0.77133465,0.12969315
153464000,-0.26141417,0.7130063,0.26704243
153468000,-0.21690375,0.57651126,0.13570082
153472000,0.114339866,0.30005223,0.05092319
153480000,0.11043012,-0.11989756,-0.6894134
153484000,-0.12482546,-0.4733171,-0.63768893
153488000,-0.2154762,-0.30840683,0.12032746
153492000,-0.16443264,0.004079789,1.0879441
153496000,0.007193614,0.08839568,1.3837036
153500000,0.1115372,0.1214915,0.539611
153504000,0.06958414,0.11955163,-0.6770318
153508000,0.039773136,0.12381028,-1.188208
153512000,0.28357327,0.030523151,-0.91830236
153516000,0.28193602,-0.26313993,-0.4991703
153524000,0.040470824,-0.46668994,0.358406
153528000,-0.19727708,0.03740473,0.68024266
153532000,-0.21511272,0.15172431,0.288085
153536000,0.38217223,0.5037875,-0.05268702
153540000,0.5866469,0.7206949,0.06625179
153544000,0.3076614,-0.098376215,0.2769232
153548000,-0.039650656,-0.68757665,0.20675308
153556000,-1.0546077,0.3728909,-0.18281488
153560000,-0.6479492,0.15691894,-0.43447566
153564000,-0.41564184,-0.29631954,-0.5481219
153568000,-0.09214977,-0.31276244,-0.38230467
153572000,0.5108275,-0.020214893,-0.056474693
153576000,0.6731849,0.20909451,0.3620226
153584000,0.15920031,0.15572715,0.3543793
153592000,-0.061605588,-0.36387658,-0.1650624
153596000,-0.091215305,-0.66982144,-0.043407798
153600000,-0.08989678,-0.7783687,-0.39924672
153604000,-0.005804882,-0.38851354,-0.36813107
153608000,0.09171417,0.085352786,0.1639451
153616000,-0.36748725,0.19102845,0.43841755
153620000,-0.04588063,0.36454093,0.22036572
153624000,0.48306173,0.32264292,0.020745069
153628000,0.25995812,0.18372203,-0.3032305
153632000,0.14000295,-0.12192424,-0.46750987
153636000,0.0637992,-0.20300111,-0.4633233
153640000,-0.42299452,-0.06279776,-0.24813938
153644000,-0.3318564,-0.13422224,0.10214858
153652000,0.34516776,-0.02802637,0.47705272
153656000,-0.20566274,-0.22907144,0.45351255
153660000,-0.16063446,-0.3370157,0.3428546
153664000,0.411404,0.12766951,0.30329835
153672000,-0.4864617,0.25159594,0.08176026
153680000,-0.036428824,-0.13326892,-0.50922966
153688000,-0.14500347,-0.059909977,-0.63532525
153692000,-0.12380327,0.008459657,-0.44917834
153696000,-0.06972854,0.07675936,0.158544
153700000,-0.014659312,-0.28664654,0.30636564
153704000,0.3190362,-0.6959342,-0.06939943
153708000,0.54454505,-0.7994183,-0.25177592
153712000,0.09201836,-0.44994515,-0.11482884
153716000,-0.5277876,0.105075076,-0.12067303
153720000,-0.5796319,0.22454485,-0.003633606
153728000,0.3180241,-0.05865472,0.29218832
153732000,0.6691653,-0.3239153,-0.20132287
153736000,0.70779294,0.09176794,-0.28724045
153744000,-0.3013845,0.58855885,0.16152295
153752000,-0.35022545,-0.03501141,-0.19601627
153756000,-0.17779145,-0.21975386,0.50201046
153764000,0.5781407,0.19326621,0.105423436
153768000,0.44211972,-0.061295338,-0.07804166
153776000,-0.36513346,-0.16721109,0.11169726
153780000,-0.3561464,-0.07596126,0.3296591
153784000,-0.3126717,-0.14905065,0.018429816
153788000,-0.14383398,0.015212379,-0.14765187
153792000,0.10364275,-0.14648108,-0.13849151
153796000,-0.09497203,-0.5048251,-0.001649231
153800000,-0.08242958,-0.23991168,-0.23814744
153808000,0.28928185,-0.23520067,0.16072619
153812000,0.33777592,-0.17402302,0.46009398
153816000,0.06585987,0.07466363,0.10939829
153824000,0.3245384,0.35198456,0.19944455
153828000,0.23990995,0.19438922,0.056591116
153832000,-0.25299177,-0.05755537,-0.33049545
153836000,-0.3734151,-0.22555622,-0.05748436
153840000,-0.11935272,-0.010360308,0.41062972
153844000,0.047364816,0.2280093,0.4800405
153848000,-0.13669121,-0.080293834,0.2545374
153852000,-0.15787348,-0.7132653,-0.15284099
153856000,0.3026933,-0.7515327,-0.27700654
153860000,0.17922875,-0.13855505,-0.08298342
153864000,-0.5018836,0.473304,-0.075387485
153872000,-0.22883172,0.34005147,-0.26518357
153876000,-0.094486125,-0.04530871,0.10026719
153880000,0.1240896,-0.37472054,0.16204673
153884000,0.3490849,-0.24892499,-0.09684485
153888000,0.38661063,-0.18265474,-0.37295038
153892000,0.34606794,-0.7329261,-0.2036432
153896000,-0.023714617,-0.59864116,0.3184744
153900000,-0.44890332,0.35504055,0.39800864
153904000,-0.3752894,0.78690815,0.13905133
153908000,-0.14949115,0.256634,-0.15943763
153912000,-0.20592237,-0.36827153,-0.46313334
153916000,-0.1380385,-0.3504609,-0.5388369
153920000,0.34846807,-0.08305818,-0.28534752
153924000,0.3452683,0.2029841,0.21160404
153928000,0.006688871,0.4558373,0.4043427
153932000,0.11161797,0.2637976,0.24558598
153936000,-0.088507935,-0.2597174,0.22775775
153940000,-0.49821162,-0.5584234,0.24370018
153944000,-0.13598135,-0.77440244,-1.92E-05
153952000,0.40493992,0.40721622,0.12914522
153956000,-0.123586014,0.7710586,0.2951185
153960000,-0.42492345,0.23270848,0.17733985
153964000,-0.25878757,-0.1803577,-0.033859402
153972000,0.0839605,0.41971502,0.1384336
153976000,0.11267057,0.8701573,0.09047489
153980000,0.17683473,0.7417153,-0.014673399
153988000,-0.09892317,-0.69332135,-0.10356212
153992000,0.11341914,-0.86013156,-0.2036524
153996000,0.35510907,-0.83199114,-0.85395706
154000000,0.26693246,-0.56890726,-1.0486648
154004000,0.07680778,-0.1592333,-0.3195004
154008000,-0.08055833,0.13048048,0.33845735
154012000,-0.32839382,0.30980134,0.34956983
154016000,-0.3516195,0.4594683,0.14861812
154020000,0.16761725,0.33587804,0.24621372
154024000,0.5789444,-0.048904113,0.5327243
154028000,0.38538647,-0.5006792,0.7097044
154032000,0.08996649,-0.36148304,0.25208795
154040000,-0.40665627,0.21842478,-0.08867453
154044000,-0.1319972,0.21166222,0.31255704
154048000,0.02502527,0.29308987,0.2594304
154052000,0.10765072,0.19291906,-0.055482283
154056000,0.10297167,-0.2099025,-0.6276969
154064000,0.37107584,0.03251171,-0.30082884
154068000,0.44701058,-0.23595472,0.29177824
154072000,0.100822836,-0.6733108,0.23312613
154076000,0.17493811,-0.67357206,0.08088348
154080000,0.02195263,0.14900249,-0.07702163
154084000,-0.18016942,0.8889937,-0.06362222
154088000,0.09650244,0.7331966,0.019194143
154092000,0.107376866,0.22463423,-0.19059011
154096000,-0.30291668,-0.31476876,-0.4511893
154100000,-0.49478158,-0.7894431,-0.25986996
154104000,-0.41269517,-0.78970903,0.115102336
154108000,-0.4475561,-0.063900515,0.308642
154112000,-0.028245658,0.63638383,0.44475266
154116000,0.46050155,0.59985757,0.2735577
154120000,0.24865572,0.16786757,-0.27187163
154124000,0.08117404,-0.31733698,-0.41400877
154128000,0.05856331,-0.62013334,-0.005525947
154132000,-0.04050947,-0.226501,0.15814108
154136000,-0.34040156,0.3612904,0.27760312
154140000,-0.46902692,0.32041118,0.4198861
154148000,0.32261947,-0.68816984,0.10270961
154156000,-0.5695409,-0.6504934,-0.23885006
154160000,-0.43853083,-0.14152662,-0.33153242
154168000,0.40501374,0.12106004,0.19726856
154176000,-0.11754777,0.27935755,-0.45552555
154184000,0.3845548,0.43940663,0.37650016
154192000,0.32471567,0.14760256,0.081148595
154196000,0.22107998,0.15765259,0.15011108
154200000,-0.03326153,-0.063087024,-0.04191284
154208000,-0.20534134,-0.59061253,-0.6804071
154212000,0.12770906,-0.10830507,-0.7459267
154216000,0.40145782,0.1972457,-0.10807946
154220000,0.45355794,-0.16045746,0.4481601
154224000,0.1718817,-0.37010747,0.4652701
154228000,-0.44061694,-0.15554453,0.061506122
154232000,-0.7925755,0.09647733,-0.20808125
154236000,-0.34913796,0.27374706,0.105386704
154240000,0.24603303,0.1746183,0.28349206
154248000,-0.24055995,-0.3871598,-0.16158661
154252000,-0.1448501,-0.18953617,-0.2759307
154256000,0.21390012,-0.186602,-0.16799805
154264000,0.16080397,-0.39834896,0.4917474
154268000,0.041852478,0.19069639,-0.14155437
154272000,-0.2597834,0.83646,-0.5633378
154276000,-0.1981322,0.6504437,-0.41870958
154280000,0.40106225,0.077278055,0.02987367
154284000,0.41361308,-0.2146672,0.13919753
154288000,-0.19777164,-0.22933066,0.068764836
154292000,-0.42539567,-0.22342905,0.2767189
154296000,-0.24563664,-0.31277826,0.15039772
154300000,0.18408084,-0.2444551,-0.003800031
154304000,0.70194304,0.104813755,0.004793182
154308000,0.7417034,0.28522903,-0.5479367
154312000,0.22554226,-0.03826058,-0.75047016
154316000,-0.18130532,-0.22444998,-0.13883188
154320000,-0.4407566,0.042607546,0.3623054
154324000,-0.97629356,0.024018787,0.556147
154328000,-0.81610835,-0.19101945,0.4925632
154332000,0.36776796,-0.10488123,0.11475632
154340000,0.5136738,-0.20244138,0.23733747
154344000,-0.030658104,0.1031748,-0.10227811
154348000,-0.62359786,0.20146532,-0.44113526
154356000,0.18699066,-0.6605033,0.2689976
154360000,0.26287952,-0.21695188,0.33296448
154368000,-0.27836734,0.39536637,-0.2717833
154372000,-0.11973764,0.32799444,-0.20887373
154376000,0.27336186,-0.35168707,-0.055688355
154380000,0.58198684,-0.72051454,-0.15623018
154384000,0.34068438,-0.42352194,-0.30306956
154388000,0.09561389,0.2502746,-0.36011997
154392000,-0.07353333,0.7926469,-0.48857164
154396000,-0.41792476,0.45132375,-0.27106333
154404000,-0.60075426,-0.54316974,0.9561599
154408000,-0.7801255,-0.4461007,0.33532152
154412000,-0.28928602,-0.332165,-0.46798545
154416000,0.25030825,-0.022769138,-0.49980104
154420000,0.46852633,0.09219876,-0.33368275
154424000,0.5088501,0.44921112,0.044118136
154428000,0.3953638,0.9710163,0.30010566
154432000,-0.032074273,0.67382693,0.39227024
154440000,0.06618759,-0.51090354,0.44206458
154448000,-0.33376655,-0.45059228,-0.14247976
154452000,-0.19892398,-0.52909714,-0.64030695
154456000,-0.2005787,-0.1710543,-0.6527287
154460000,-0.030987352,0.1408739,0.12851167
154464000,0.26886573,0.3086304,0.8039997
154468000,0.15653624,0.64149576,0.3552215
154472000,-0.09339337,0.5795181,-0.34962088
154476000,0.1382889,-0.08165479,-0.09285164
154484000,0.24284749,-1.1124126,0.401986
154488000,0.054260477,-0.5148473,-0.11936392
154492000,0.18518181,-0.03577033,-0.47921568
154496000,-0.27237228,0.20507884,-0.48294955
154500000,-0.7182206,0.6559816,-0.43537354
154504000,-0.59722066,0.7621226,-0.46769926
154508000,-0.13738728,0.2588095,-0.09085846
154512000,0.4131495,-0.17943853,0.45935157
154516000,0.515122,-0.07409505,0.55887234
154520000,0.27694052,-0.19371013,0.34874514
154528000,0.2872407,0.020386338,0.5296514
154536000,-0.339196,0.029663444,-0.29543847
154540000,-0.16543938,-0.12751378,-0.24293451
154544000,0.18647185,-0.13505872,-0.039645698
154552000,0.49228427,0.04162529,-0.27368388
154556000,0.22632347,0.043794084,-0.5149732
154560000,0.15720741,0.042864706,-0.15631028
154564000,0.19434664,0.076249115,0.347094
154568000,0.081390575,0.013897898,0.1539047
154576000,-0.542806,-0.39731804,-0.2952418
154580000,-0.656667,-0.49183142,0.17282331
154584000,0.041013688,-0.346482,0.16794784
154592000,0.49113232,-0.16433284,0.20644906
154596000,-0.12224056,0.03434734,0.07778477
154600000,-0.4440427,0.17810224,-0.101035416
154604000,-0.39049608,-0.05335875,-0.042694353
154608000,-0.20161498,0.07838782,-0.30300146
154612000,-0.006355573,0.62279546,-0.5024549
154616000,0.006961082,0.6808765,-0.15446517
154624000,-0.51695657,-0.56252587,0.30050126
154628000,-0.38907516,-0.83155763,0.2212109
154632000,-0.14343667,-0.42412466,0.1498641
154636000,-0.05433833,0.23306565,0.3298675
154640000,0.111374035,0.711738,0.36948428
154644000,0.22876346,0.6261495,0.18178068
154648000,0.39157486,0.15245098,-0.15148261
154652000,0.97399247,-0.0942948,-0.37060732
154656000,1.0262605,-0.32032,-0.32850212
154660000,0.26994482,-0.37141314,-0.25032443
154664000,-0.20164886,-0.1821466,-0.33534318
154668000,-0.41288474,-0.31040505,-0.25276086
154672000,-0.6151792,-0.233514,0.010527864
154676000,-0.4608391,0.10866569,0.28802407
154684000,-0.13761,0.14304592,-0.01134713
154688000,-0.1218794,-0.1607933,-0.43355694
154692000,-0.2159595,-0.29405746,-0.31938243
154700000,0.124095276,0.20714974,0.35364836
154708000,0.27744347,-0.33099112,0.05917444
154712000,0.3189562,-0.363216,-0.09752596
154716000,0.17370503,-0.25568914,-0.5059671
154720000,0.09991513,0.14738134,-0.6216307
154724000,-0.14424703,0.874819,-0.106582135
154728000,-0.4585705,0.98043567,0.49012867
154732000,-0.3967038,0.262215,0.7186995
154736000,-0.45776075,-0.2703469,0.59140694
154740000,-0.6465532,-0.33883834,0.13059331
154744000,-0.048573613,-0.25984368,-0.53850824
154748000,0.6317853,-0.29919127,-0.64624506
154752000,0.5648865,-0.394375,-0.09523252
154756000,0.15345591,-0.24555318,0.09024149
154760000,-0.24560447,0.14563671,0.017637283
154764000,-0.09809062,0.43567976,0.062286966
154768000,0.5353755,0.25269952,0.12882262
154772000,0.9794219,-0.012699001,0.48065037
154776000,0.68527174,-0.045276552,0.6150731
154780000,-0.2313453,0.0917459,0.04835531
154784000,-0.9015884,0.37178972,-0.35122508
154788000,-0.9770265,0.30418295,-0.16358243
154796000,0.4492816,-0.37749586,-0.02383557
154800000,0.5037093,-0.7819942,0.14676207
154804000,0.124587685,-0.45513892,-0.4516725
154808000,0.034544177,0.23971097,-0.9596247
154812000,0.12396017,0.32941362,-0.18611857
154816000,0.20205338,0.2027311,0.6437308
154820000,0.016015038,0.45022786,0.34590343
154824000,-0.20316234,0.45304483,-0.151301
154828000,0.25827283,-0.022942662,-0.14641595
154832000,0.77939796,-0.15290587,-0.22846675
154836000,0.23204279,-0.14797364,-0.33973452
154840000,-0.5411449,-0.5814461,-0.06525867
154844000,-0.727311,-0.5796284,0.119652584
154848000,-0.45388687,-0.2012878,0.32640645
154856000,0.6750637,-0.4587918,0.594074
154860000,0.29476425,-0.05070173,0.626992
154864000,-0.019351467,0.5139893,0.25145605
154868000,-0.000604749,0.5382805,-0.17076573
154872000,0.1393562,0.37468767,-0.026740327
154876000,0.18041623,0.3952144,-0.18055251
154884000,-0.3317639,-0.21512519,-0.4803539
154888000,-0.40040928,-0.6877281,-0.10751286
154892000,-0.60279435,-0.6631484,0.11332965
154896000,-0.66199493,-0.17967892,-0.0753282
154900000,-0.49420542,0.21663877,-0.37209815
154908000,0.74532217,0.5475182,-0.27844703
154912000,0.85097843,0.3635617,-0.105565965
154916000,0.2841443,0.080259986,0.18117344
154920000,0.0922794,0.011889488,0.2869287
154924000,0.43535525,-0.2908254,0.3739214
154928000,0.47312412,-0.4389953,0.3867941
154932000,0.15257522,-0.11777906,0.22655073
154936000,-0.2584415,0.34857956,-0.059350144
154940000,-0.62425137,0.63229454,-0.35058582
154944000,-0.51064616,0.39884812,-0.20198815
154948000,-0.17965205,-0.12653655,0.36596212
154956000,0.2727908,0.2690409,0.7061679
154960000,0.18577084,0.3711676,-0.1479575
154964000,0.003282458,-0.1856108,-0.40545946
154968000,-0.06640034,-0.61928076,-0.4414783
154972000,-0.004474402,-0.24638726,-0.48810792
154976000,0.023839602,0.12810554,-0.18953611
154980000,-0.058675587,-0.03266082,-0.18867703
154988000,-0.48450387,-0.05782245,0.14947772
154992000,-0.48152933,-0.07144399,0.04827846
154996000,-0.23522334,0.017789371,-0.37450916
155000000,-0.37252432,0.17383786,-0.08376646
155004000,-0.18209653,0.20268194,0.4799357
155008000,0.7055277,0.23254599,0.50901675
155012000,0.82698464,0.31164053,0.1046848
155016000,-0.04511109,0.24527979,-0.14140934
155020000,-0.319331,0.00954701,-0.1972565
155024000,-0.076730594,-0.14780533,-0.26342413
155028000,-0.0645363,-0.04852101,-0.2707643
155032000,-0.041464537,-0.08953043,-0.28037181
155036000,-0.05418404,-0.515886,-0.023669071
155040000,0.045388684,-0.4151827,0.48494878
155044000,0.41673928,0.13383205,0.56558084
155048000,0.28106794,0.053649902,0.11006429
155052000,-0.27243719,0.034222618,-0.1446723
155056000,-0.25399655,0.52854925,-0.23345974
155060000,0.07076794,0.39576146,-0.70203346
155064000,0.34570476,-0.31983697,-0.7715128
155072000,0.31218925,-0.32026327,0.2198234
155076000,-0.11116075,0.26747447,0.30105418
155080000,-0.36544025,0.44713897,0.5372202
155084000,-0.1319055,0.06909663,0.033251524
155088000,0.2884656,-0.032771327,-0.69552684
155092000,0.12726466,0.36100134,-0.5789329
155100000,-0.6159399,-0.34656423,0.058572307
155104000,-0.40582383,-0.5400447,0.31299445
155108000,0.14548491,-0.27853167,0.53169346
155112000,0.4420526,-0.13427296,0.62630785
155116000,0.0785196,-0.107759014,0.41585183
155120000,-0.051256545,0.098897256,0.12013344
155124000,0.07628883,0.16686952,0.0749249
155132000,0.12472266,0.09168522,0.26106727
155136000,0.190575,-0.076409765,0.048968263
155144000,-0.15585548,-0.26215163,-0.9729815
155152000,0.2039239,0.46018916,0.63569546
155156000,0.14429931,0.68696004,0.86586905
155160000,0.14555538,0.49334177,0.17577513
155164000,0.09229931,0.0630316,-0.20340559
155168000,-0.14512956,-0.34301215,-0.17322217
155172000,-0.44474727,-0.33461422,-0.13714305
155176000,-0.5952535,0.05549118,-0.2050767
155180000,-0.2712595,0.1571182,-0.30762786
155184000,0.15750352,-0.24947885,0.1141869
155188000,0.24443124,-0.5211911,0.65533817
155192000,0.0689747,-0.20473774,0.44588554
155196000,0.060161836,0.3018878,-0.03849879
155200000,0.1640312,0.3835164,-0.42861804
155204000,0.08080034,0.08338612,-0.4118307
155208000,0.046004448,-0.21999581,-0.007543266
155212000,-0.040604755,-0.42059287,0.27675557
155216000,-0.32242048,-0.16107023,0.46646205
155220000,-0.31840676,0.3212875,0.13369024
155224000,-0.101530835,0.23434205,-0.18197483
155232000,-0.2268946,0.3825186,-0.5964708
155236000,0.36096483,0.5316308,-0.5007959
155240000,0.67899096,0.053159118,0.26602444
155244000,0.38290355,-0.24862376,0.2902684
155248000,0.01956202,0.028506264,-0.25492534
155252000,0.030353554,0.34450397,-0.15753509
155256000,0.07279882,0.41865215,0.5297646
155260000,-0.21920118,-0.004496567,0.71480185
155264000,-0.70045847,-0.81315714,0.01872608
155268000,-0.6554059,-0.92516875,-0.5146715
155276000,0.7653303,0.03596101,-0.42898157
155280000,1.0017247,0.1397609,-0.37721997
155284000,0.4274387,0.44955435,-0.03400117
155288000,0.09345685,0.845843,-0.00760439
155292000,0.14576998,0.4474096,0.044007733
155296000,-0.15773486,-0.6799021,0.089007735
155300000,-0.21806316,-1.0290023,-0.15128234
155304000,0.11811723,-0.14900264,-0.14614096
155312000,-0.43312496,0.8197916,0.68605393
155320000,-0.46525937,0.035619274,-0.14209819
155324000,-0.06989941,-0.16929005,0.46810108
155328000,-0.049583364,0.08515796,0.5194933
155332000,-0.14795983,0.29377472,0.057470337
155336000,0.04179152,0.19339935,-0.18775734
155340000,0.6502925,0.04559219,-0.4335178
155344000,1.013451,-0.30437544,-0.47430754
155352000,-0.24880192,-0.036195487,0.21568656
155356000,-0.16451631,0.25365728,0.2775576
155364000,0.20426963,0.3979068,-0.77600527
155368000,0.09426777,0.19838083,-0.52257574
155372000,0.04553867,-0.18324754,0.16993412
155376000,0.031695347,-0.49567613,0.52398556
155384000,-0.17290471,0.25846767,0.33110517
155388000,-0.2666424,-0.003188521,-0.013816401
155392000,-0.40902555,-0.69012713,0.07261589
155396000,-0.27833778,-0.7474247,0.14532387
155400000,-0.48519778,0.061994076,-0.2372554
155404000,-0.7351922,0.96655405,-0.4768678
155408000,-0.20384489,0.9629419,-0.14536668
155412000,0.3515163,0.4730234,0.19540523
155416000,0.58097,0.2275559,0.019902967
155420000,0.4831776,0.08387825,-0.3256207
155424000,0.081353664,-0.012509348,-0.27239662
155428000,-0.01656574,0.027071724,0.38830283
155432000,0.22993705,-0.15069084,0.8681724
155436000,0.46568158,-0.8985858,0.50924337
155440000,0.21934167,-1.2109851,-0.15435602
155444000,-0.29665315,-0.42863747,-0.6737931
155448000,-0.44202605,0.57582444,-0.8525686
155452000,-0.4548761,0.86496997,-0.6021093
155460000,0.13587567,-0.004272385,0.8899107
155464000,0.41487694,0.3557897,0.77611387
155468000,0.31695485,0.29919055,0.35581225
155472000,0.26658943,0.1356371,-0.078671545
155476000,0.10184487,0.2887418,-0.17394508
155480000,-0.09577504,-0.078961864,0.11991368
155484000,-0.24341074,-0.68085295,-0.034815013
155488000,-0.27590227,-0.49084267,-0.4225877
155492000,-0.15616515,0.28843945,-0.19315074
155496000,-0.110284,0.77731746,0.38504374
155500000,-0.018562619,0.4488063,0.5426409
155504000,0.09174485,-0.09525791,0.0856996
155508000,-0.12312062,-0.21073145,-0.34961912
155512000,-0.20578232,-0.3832974,-0.103032015
155520000,0.32350957,0.07842128,-0.019764774
155524000,0.2376485,0.8397218,0.1472173
155528000,0.003262758,0.5393747,0.26717743
155532000,0.121563576,-0.34475628,-0.17095329
155536000,0.42525083,-0.69955176,-0.5842955
155544000,0.34237063,0.16450746,-0.1586437
155548000,-0.41797626,0.17440388,-0.36800745
155556000,-0.637911,0.017395228,0.000643291
155560000,-0.32231712,-0.08440182,0.13356532
155564000,-0.13833863,-0.24557328,0.3029169
155568000,-0.13380551,-0.08774401,0.24339724
155572000,0.023257911,-0.27376,-0.18799295
155576000,0.26854375,-0.37608057,-0.3292481
155580000,0.042777985,0.13106614,-0.027174674
155584000,-0.19367962,0.44515806,0.19894546
155588000,0.036802996,0.49503657,0.08200919
155592000,0.46930182,0.6972519,-0.028627893
155600000,-0.19650474,0.6463628,0.39207897
155604000,-0.26501644,-0.24260125,0.059372813
155608000,0.1860007,-0.5773946,-0.20279789
155612000,0.37465274,-0.23486674,-0.16065553
155620000,0.33005944,-0.40360907,-0.11296752
155624000,-0.21643604,-0.26897976,-0.1513089
155628000,-0.46753147,0.26376405,-0.1132366
155632000,-0.25187498,0.3753842,0.15353829
155636000,-0.032974757,0.10028423,0.123236716
155644000,0.09134104,0.59505326,0.012297727
155652000,-0.54608196,0.003159082,0.110543
155656000,-0.03939715,0.18538532,0.40192917
155660000,0.59325135,0.039904173,0.2739607
155664000,0.6207345,-0.62990737,0.29196942
155668000,0.110440224,-0.632841,0.4835208
155672000,-0.369861,0.008151442,0.12441974
155676000,-0.3271887,0.4999781,-0.08218441
155680000,-0.141069,0.6243609,0.14603418
155684000,0.021757439,0.45738983,0.09952389
155688000,0.2669146,0.000744775,-0.15982947
155692000,0.3977851,-0.6841831,-0.18392913
155700000,0.08627486,0.01947409,-0.5223387
155704000,0.006427486,0.32760477,-0.5144845
155708000,0.24386631,0.12797162,0.06530787
155712000,0.016766362,0.22752853,0.23272851
155716000,-0.5219296,0.09763334,-0.03739138
155724000,-0.120686,-0.3502604,0.113259636
155728000,-0.2571778,-0.5058272,0.2181674
155732000,-0.27773812,-0.3943801,0.17114288
155736000,0.22401631,0.13613603,0.26547468
155744000,0.43712738,0.45938975,-0.40766764
155748000,0.16897392,0.48908505,-0.3110995
155752000,-0.23727381,0.2230872,0.003143892
155756000,-0.32801813,-0.19828504,-0.24431375
155760000,-0.3537848,-0.2735728,-0.47097093
155764000,-0.23294637,0.08444773,-0.066170305
155772000,0.5259996,0.35235882,0.06495249
155776000,0.2870335,0.31373557,0.07035979
155780000,0.29966533,-0.004166037,0.27646396
155784000,0.38074845,0.1541909,0.28025615
155788000,-0.054389074,0.44515717,-0.17909038
155792000,-0.5887063,-0.17210846,-0.16439198
155796000,-0.80723965,-0.78078705,0.20288005
155800000,-0.44617844,-0.12597272,0.015880302
155804000,0.30919945,0.807118,-0.054724604
155808000,0.5162777,0.5757406,0.07199997
155812000,0.16118121,-0.29191762,-0.37652504
155816000,-0.1529397,-0.6956871,-0.9093174
155820000,-0.27856386,-0.3709855,-0.43122235
155824000,-0.18041441,0.38342658,0.6993833
155832000,-0.099106476,0.3555337,0.5759542
155836000,0.2690668,-0.36260626,0.10873461
155840000,0.59431654,-0.20195559,0.023736939
155844000,0.5315107,0.40583006,0.19274215
155852000,-0.22369158,-0.57758266,-0.106505945
155856000,-0.39911526,-0.3237225,-0.4858851
155860000,-0.21595582,0.24475828,-0.71644247
155864000,-0.4038386,0.059068836,-0.54519796
155868000,-0.48967734,-0.2952837,0.09504408
155876000,0.5565873,0.70153844,0.15456316
155884000,0.42723647,-0.002780475,-0.3327947
155888000,0.100810006,-0.22207141,-0.36926317
155892000,-0.29153675,-0.062426336,0.16112423
155896000,-0.4893027,0.115636654,0.5609345
155900000,-0.37914497,0.12727143,0.39810425
155904000,-0.028070442,0.38014814,-0.01494661
155908000,0.59390587,0.33132133,-0.30902454
155916000,-0.3094084,0.002236193,0.15875661
155920000,-0.79270166,-0.007853623,-0.15976414
155924000,-0.4492259,-0.114035144,-0.14442927
155928000,-0.14844689,-0.46879813,0.3348416
155932000,0.20890477,-0.6944188,0.3358346
155936000,0.5755459,-0.45859224,0.19375658
155940000,0.5344583,-0.093041755,-0.18184696
155944000,0.12813796,-0.000766806,-0.6611149
155952000,-0.19450548,0.4390648,-0.77043223
155956000,-0.32703817,0.30595082,-0.020284176
155960000,-0.28704733,0.11750205,0.40209216
155964000,-0.12307455,0.21795365,0.3216719
155968000,-0.14959183,0.2764543,0.37634122
155976000,-0.050429568,0.19107589,0.18952799
155980000,0.22677924,0.28678086,0.088170774
155984000,0.43659407,0.21957865,0.01237282
155988000,0.34182608,0.001289178,-0.094258785
155992000,0.031321287,-0.23301713,-0.24681209
155996000,0.15343618,-0.33398384,-0.37478572
156000000,0.109287016,-0.42829823,-0.3655991
156004000,-0.35413966,-0.7155377,-0.095214516
156008000,-0.51804316,-0.6284157,0.051746525
156012000,-0.43716,0.107492104,0.082421586
156016000,-0.31598264,0.8508238,0.38107014
156024000,0.106498,0.6652386,0.21833748
156028000,0.13889956,0.52399546,-0.22656599
156032000,0.33009765,0.45483854,-0.74679357
156036000,0.4557435,0.20849587,-0.71383584
156040000,0.24746275,-0.33276716,0.042483717
156048000,0.000914976,-0.9089153,0.3443703
156052000,0.30392295,-0.004654884,0.27748024
156056000,0.40863568,0.692872,-0.12115486
156060000,0.16145082,0.6575829,-0.5212487
156064000,-0.12160524,0.19936302,0.00803405
156068000,-0.23186077,0.043374628,0.4923638
156072000,-0.3932106,0.12674254,0.20180385
156076000,-0.36115617,0.18804622,0.06405313
156084000,0.1019251,-0.18455215,0.077252716
156088000,0.09061076,-0.84143925,-0.14207211
156096000,-0.54253954,0.13835798,-0.21418726
156100000,-0.44271028,0.5157742,-0.06581072
156104000,-0.076747365,0.38516068,0.12295732
156112000,0.3145282,-0.2039626,0.50032866
156116000,0.29095685,-0.26378363,0.33664203
156120000,0.177156,0.023229033,-0.028239764
156128000,0.5418787,0.40623218,-0.4276272
156136000,0.026202038,-0.055497877,0.2626804
156140000,-0.4606911,-0.021616627,0.28766778
156144000,-0.45694053,0.11323639,-0.2843479
156148000,-0.6091175,0.0872221,-0.31594676
156152000,-0.59978503,-0.42323938,0.14537099
156156000,-0.16810891,-0.7583034,0.2199362
156160000,0.15855226,-0.33558962,0.31240958
156164000,0.5247384,0.20615275,0.27880043
156172000,0.60479605,0.12660837,-0.31765676
156176000,-0.43996844,-0.1707153,-0.4428603
156180000,-0.9206176,0.36329037,-0.41264334
156184000,-0.5497841,0.8657755,-0.09595445
156188000,0.13156846,0.43639445,0.4072788
156196000,0.78886306,-0.25561807,-0.10170975
156200000,0.29316765,0.23041348,-0.3840889
156204000,-0.17691734,0.4911203,-0.15713823
156208000,-0.14858061,0.10825465,0.19321772
156212000,-0.32970852,-0.3890169,0.020393863
156216000,-0.3515331,-0.33286422,-0.14533992
156224000,0.19262151,-0.10928798,0.6020137
156228000,0.028004635,0.4753362,0.3349691
156232000,0.01575429,0.58506286,-0.23769912
156236000,-0.48790267,0.26613557,-0.44749987
156240000,-0.9020145,-0.21734843,-0.27185017
156244000,-0.648653,-0.9783772,0.050592765
156252000,0.33234295,-0.19500402,0.2572869
156256000,0.7154976,0.4216328,0.32307172
156260000,0.7762071,0.7773524,0.24655865
156264000,0.9470955,0.9778108,0.019390563
156268000,0.73001766,0.70324725,-0.36933613
156272000,-0.09153575,0.39696014,-0.59802663
156276000,-0.52163416,0.17516351,-0.50634074
156284000,0.055426896,-0.62786806,0.2536465
156288000,-0.12917697,-0.6116783,0.15752855
156292000,-0.2791256,-0.3247222,-0.012446787
156296000,-0.4987133,-0.12398437,0.24812385
156304000,-0.11964962,0.29757378,-0.46907777
156308000,0.59232944,0.2465435,-0.24499308
156312000,0.44100133,0.048228588,0.3488318
156316000,0.05051334,0.25010687,0.4748268
156324000,-0.69438845,0.4747091,-0.28842443
156328000,-0.5354859,-0.24921437,-0.52117884
156332000,-0.42090645,-0.60858023,0.37962386
156340000,0.9841297,0.21959823,0.20307401
156344000,0.67641926,-0.07365477,-0.39465344
156352000,0.14802116,0.20759654,-0.28052953
156356000,0.5835018,0.16516338,-0.20247619
156360000,0.5720427,0.27697754,0.17736164
156364000,0.24103995,0.32493165,0.5854221
156368000,-0.7034291,0.16903493,0.26687998
156376000,-0.4129895,-0.25887448,-0.41644317
156380000,0.34805587,-0.6389063,-0.01928901
156388000,0.07732117,-0.79128987,0.23538373
156392000,-0.12242156,-0.68210775,0.3009497
156396000,-0.016163245,-0.2582842,-0.016029343
156400000,0.08273521,0.47203523,-0.100099295
156404000,0.4342075,1.152559,0.2795337
156408000,0.5940884,1.3255967,0.34594765
156416000,-0.3376116,0.14017418,-0.5403186
156420000,-0.56408054,-0.6626578,-0.5680715
156424000,-0.22980887,-0.7843724,-0.17282557
156428000,-0.024385892,-0.29342526,0.2744733
156432000,-0.14598954,-0.10812147,0.532637
156436000,-0.14023042,0.05866337,0.4326262
156440000,-0.0881817,0.42217445,-0.003101379
156444000,-0.09792248,0.33236536,-0.25773144
156448000,-0.051776208,-0.1789903,-0.22305997
156452000,-0.06363454,-0.6206939,-0.13285597
156456000,0.09073566,-0.46228498,-0.18943793
156460000,0.3694604,0.27663386,-0.08015839
156464000,0.43385035,0.54343814,0.5337656
156472000,0.19521506,-0.005068697,-0.14592072
156480000,0.11202112,0.39176607,-0.8164896
156488000,-0.17631026,-0.17626625,0.01848273
156492000,-0.5427446,-0.50407517,0.7360581
156496000,-0.72826856,-0.6533333,0.7890376
156500000,-0.3849404,-0.32682943,0.50553596
156504000,0.069778636,0.12479511,0.38671285
156508000,0.093515,0.656638,-0.007716604
156512000,0.13166305,1.0082844,-0.47916174
156520000,0.15026885,-0.03999953,0.0941712
156524000,-0.029203,-0.3406402,-0.49841973
156532000,-0.1635948,0.271531,-0.39427096
156536000,0.26586726,0.6427052,0.21452232
156540000,0.69094795,0.47786304,0.2889516
156544000,0.6314681,-0.12708662,0.05581012
156552000,0.18340442,-0.27727324,-0.033800352
156556000,-0.48530465,0.461485,-0.39836764
156564000,-0.32182038,0.5788137,0.32330763
156568000,0.10441278,-0.22851749,0.8491998
156572000,-0.11700472,-0.48437726,0.40087014
156576000,-0.24683991,-0.4536475,-0.10726133
156580000,-0.3004893,-0.37784976,-0.103234895
156584000,-0.2439514,-0.23020416,-0.05199516
156588000,0.18571597,-0.06551196,0.04671105
156592000,0.23902097,-0.03860058,-0.0698575
156596000,-0.20140909,-0.18260537,-0.31042624
156604000,-0.2749918,0.41161853,0.39929798
156608000,-0.32546294,0.5590412,0.64693326
156616000,0.40056378,-0.43353692,0.19948518
156620000,0.43065828,-0.32208043,-0.40084684
156624000,0.1749865,-0.08772363,-0.6021946
156628000,0.037887674,0.2649225,-0.32671732
156636000,0.33298355,-0.36259276,-0.1502584
156640000,0.49405015,-0.39753452,-0.11485898
156648000,-0.271969,0.4004612,-0.36527938
156652000,-0.48592353,0.41029865,-0.38323766
156656000,-0.004706949,0.30190295,-0.038874492
156660000,0.1822585,-0.1222347,0.39578643
156664000,-0.21012081,-0.20928393,0.41515154
156668000,-0.2649873,-0.10018248,0.122353904
156672000,0.14438985,0.004324988,-0.02912248
156676000,0.09920331,0.4803912,-0.2608888
156680000,-0.41110432,0.5279559,-0.29480904
156684000,-0.41640243,0.091732204,0.060097784
156688000,-0.11724593,-0.24942546,0.06635674
156692000,-0.11113697,-0.66943365,-0.22890002
156696000,-0.3018494,-0.632147,-0.05457753
156704000,-0.041524753,0.73807245,0.13072608
156708000,0.5543549,0.9111447,0.17267394
156716000,-0.096955195,-0.08952507,-0.036970023
156720000,-0.22992471,-0.13454178,0.041156948
156724000,0.015062906,0.02128119,0.1481002
156728000,0.27025935,-0.0687793,0.31470397
156732000,0.3597068,-0.24980444,0.1742753
156740000,-0.004429653,0.07906916,0.23972747
156748000,0.170717,0.23155418,-0.45897287
156752000,0.23026523,-0.19116354,-0.4326203
156756000,0.15740052,-0.2599382,0.17798723
156760000,0.1495829,-0.110815,0.6843519
156764000,0.15417446,-0.19383655,0.41995227
156768000,0.1090478,-0.27140167,-0.09908369
156772000,0.16795275,0.06449344,-0.09100267
156780000,0.26565257,0.6829014,-0.13418429
156784000,0.32091117,0.6687896,-0.2444911
156788000,0.3702558,0.30508763,-0.4225263
156792000,0.001838535,-0.22473155,-0.29762217
156796000,-0.29935965,-0.32821834,0.2349337
156800000,-0.18627003,-0.7174289,0.4383348
156804000,-0.18267913,-1.1177146,0.22261387
156808000,-0.34354976,-0.39059478,0.1970159
156812000,-0.26656103,0.5782798,-0.038380094
156816000,0.31893384,0.99267465,-0.49338612
156820000,0.6395689,0.94170606,-0.33856767
156824000,0.31902975,0.50018287,0.011874236
156828000,0.15269099,0.009032123,-0.24354702
156832000,0.45529613,-0.46108988,-0.37576973
156836000,0.4635836,-0.34490114,0.25743625
156840000,-0.24828602,0.34231234,0.593756
156844000,-0.70520043,0.102954775,0.16098621
156848000,-0.31005436,-0.41237548,-0.14473617
156852000,0.2158058,-0.028832912,-0.22860694
156856000,0.28484434,0.16960225,-0.15216418
156864000,0.20668602,-0.101780936,0.54387647
156868000,-0.052847337,-0.093208775,0.041015796
156872000,-0.43590644,0.20524547,-0.50802934
156876000,-0.17458598,0.45936197,-0.4710651
156884000,0.092087545,-0.80645746,0.022529937
156888000,-0.11313362,-0.64082706,0.018370228
156892000,0.017517455,-0.1402368,0.001572283
156896000,0.21143022,-0.13036244,0.062183693
156900000,0.07523936,0.24525598,0.13753498
156908000,0.3176701,0.4971658,0.06655592
156912000,0.6193955,-0.19844353,0.015421171
156916000,0.51552397,-0.4386069,0.19889751
156924000,-0.5932925,0.3013639,-0.009765998
156928000,-0.37942165,-0.31731167,-0.15105478
156936000,0.325679,-0.05783403,-0.09108481
156940000,0.33909628,0.24637803,0.091759086
156944000,0.08026266,0.50847596,-0.03235507
156948000,-0.13111441,0.23765445,-0.24633284
156952000,-0.22784787,-0.41113767,0.15767217
156956000,-0.4683619,-0.68630046,0.36493975
156960000,-0.48418814,-0.2694218,0.08015178
156964000,-0.48176733,0.23803692,0.19345963
156968000,-0.74372435,0.4986792,0.25411496
156976000,0.42321044,0.30307582,-0.12417643
156980000,0.99591553,0.40922916,-0.31562832
156984000,1.0088737,0.40718105,-0.30290675
156992000,-0.11740102,-0.12123927,0.24591188
157000000,-0.46496317,-0.06492888,-0.7814053
157004000,0.06823559,0.24611889,-0.31208202
157008000,0.57121927,0.017708607,0.6533612
157012000,0.5818662,-0.34272626,0.5108824
157016000,0.23475558,-0.35379612,-0.043487146
157020000,-0.34041914,-0.19684148,-0.017964423
157028000,-0.5216087,-0.019587975,0.14855067
157032000,-0.052448653,-0.002257483,0.21705411
157036000,0.11201136,0.00050322,0.20657392
157044000,0.21750042,-0.0655361,-0.3296163
157052000,-0.30820984,0.1939118,-0.28416002
157056000,0.05652058,0.074137285,-0.1917365
157060000,0.56687826,0.119406775,-0.2521364
157064000,0.46754688,0.049105942,-0.040804006
157068000,-0.07170588,-0.32890332,0.37773797
157072000,-0.42646837,-0.5822447,0.29944265
157076000,-0.47719118,-0.33212075,0.007802472
157084000,-0.005862236,0.42338204,0.4866977
157088000,0.2826266,0.3378386,0.28756025
157092000,-0.11934605,0.21492556,-0.28135362
157096000,-0.51787835,0.026405137,-0.56204486
157100000,-0.28714925,-0.18270181,-0.24533896
157104000,0.24664629,0.11765945,0.29036963
157108000,0.41989917,0.3894183,0.7155252
157112000,0.29079366,-0.09239422,0.58615434
157116000,0.18810481,-0.47196355,-0.18588248
157120000,0.054278363,0.24377963,-0.5928332
157124000,0.006728846,0.8752148,-0.64130306
157128000,-0.08259106,0.4667321,-0.65853053
157132000,-0.50943065,-0.004965931,-0.12083918
157140000,-0.06239909,-0.5055683,0.3658409
157144000,0.1765604,-0.45846438,0.41597304
157152000,0.19054931,-0.17411119,0.2948529
157156000,-0.13396046,-0.39493158,-0.028503366
157160000,-0.2198531,-0.47849154,-0.31249624
157168000,0.17427546,0.6680527,0.2618969
157172000,0.03691621,0.32840613,-0.11464426
157176000,-0.089275435,-0.2975326,-0.44926125
157180000,-0.08619484,-0.11985882,-0.4413316
157184000,0.15506884,0.1666101,-0.13280486
157188000,0.20878735,0.004780643,0.45270485
157192000,-0.034028742,-0.23315626,0.5682937
157196000,-0.25193492,-0.1388347,0.1652508
157200000,-0.17422429,0.23288271,-0.17091851
157204000,0.09503082,0.18502598,-0.045878366
157208000,0.26013708,-0.053993884,0.011513528
157212000,0.027430683,-0.07311137,-0.21682402
157216000,-0.46714735,0.018891886,-0.2389807
157224000,-0.18863323,0.25706282,-0.22836502
157228000,-0.17642492,0.0747429,-0.246322
157232000,-0.006714849,-0.19843224,-0.17588815
157240000,0.03137453,0.34145194,-0.001314603
157244000,-0.073317304,0.18087767,0.47030208
157252000,0.49689597,0.3912605,0.34642172
157256000,-0.38351694,0.43284348,-0.023801647
157260000,-0.56730497,-0.06809856,-0.17036153
157264000,-0.20353287,-0.5137918,0.13121861
157272000,0.58422697,-0.104069285,-0.39742625
157276000,0.39095163,0.23219125,-0.7518716
157280000,-0.19502628,0.08591926,-0.60260975
157288000,0.10033608,-0.22629912,0.5689073
157292000,0.4414282,0.10385228,1.0209899
157296000,0.4201558,0.5191974,0.62980354
157300000,-0.04889439,0.41734406,0.10328885
157304000,-0.27284867,-0.08447767,0.19926605
157308000,-0.18521345,-0.27830732,0.107624404
157312000,-0.11630508,-0.20244142,-0.57593495
157316000,0.05997838,-0.2658852,-0.8001678
157320000,0.144533,-0.07239214,-0.09764968
157328000,0.518697,0.12821956,0.43143183
157332000,0.07399401,0.06420635,0.27398467
157336000,-0.396488,0.1305121,-0.06456768
157344000,-0.56067234,-0.30402404,0.012481242
157352000,0.20729245,-0.8912292,0.13959484
157356000,0.14092611,-0.53577614,-0.5671143
157364000,-0.70095414,1.0861661,-0.20911537
157368000,-0.16915725,1.3245664,-0.074487805
157372000,0.38010788,0.7259705,-0.12060724
157380000,0.03413655,-0.27302074,0.22211339
157388000,-0.47886997,0.081846535,0.050188657
157392000,-0.009596035,0.07060028,0.2060925
157396000,0.3111406,-0.18502527,0.25733113
157400000,0.04286869,-0.41508138,0.009175263
157404000,0.053957693,-0.36064163,-0.01594029
157408000,0.57106876,0.12678622,0.28939542
157412000,0.56672525,0.39291084,0.30205315
157420000,-0.27138045,-0.36815998,-0.1123295
157428000,-0.070399895,-0.6617017,0.06277642
157432000,0.045437876,-0.47522086,0.12925592
157436000,0.07828674,-0.024150208,-0.09981081
157440000,-0.04710558,0.3699282,-0.111225076
157444000,0.09677843,0.7416297,0.21878785
157448000,0.25795913,0.64508444,0.14114615
157452000,-0.16836801,0.05302584,0.09205357
157456000,-0.516992,-0.13318205,0.30842298
157460000,0.1269002,-0.13805485,0.062353015
157468000,-0.097158045,0.012074411,-0.24453448
157472000,-0.4028675,0.08456007,-0.31252766
157480000,0.118880674,-0.24562246,-0.48747796
157484000,-0.025632732,-0.82135075,-0.15139264
157488000,-0.09440561,-0.82580316,0.22655234
157492000,0.13870399,-0.17637685,0.1793178
157496000,-0.07597858,0.622955,-0.049272973
157500000,-0.35294765,0.8680033,-0.14960766
157504000,-0.28904977,0.6053504,0.007656857
157508000,-0.26711106,0.54036355,0.16586807
157516000,-0.29065388,0.0666994,0.36675718
157520000,0.31890672,-0.53503615,0.2086927
157524000,0.9600355,-1.1548574,0.29545462
157528000,0.8683498,-1.1239003,0.32842207
157536000,-0.28463256,0.49243507,-0.3173277
157540000,-0.21006657,0.20689343,0.047313705
157548000,0.015283167,0.001977399,0.021277547
157552000,-0.4380215,0.29465097,0.17280948
157560000,-0.04973492,0.7816001,-0.08351624
157564000,0.30062842,0.3552307,-0.41291308
157568000,0.5815046,-0.48794562,-0.06900035
157576000,-0.72016025,-0.63897014,0.6228286
157580000,-1.0636413,-0.46003717,0.4502594
157584000,-0.587973,-0.005654141,-0.10553056
157588000,-0.16151935,0.335216,-0.39251116
157592000,0.2810055,0.28524444,-0.5522227
157600000,-0.027358443,-0.37034014,-0.41942728
157604000,0.011164948,0.13285898,0.087859064
157612000,0.45937458,0.41427934,0.7754495
157616000,0.20041007,0.16191107,0.5058138
157620000,-0.24877465,0.24918263,-0.04901983
157624000,-0.480093,0.47597808,-0.522541
157628000,-0.44858214,0.068355545,-0.62374187
157632000,-0.31608015,-0.71768755,-0.19961953
157636000,0.042461157,-0.8243134,0.18942945
157640000,0.5200532,-0.104998976,0.086299166
157644000,0.8916775,0.43547142,0.13444565
157648000,0.8434334,0.29363507,0.4101362
157652000,0.15233192,-0.20737594,0.25735304
157656000,-0.4126713,-0.43753445,0.00902335
157664000,-0.22549126,0.34195626,-0.69838583
157668000,-0.38281226,0.35717756,-0.3165349
157672000,-0.53312916,0.32117164,0.3325062
157680000,-0.6364006,-0.40140578,-0.3488292
157684000,-0.011469603,-0.45802772,0.33613187
157688000,0.97424984,-0.3040985,0.5307081
157692000,0.9208427,-0.25475305,-0.17876449
157696000,0.1854029,0.24205084,-0.25447518
157704000,-0.21948348,-0.12136402,0.41808328
157708000,-0.23118612,-0.5154694,0.41368204
157712000,-0.3711387,-0.5300583,-0.3330185
157716000,-0.1307221,0.18256423,-0.6324499
157720000,-0.05319878,0.74386925,-0.21395536
157728000,-0.56592435,-0.04033655,-0.299506
157732000,0.24537632,-0.43749207,0.24148314
157736000,0.56104743,-0.560922,0.7208731
157740000,0.04902917,-0.2789978,0.33408836
157744000,-0.29997098,-0.32686886,-0.41609985
157748000,0.03203448,-0.26675653,-0.6416354
157752000,0.41242686,0.68386936,-0.42880034
157756000,0.18134761,1.3063648,-0.21289031
157760000,-0.048207246,0.8847754,0.047000702
157764000,-0.17557031,0.09293577,0.30141172
157768000,-0.28895646,-0.4531312,0.15152042
157772000,0.19769372,-0.6027879,-0.08916539
157776000,0.5945631,-0.2795572,0.07906583
157784000,-0.4222641,0.19305831,0.14598206
157788000,-0.46315598,-0.22769175,0.353244
157792000,0.034632444,-0.16729648,0.3142944
157796000,0.36792395,0.44622794,-0.23695852
157800000,0.5852983,0.48354924,-0.60122013
157804000,0.46549648,-0.17434971,-0.26506552
157808000,-0.10778804,-0.73047113,0.29201785
157812000,-0.41204327,-0.8003543,0.36578098
157816000,-0.27417797,-0.16289842,0.19849743
157820000,-0.3509705,0.5863003,0.19771495
157824000,-0.7342977,0.5794614,-0.19318706
157832000,0.2857793,0.36324874,0.08999738
157836000,0.47959432,0.37144822,0.2979807
157840000,0.33672398,0.04379473,0.008216582
157844000,0.23158696,-0.6499148,-0.15940313
157852000,-0.4902821,-0.19316855,0.11124033
157856000,0.015827447,0.21303232,-0.21896744
157860000,0.17049047,-0.09674816,-0.60093635
157868000,0.30894256,-0.23062465,0.76367927
157872000,0.6214856,0.08199221,1.1520176
157876000,0.3018949,0.26994672,0.2494772
157880000,-0.33426076,0.17507611,-0.42924735
157884000,-0.5418071,-0.12600657,-0.21819589
157888000,0.09101367,-0.25850868,-0.09585065
157892000,0.7987906,-0.18743157,-0.17822906
157896000,0.5319465,-0.21272488,-0.2557723
157900000,-0.17491765,-0.2063384,0.047211885
157904000,-0.24535665,-0.101390414,0.08297194
157912000,-0.17109846,0.5994054,-0.09679722
157916000,-0.63352144,0.40152025,0.377375
157924000,-0.2926281,-0.5169154,-0.2922052
157928000,-0.22483817,-0.7191856,-0.781147
157936000,-0.21406351,0.1148393,0.2765383
157940000,0.55790854,0.8296786,0.5342997
157944000,0.56994593,1.1583133,0.17180885
157948000,-0.13086212,0.43202883,-0.14822784
157952000,-0.5461487,-0.6716894,0.06312476
157956000,-0.16270097,-0.7025938,0.4266811
157964000,0.3298719,0.036370777,-0.82075137
157968000,0.07853329,0.2978461,-0.5085718
157972000,-0.036337752,0.18491936,-0.16518417
157976000,0.19381826,-0.2704737,-0.18487401
157984000,-0.1306923,-0.115061685,0.58242273
157988000,0.003204753,-0.026924815,0.6331228
157992000,0.30647838,0.18339413,0.2505738
157996000,0.14457351,0.2902962,0.18315867
158004000,0.23877701,-0.4687343,-0.0767754
158008000,-0.17311239,-0.06991477,-0.43823147
158012000,-0.39476895,0.25338972,-0.42960307
158016000,-0.12148675,0.38816032,-0.55072683
158020000,0.22654237,0.6282115,-0.70119727
158024000,0.55264974,0.21312481,-0.33710518
158028000,0.46029925,-0.56302834,0.3964842
158032000,-0.18459041,-0.87021303,0.6377031
158036000,-0.6097591,-0.86184174,0.47275037
158040000,-0.19204386,-0.5126887,0.35506102
158044000,0.45895195,0.32092065,0.2556188
158052000,-0.39525646,0.70313084,0.37404332
158056000,-0.72363305,0.5540643,0.1676259
158060000,-0.46830648,0.2740127,-0.24674685
158068000,0.15296954,-0.7271843,-0.46753445
158072000,0.07926632,-0.3575741,0.09286328
158076000,0.089793995,0.13935821,0.4835757
158080000,0.12809454,0.21180534,0.11615084
158084000,0.1437158,0.10490242,-0.37372768
158088000,0.0129328,-0.020632617,-0.5100587
158092000,-0.109748214,-0.005170015,-0.3834768
158100000,-0.70907444,0.087958105,0.10797883
158104000,-0.4012988,-0.59434754,0.17980278
158108000,0.36184633,-0.86609083,0.10923988
158112000,0.45211864,-0.37052366,0.14273646
158116000,-0.001360938,0.102899306,0.3894756
158124000,-0.1105278,0.05163928,-0.5657499
158132000,0.18421006,0.37479913,0.6213908
158136000,0.12696138,0.04921401,0.58733016
158140000,0.06635561,-0.07260306,-0.16831732
158144000,0.013773417,-0.06849652,-0.53047514
158148000,0.03429108,-0.11708367,-0.45686036
158156000,-0.020307183,0.012898244,-0.17680952
158160000,-0.14964837,-0.1117458,-0.07398669
158164000,-0.08081566,-0.20994312,0.49778783
158168000,-0.0824832,-0.113416456,0.5783277
158172000,-0.004285503,-0.13953379,0.5177201
158176000,0.26799473,-0.10628799,0.4904312
158184000,-0.18464747,0.4722377,-1.1280276
158188000,-0.48188338,0.110036545,-0.9456413
158192000,-0.28528535,-0.17684843,-0.28501588
158196000,0.12723121,0.07308963,-0.003697621
158200000,0.11810829,-0.000564806,0.06991413
158204000,0.2656219,-0.54277253,0.32062137
158208000,0.2826342,-0.6230398,0.677204
158212000,-0.10091109,-0.48043323,0.42603725
158216000,-0.22909167,-0.29500726,-0.2786007
158220000,-0.061169676,0.06626235,-0.55587894
158224000,0.34071177,0.38535058,-0.3812702
158228000,0.57793164,0.6043926,0.12620813
158232000,0.37814552,0.28564084,0.45124164
158236000,0.37783593,-0.3953696,0.037997276
158240000,0.27817208,-0.51923656,-0.38657454
158244000,-0.34411824,-0.310321,-0.1607733
158252000,-0.5867562,0.46315676,-0.002313674
158256000,-0.52413535,0.39744473,0.08785136
158260000,-0.013741285,0.011903748,0.37152243
158268000,0.71074396,-0.216548,0.06552141
158272000,0.20423952,-0.60636896,-0.42186505
158276000,-0.16799875,-0.2078107,-0.37371117
158284000,0.057289407,0.17701092,0.04698214
158288000,-0.26842457,0.06443886,-0.093765974
158292000,-0.30187672,0.417553,0.11447509
158296000,0.15106988,0.4758622,0.15886967
158304000,0.17814259,-0.03174393,0.2787227
158308000,-0.26259214,0.014892593,0.18066643
158312000,-0.6632301,-0.08609755,0.14319068
158316000,-0.635294,-0.46352834,0.23489822
158320000,-0.33003193,-0.6754907,0.047223702
158324000,0.09452622,-0.13143156,-0.2245475
158328000,0.43288225,0.4836013,0.003421828
158332000,0.27072364,0.4489258,0.2815331
158336000,-0.19089796,0.28813416,0.04181575
158340000,-0.36526167,0.20794377,-0.3339865
158344000,-0.035468243,-0.212057,-0.22265449
158348000,0.30171895,-0.40302354,0.17834303
158356000,-0.28343302,-0.17885163,-0.30586272
158360000,-0.28962752,-0.019999892,-0.39170426
158368000,0.00574866,-0.2511969,-0.35664278
158372000,-0.029382732,-0.5428531,-0.024938926
158376000,0.27048367,-0.41308326,0.22271234
158380000,0.55561614,0.18256134,0.054438822
158384000,0.19015238,0.57887244,0.25125498
158388000,-0.3522234,0.37968773,0.46851352
158392000,-0.33064657,-0.065527976,0.19096266
158396000,0.015554005,-0.24735814,-0.173776
158400000,0.33573636,-0.26144087,-0.32056162
158404000,0.36185086,0.02522476,-0.44687268
158408000,-0.09514544,-0.08359432,-0.54256296
158416000,-0.8123248,-0.027350873,0.09474236
158420000,-0.20370302,0.50206,0.058428697
158424000,0.42592543,0.45971552,0.17190924
158432000,0.43318528,-0.2297692,0.0633321
158436000,0.25708377,-0.31085044,0.23244473
158440000,-0.07200608,-0.2307739,0.58272356
158444000,-0.084432535,-0.19851379,0.22482301
158448000,-0.046772912,-0.01612379,-0.42006168
158452000,-0.13601708,0.31978083,-0.4334312
158456000,-0.20591755,0.56825393,-0.14604685
158460000,-0.08510847,0.37987256,0.1756745
158464000,0.5419653,-0.076956525,0.5322257
158468000,0.5301,-0.08003504,0.41792107
158472000,-0.43163353,-0.19762059,-0.03661336
158480000,-0.24955359,-0.5512017,-0.15853906
158484000,0.072302304,0.21049842,-0.2836807
158488000,0.23256405,0.72900707,-0.32920542
158496000,-0.3667677,-0.2513087,0.37636346
158500000,-0.57480145,-0.16623116,0.15291697
158508000,0.29717582,0.049772993,-0.10297538
158512000,0.3243072,-0.16163212,-0.35144085
158516000,0.040317297,-0.1621635,-0.524237
158520000,-0.11588901,-0.08205399,0.108692795
158524000,0.25472492,0.08889716,0.43100357
158528000,0.28068426,0.049824905,0.35650304
158532000,-0.25090522,-0.36278456,0.2670696
158540000,0.08743289,-0.66807747,0.08421478
158544000,0.011849687,-0.081073776,-0.1589491
158548000,-0.40774435,0.7692319,-0.33706138
158552000,-0.0673798,0.8546542,-0.07043094
158560000,0.858984,-0.047706753,0.17810345
158564000,0.09686777,-0.27732992,-0.42609316
158572000,-0.80805933,-0.37587807,-0.17225096
158576000,-0.042441607,-0.5503446,0.026054021
158584000,0.13275221,0.094584286,0.820173
158588000,-0.06805374,0.6262414,0.6427946
158592000,-0.004568219,0.5900572,-0.033779785
158596000,0.15983161,0.68501496,-0.299676
158600000,0.14372465,0.5131035,-0.19700366
158608000,0.7991192,-0.45383006,0.05342574
158612000,0.684873,-0.42199147,-0.054932617
158616000,-0.040951937,-0.32215124,-0.25410852
158620000,-0.48419854,-0.27844834,-0.41333506
158624000,-0.51367813,-0.09968894,-0.18617278
158628000,-0.37794325,0.20250677,0.15952209
158632000,-0.070904545,0.18295023,0.10820269
158636000,0.18597946,0.044701293,0.3563713
158640000,0.20748031,-0.2534938,0.63601404
158644000,0.18303627,-0.27568346,0.09701085
158648000,-0.035271034,0.40620026,-0.26631343
158656000,-0.4391451,0.06258517,0.09913017
158660000,-0.20261711,-0.42822725,-0.12316057
158664000,0.43173394,-0.69496447,-0.3243847
158672000,-0.7303605,-0.38162583,-0.47122496
158676000,-0.5722523,-0.10298217,-0.36326182
158684000,0.46326974,0.059579693,0.4414379
158688000,-0.053641245,0.11536023,-0.1419749
158692000,-0.5212846,0.03912635,-0.45129272
158696000,-0.16318816,0.034058653,-0.13659957
158704000,0.9012529,0.43635705,0.5143252
158708000,0.4675809,0.5249292,0.52884895
158712000,-0.18382812,0.20595518,0.33590263
158716000,-0.5632772,-0.25211987,-0.030431263
158720000,-0.37083542,-0.30579475,-0.591738
158724000,-0.018502668,-0.09839204,-0.74316597
158728000,0.3282253,-0.22699606,0.0651187
158732000,0.46008307,-0.32430202,0.61303735
158740000,-0.3073152,0.22933489,0.12522496
158744000,-0.047547765,0.42787415,0.118527286
158748000,0.5250069,0.37155026,0.19072661
158752000,0.38512325,0.045754455,0.01858892
158756000,-0.2408659,-0.32408032,-0.4148952
158760000,-0.55352455,-0.36649722,-0.33045214
158764000,-0.6595462,-0.34639502,-0.047947124
158768000,-0.9976045,-0.43132314,0.08000015
158772000,-0.9225444,-0.29404926,0.28290907
158776000,0.09357229,-0.12278074,0.26980793
158784000,1.6192921,-0.52350944,0.41807398
158788000,0.8898877,0.3180719,0.47287935
158792000,-0.087790474,1.039326,0.22805947
158796000,-0.4441531,0.75496054,-0.21682972
158804000,-0.4370662,0.001629345,-0.23700833
158812000,-0.19068241,-0.138797,-0.35442263
158820000,0.37255222,0.2732382,-0.07384662
158824000,0.23078865,0.5906787,0.1806993
158828000,0.04705911,0.15832482,0.17465726
158836000,0.0029863,-0.4505674,-0.45695522
158840000,-0.03407409,-0.5390939,-0.122376174
158844000,-0.004417468,-0.69250894,0.32682887
158848000,0.005519886,-0.3021685,0.5069828
158852000,0.042087827,0.36838892,0.15259412
158856000,-0.104209766,0.28149801,-0.39802262
158860000,-0.565554,-0.31759584,-0.3662967
158864000,-0.7188638,-0.37603867,0.1766007
158868000,-0.12172605,-0.15310492,0.28580356
158872000,0.49633384,0.06529399,-0.008503124
158876000,0.2698687,0.38029978,-0.08663935
158884000,-0.2381418,-0.03305169,-0.29303116
158888000,-0.09580266,0.2209201,-0.14470862
158892000,0.3300134,0.21636108,0.107309565
158896000,0.5612335,0.22195159,0.71663284
158900000,0.33887258,0.17455618,0.782823
158904000,0.076703005,-0.25328928,-0.24986538
158912000,0.06663453,-0.31422654,-0.7880411
158916000,0.0815604,0.12660575,-0.3396477
158920000,-0.18054643,0.29007405,0.30926397
158924000,-0.459133,0.22567385,0.6819696
158932000,-0.19060558,-0.3295489,-0.436417
158936000,0.28699136,-0.6187489,-0.22557825
158940000,0.33543885,-0.6014745,0.2043588
158944000,-0.0831827,-0.33485863,0.7180553
158952000,-0.5312742,0.6669533,-0.12510884
158956000,0.069405004,0.07733703,-0.8338601
158960000,0.5198832,-0.28427923,-0.37420285
158964000,0.33449328,0.2381871,0.11029841
158968000,0.07141402,0.6473363,0.245457
158972000,0.14850678,0.036962077,0.26521653
158976000,0.013259798,-0.6149275,0.07495588
158980000,-0.19370085,-0.39683467,-0.26776874
158988000,-0.20357296,-0.010890201,-0.5082854
158992000,-0.27496,-0.13615274,-0.028784528
158996000,-0.29465067,-0.012379486,0.024258599
159000000,0.18630856,0.5393033,0.14066903
159004000,0.7896067,0.3845455,0.39457607
159008000,0.441961,-0.15207821,0.4321271
159012000,-0.31266677,-0.35339487,0.13970329
159016000,-0.41667408,-0.12697071,-0.48266745
159024000,-0.5834774,0.46702802,-0.03821645
159028000,-0.42503518,-0.018457666,0.58382875
159032000,0.37405157,-0.6066545,0.5131142
159036000,0.7549397,-0.51187646,-0.4027042
159044000,0.29951498,0.42872983,-0.21996748
159048000,0.033209704,0.15370205,0.08808351
159056000,0.42932078,-0.2213451,0.22159225
159064000,-0.40838253,-0.24484007,-0.4809314
159068000,-0.3397049,0.09228542,-0.17162433
159072000,-0.23272073,0.40646964,0.09723546
159076000,-0.29555872,0.3599193,0.5086562
159080000,-0.23382455,0.30952433,0.751967
159084000,-0.1181227,0.14260416,0.28689653
159088000,0.013736852,-0.26571226,-0.37651798
159092000,0.18303463,-0.72975373,-0.16744457
159096000,0.21903488,-0.8386964,0.44471997
159104000,-0.03144957,-0.122532934,-0.40762144
159112000,0.39915127,0.3127329,-0.30789948
159116000,-0.045331836,0.65675485,0.2562082
159120000,-0.6451539,0.4525462,0.53293246
159124000,-0.6442301,0.018249147,0.599614
159128000,-0.18399465,0.047619455,0.3952406
159132000,0.10270762,0.20835705,-0.18587081
159136000,0.47477496,0.008529648,-0.5653606
159140000,0.53071845,-0.1705318,-0.5762329
159148000,-0.13425218,-0.026197115,-0.153674
159152000,0.10563891,0.11884108,0.1966758
159156000,0.2427712,0.23292539,0.6908253
159160000,0.015815869,0.099692576,0.42797732
159168000,-0.5344659,-0.55114067,-0.9744216
159176000,-0.2091761,-0.27297375,-0.27547377
159180000,0.13752677,-0.77706826,0.30112633
159184000,0.6944602,-0.9045093,0.39359486
159188000,0.8996859,-0.25912708,0.4329135
159192000,0.33815822,0.18182111,0.7578694
159196000,0.1576209,0.31304255,0.77985
159204000,-0.15327457,0.28069422,-0.14212602
159212000,-0.48799306,0.43875164,-0.34304097
159220000,-0.33963853,-0.3643742,0.27884978
159224000,0.06684303,-0.0464653,-0.025112934
159232000,0.6557283,-0.20708129,-0.4414724
159236000,0.8173261,0.16773987,-0.11636916
159240000,0.20703085,0.4835228,0.05981399
159244000,-0.5893566,0.56265426,-0.047052354
159248000,-0.7545992,0.33707035,-0.17956416
159256000,0.18402998,-0.33589828,0.020722184
159260000,0.26615992,-0.53756255,0.13662675
159264000,0.22251403,-0.14554235,0.09958616
159268000,0.18560487,0.27048492,0.08888549
159272000,-0.33597624,0.32834896,0.19752857
159280000,-0.580529,-0.07069444,0.3626157
159288000,0.77951956,-0.23459105,-0.36040902
159292000,0.48573595,-0.1404179,-0.20596644
159296000,0.2118026,0.01350065,-0.12601864
159300000,0.027342115,-0.03881786,0.06961512
159308000,-0.05259098,0.16845658,-0.13830253
159312000,-0.31403065,0.43900606,-0.12457214
159316000,-0.3304579,0.3478998,0.16157652
159324000,0.021309761,-6.59E-05,-0.043790102
159332000,0.32464603,-0.2052796,-0.07304805
159336000,0.24339339,0.11738235,-0.32286817
159340000,0.311292,0.26373124,-0.3182257
159344000,0.5565505,0.07373612,0.10784398
159348000,0.06944707,-0.2379424,0.38110697
159352000,-0.6071263,-0.3943879,0.19199435
159356000,-0.63887084,-0.15094179,-0.012149679
159360000,-0.3142932,0.18839523,0.12498875
159364000,0.048387304,0.10060935,0.41450202
159368000,0.14889775,-0.17075382,0.4301145
159372000,-0.106406495,-0.05219044,0.17919879
159380000,-0.2421328,-0.51879334,-0.08157111
159388000,0.49399215,-0.41631144,-0.7998727
159396000,0.32934693,0.65313995,0.07319954
159400000,0.102575235,0.5071943,0.20917182
159408000,-0.45383754,0.07982126,0.16922703
159412000,-0.26439044,-0.10041626,0.31680125
159416000,-0.04064665,-0.21125337,-0.033902034
159420000,0.02836135,0.19710806,-0.24262401
159424000,0.04424543,0.3462073,0.17943797
159428000,0.12286657,0.024483636,0.3593869
159432000,0.23626119,-0.13495634,0.150839
159436000,0.17904696,0.024698509,0.082034975
159440000,-0.13072567,0.2487849,-0.18052736
159444000,-0.30293477,0.13114786,-0.2255394
159448000,-0.26335716,0.042339165,0.23143765
159452000,-0.22161224,-0.12322064,0.33764338
159456000,0.09374292,-0.4150747,0.005697668
159464000,0.2713784,-0.37485558,0.001358345
159472000,-0.22609317,-0.46602532,-0.58468467
159476000,-0.2963526,0.04576941,-0.15746783
159480000,0.25303453,0.68727916,-0.016421173
159484000,0.33185202,0.58698535,-0.15539473
159488000,-0.060770296,0.23677424,0.27129346
159492000,-0.3409391,0.039976876,0.43191934
159496000,-0.19799873,-0.2768338,0.20836174
159500000,0.04079718,-0.3801973,0.28926504
159504000,-0.17666528,-0.06506999,0.17668214
159512000,0.064855725,0.55384225,-0.4965223
159516000,0.14654231,0.17501026,-0.48419806
159520000,0.37212536,0.051510006,-0.24386117
159524000,0.11083664,0.24165097,0.22402552
159532000,-0.16861373,-0.8802232,0.2860349
159536000,-0.029013833,-0.7775159,-0.52559274
159540000,0.054777045,-0.257076,-0.6558906
159544000,-0.029226817,0.13655293,-0.1934136
159548000,-0.14266603,0.049556002,0.046914883
159552000,-0.10634385,-0.3435644,-0.08738786
159556000,-0.019135337,-0.33934098,-0.37039703
159560000,0.17883363,0.088366084,-0.046295762
159564000,0.28929716,0.6499547,0.6839476
159568000,0.028372474,0.8585208,0.6484205
159572000,-0.22993976,0.39941442,0.07430289
159580000,0.2983314,-0.35690144,-0.42807797
159584000,-0.04758832,0.19740811,-0.2183971
159588000,-0.4796586,0.3299265,-0.07626435
159592000,-0.5749957,0.31030223,-0.15450966
159596000,-0.11055045,0.3292545,0.10806829
159600000,0.25966835,-0.32336652,0.3233851
159604000,0.22189805,-0.88153577,0.416963
159608000,0.31834993,-0.33325636,0.5804953
159616000,-0.14607249,-0.12560649,-0.8726128
159620000,-0.016002819,-0.4980831,-1.0238435
159624000,0.31549284,-0.21523906,-0.25825736
159628000,0.28756815,0.3575554,0.44566303
159632000,-0.01980462,0.6323521,0.5661458
159636000,-0.27927667,0.68803203,0.35900158
159644000,0.37250847,-0.07403883,-0.16237351
159648000,0.6331588,-0.75599694,0.11165163
159652000,0.32988456,-0.9144284,0.6632793
159660000,-0.29090238,-0.5160664,0.064770475
159668000,-0.27491614,0.19222848,-0.4275236
159672000,-0.3334502,0.20473453,0.1319784
159676000,-0.5121745,0.3746871,0.29436564
159680000,-0.4032872,0.10989275,0.03685513
159684000,0.048246235,-0.32818246,-0.38218984
159692000,0.56224203,0.67094207,0.030462727
159696000,0.08619152,0.69236284,-0.09948986
159700000,-0.39303222,0.49530822,-0.25223246
159704000,-0.48429793,0.21466857,-0.06750685
159708000,0.080515295,-0.11046508,0.14778784
159712000,0.61788714,-0.3657821,0.38271093
159716000,0.51003134,-0.23595376,0.41664457
159724000,0.24865663,0.012048643,-0.23220173
159732000,-0.29762465,-0.43135682,-0.2245
159736000,-0.2622132,-0.61305,-0.3010446
159740000,-0.3448149,-0.6041231,-0.10376858
159744000,-0.5974717,-0.15635456,0.31548476
159752000,-0.16592193,0.6009122,-0.007382844
159760000,-0.1707632,0.036870062,-0.312846
159764000,0.13212939,0.0955797,-0.007693023
159768000,0.33862856,0.07737081,0.3026962
159776000,0.3533176,0.036983553,0.2502157
159780000,-0.110201314,0.1357436,0.11801036
159784000,-0.21445528,-0.036457464,-0.10020903
159788000,0.048153333,-0.24539317,-0.40070865
159792000,0.17522281,0.019086689,-0.46977478
159796000,0.23200677,0.2242602,-0.2049734
159804000,-0.098104715,-0.17116904,-0.18352738
159808000,-0.14991875,-0.005975448,0.0416705
159812000,0.21994123,-0.2553569,0.20323496
159816000,0.41359732,-0.43614328,0.09891464
159820000,0.29215783,-0.22724468,0.2553204
159824000,0.29845327,0.14516509,0.38915431
159828000,0.092861,0.23844221,0.2992161
159832000,-0.1724512,0.62304264,0.26132065
159836000,-0.26504266,1.2410053,-0.26693442
159840000,-0.47622672,0.68183607,-0.930191
159844000,-0.51125187,-0.52555704,-0.7669734
159848000,-0.19015194,-0.9030535,-0.29447782
159856000,-0.10223217,-0.051589034,0.74694157
159860000,0.03272357,0.19925472,0.6790533
159868000,0.1722321,-0.1890645,0.36777633
159872000,-0.083886296,-0.2414094,-0.25031903
159880000,0.27028096,0.16844365,-0.545802
159884000,0.03361272,0.08605781,0.049456224
159892000,-0.3301231,0.38922605,0.07012068
159896000,0.33481914,0.31679994,-0.0796063
159900000,0.26284492,-0.07622196,-0.001550335
159904000,-0.3567118,-0.29839343,0.064800076
159912000,0.16322121,-0.28571415,0.32392383
159916000,0.24757217,0.23008874,0.21318167
159920000,0.31623492,0.34605658,-0.15287395
159924000,0.55588216,0.017980404,-0.47480056
159928000,0.55268407,-0.3241678,-0.49177566
159936000,-0.3937738,-0.13912463,0.36564708
159944000,-0.21332404,0.17790824,0.28499162
159948000,0.1783331,0.6238189,0.14408025
159952000,0.04999253,0.709159,-0.20439781
159956000,-0.25894436,0.13115574,-0.78709817
159964000,0.39300308,-0.5603353,-0.042364508
159968000,0.17406216,-0.18135436,0.6308413
159972000,-0.3869958,0.37213317,0.4272027
159976000,-0.36903584,0.24205562,-0.05759062
159980000,-0.32204962,-0.31626472,-0.18762344
159984000,-0.26008984,-0.23875712,0.19475128
159988000,0.32712626,0.012123777,0.45948395
159992000,0.6250602,0.24130851,-0.045910656
159996000,0.46871233,0.5673314,-0.70369226
160000000,0.17844081,0.35279363,-0.600358
160004000,-0.05023721,-0.32820317,0.04484105
160008000,0.2561443,-0.68719876,0.32735285
160012000,0.42841136,-0.37706226,0.26952264
160020000,0.077322535,-0.11518463,-0.22614664
160024000,-0.35972643,-0.138502,-0.43685147
160032000,-0.49317348,-0.19936675,0.52569747
160036000,-0.28224367,-0.082359694,0.13252342
160040000,-0.1480069,0.008482061,-0.28190666
160048000,0.1127297,0.56141615,0.576637
160052000,0.3776197,0.13923128,0.6253227
160056000,0.3082669,-0.33976772,0.20970008
160060000,-0.10302703,-0.4022955,-0.111806594
160068000,0.14658974,0.081280224,-0.7071969
160072000,-0.16294882,-0.14722644,-0.20505026
160080000,-0.4003187,0.091830015,0.114252254
160088000,-0.30878597,0.55435896,-0.20450869
160092000,0.063510686,0.047806174,0.18190654
160096000,0.09011957,-0.08945449,0.38895229
160104000,-0.055016357,0.14587136,0.48419085
160108000,0.120625764,0.07594022,0.59869087
160116000,0.18885157,-0.03656035,-0.78696984
160120000,0.21626881,0.18299371,-0.59950167
160124000,0.16498566,0.30835727,-0.10594271
160128000,-0.115521476,0.15742248,0.004971493
160136000,-0.1374584,-0.6308806,-0.21414167
160140000,0.26961905,-0.7188048,-0.2458498
160144000,0.09457256,-0.38138795,-0.051916696
160148000,-0.301311,0.3667195,0.16542675
160152000,-0.22534981,0.45933056,0.33213496
160156000,0.19176371,-0.086077794,0.32693344
160164000,0.81075716,0.2135366,0.2455132
160168000,0.39795002,0.42331913,-0.036290765
160172000,-0.27896684,0.090914,-0.28236246
160176000,-0.95982647,-0.27688897,-0.09269179
160180000,-0.9304553,-0.064274415,-0.01048974
160184000,0.11444417,0.6227079,-0.14420962
160192000,0.34306562,0.03177473,0.1519709
160196000,0.86941653,-0.2962791,0.34387356
160200000,0.81240153,-0.13567173,-0.011746243
160204000,-0.22066513,-0.14621861,-0.33999804
160208000,-0.7485031,-0.43264878,-0.07027271
160212000,-0.683321,-0.37470955,0.097719625
160216000,-0.47508597,0.13111694,-0.17472991
160220000,-0.31208545,0.59626406,-0.2046825
160228000,0.20781764,0.2516291,0.1199548
160232000,0.44060466,-0.5415393,-0.3408134
160240000,0.26411387,-0.7113267,-0.02910924
160244000,-0.10115644,0.001429185,0.3645135
160248000,-0.29868022,0.28169507,0.572528
160252000,0.07457709,0.034153163,0.79867196
160256000,0.12783878,0.3588098,0.5294752
160260000,-0.5063944,0.5045695,-0.03481996
160264000,-0.52281666,-0.08361091,-0.3861198
160268000,0.23954275,-0.46154252,-0.60348666
160272000,0.49016085,-0.5425996,-0.57591116
160276000,0.19797665,-0.39874285,-0.32851607
160280000,-0.13467225,-0.12354991,-0.21688202
160284000,-0.14540792,0.099902004,-0.42741117
160288000,0.15644479,0.37846825,-0.37092906
160292000,0.211525,0.6087149,0.13414842
160296000,0.15138564,0.4709496,0.43303278
160304000,0.18759404,-0.3610687,-0.014002092
160308000,-0.47675994,-0.4425831,0.23137431
160312000,-0.7617904,0.034605727,0.6746127
160316000,-0.48942047,0.29708198,0.3051481
160320000,0.18829952,-0.039391577,-0.2607938
160324000,0.6101427,-0.040006578,-0.06608555
160328000,0.18038918,0.042131476,0.41597182
160332000,0.10292728,-0.15962702,0.55050457
160340000,-0.048331156,0.8053322,-0.089905135
160344000,-0.054287404,0.8940862,-0.48487806
160348000,0.16326572,-0.1714631,-0.37182575
160352000,0.20002463,-0.61604494,-0.57781124
160356000,0.3655497,-0.39393777,-0.7355231
160364000,0.1474627,-0.46621132,-0.07688917
160368000,-0.09507333,0.33483917,-0.09886047
160372000,-0.019554771,0.85813177,-0.09776354
160376000,-0.34345245,0.9074532,0.20770049
160380000,-0.8871775,0.39773548,0.5147419
160384000,-0.5660605,-0.094221994,0.3469044
160388000,0.25191182,-0.22901759,-0.18096843
160392000,0.30008823,-0.36426973,-0.40125957
160400000,0.257859,-0.38358092,0.67307854
160408000,-0.4946532,0.12187995,0.31506842
160416000,-0.12956376,0.15333237,-0.49135786
160420000,-0.04216236,0.41261292,-0.29149124
160424000,0.12042974,0.65124726,-0.26738542
160428000,0.4718687,0.36578566,-0.33930254
160432000,0.566794,0.06446848,-0.30137295
160436000,0.10229023,-0.59696066,0.024466112
160440000,-0.49358797,-1.0701834,0.35766223
160444000,-0.7881268,-0.5027481,0.190745
160448000,-0.5534888,0.0623227,-0.12363845
160452000,0.20781353,0.1547943,-0.10537005
160460000,0.08891709,0.043117613,0.25603464
160464000,-0.06826926,0.48285577,-0.16229104
160468000,0.051547725,0.77556515,-0.27691546
160472000,0.20046784,0.19285649,-0.018210322
160476000,0.47597942,-0.40020007,0.4026513
160480000,0.26865983,-0.3210433,0.6885228
160484000,-0.06477571,0.13800517,0.4508619
160488000,-0.18241766,0.3345779,-0.34016842
160492000,-0.41698042,0.35289767,-0.6152346
160496000,-0.5168553,0.62808484,0.05093369
160500000,-0.29657868,0.6079607,0.4124562
160508000,0.6131337,-0.741345,0.154056
160512000,0.42897105,-0.982745,0.013895705
160516000,-0.19346836,-0.8495256,-0.32143518
160524000,-0.41506463,-0.23104207,0.11543771
160528000,-0.23833433,0.47854313,0.43155903
160532000,-0.15521419,1.0018357,0.03297627
160536000,0.028851148,0.9840127,-0.3776915
160540000,0.14117151,0.055636287,-0.8139007
160544000,0.07562173,-0.62997705,-0.84603286
160548000,0.17642896,-0.03194633,0.06649688
160552000,0.3232956,0.6421727,0.7680929
160560000,0.74446374,-0.5090879,0.48115507
160564000,0.31710708,-0.54955935,0.1845507
160568000,-0.004662754,-0.473391,-0.1309058
160572000,-0.10543608,-0.3239999,-0.39871174
160576000,-0.48991477,0.19691928,-0.23556742
160580000,-0.8705482,0.6059218,-0.017229237
160584000,-0.667842,0.59907115,-0.12622407
160588000,-0.29097462,0.12025434,-0.05481641
160592000,-0.1651259,-0.4449452,0.11038964
160596000,-0.26672187,-0.5045596,0.11104183
160600000,-0.4080719,-0.20643371,-0.14283003
160604000,-0.0421689,-0.09457079,-0.4365296
160612000,0.5042945,0.62319475,0.27251202
160616000,0.21681012,0.3786853,0.65373635
160620000,0.112268105,0.009318639,0.5223402
160624000,0.42689243,-0.34621817,-0.026117034
160632000,0.5750274,-0.4036634,-0.25485373
160636000,0.17381634,0.38035566,0.22067669
160640000,-0.4311762,0.82885045,0.031130105
160644000,-0.57242775,0.20141652,-0.19051404
160648000,-0.24730408,-0.41724756,-0.05312366
160652000,0.114442386,0.023578078,0.28427127
160656000,0.22419327,0.59593487,0.48105094
160660000,0.07124449,0.50544,0.11340341
160664000,-0.0985039,0.09623394,-0.40188876
160668000,0.07740291,-0.3650076,-0.60973495
160672000,-0.1686432,-0.50775343,-0.4728465
160680000,-0.44685626,0.115704045,0.11994266
160684000,0.02156753,-0.09358671,0.08074394
160688000,0.11790056,-0.06328667,0.13298908
160692000,0.4850561,0.22101974,0.15458293
160696000,0.41763568,0.57483864,0.04116922
160700000,-0.031991124,0.51921356,0.07898567
160708000,-0.12959138,-0.3770663,-0.27310586
160712000,0.22043823,-0.19747491,-0.16664967
160716000,0.29561567,-0.021055065,0.2087495
160720000,0.5602673,-0.09908986,0.102905266
160724000,0.7895717,-0.099329606,-0.08765397
160732000,0.05642695,-0.6424891,0.28115356
160740000,-0.372148,0.15020463,0.7212305
160744000,-0.40806806,0.19730222,0.36956856
160748000,-0.07538079,0.19335325,-0.13834053
160752000,0.07770279,0.36228365,0.07619499
160760000,-0.001842691,0.22072482,0.006361783
160764000,-0.19556138,-0.039099365,-0.3990136
160768000,-0.5035654,-0.14046673,-0.52960384
160776000,-0.44526953,-0.3237069,-0.88183826
160780000,0.16390362,-0.18529096,-0.02744791
160784000,0.63952905,0.25812197,0.52076447
160792000,0.16259813,-0.04732255,0.19448881
160796000,0.16268387,0.22425266,-0.29616806
160800000,0.08792397,0.21070296,-0.561103
160804000,0.020230569,0.02396789,-0.41969034
160808000,-0.24597707,0.18230163,-0.0667143
160816000,0.1463398,-0.14135599,-0.2400129
160820000,0.04296967,-0.27078465,0.18414654
160824000,0.09688902,-0.24807282,0.28149137
160828000,0.2788945,0.086294234,0.07911537
160836000,-0.1282434,0.61054164,0.28052035
160840000,-0.4765271,-0.32556275,-0.050749324
160848000,-0.31133807,0.005770072,0.18498442
160856000,0.30134317,0.060099483,0.41554856
160864000,0.2971422,0.12520948,-0.3356654
160868000,0.049499378,0.011679892,-0.59223783
160876000,-0.036174133,-0.14389747,-0.17594428
160884000,0.28739902,0.19520766,0.059003774
160888000,0.3980194,-0.066759065,0.28617877
160892000,0.070121944,0.039430324,0.4030981
160900000,0.051045254,0.23923364,-0.101286896
160904000,-0.018017076,-0.21150672,-0.12561788
160912000,-0.23639292,0.0717567,0.04184152
160916000,-0.20748523,0.005467958,0.09352303
160920000,-0.33336917,0.07726104,0.35562995
160924000,-0.15948191,-0.06889201,0.5848238
160932000,-0.01744888,-0.08264094,-0.9231023
160936000,0.04863415,0.15181173,-0.6827134
160940000,0.26317948,0.042237803,0.14892761
160944000,0.3873927,-0.09753971,0.7712885
160952000,-0.30867022,-0.3558506,-0.26603147
160956000,-0.35528308,0.025151417,-0.3149205
160960000,-0.28282452,0.54884726,0.11695701
160968000,0.28221413,-0.06716779,-0.45209137
160972000,0.14008112,-0.25448462,-0.7934347
160976000,0.3492356,-0.3342085,-0.1745477
160980000,0.36490005,-0.36577708,0.4451934
160984000,0.23092978,0.1515165,0.15424375
160988000,-0.09082109,0.72432244,-0.05210645
160992000,-0.19867912,0.3848601,0.033391684
160996000,0.017080158,-0.26078057,-0.17140107
161000000,-0.114060245,-0.35030794,-0.21641482
161008000,-0.6808549,-0.03847383,0.5592601
161016000,-0.56487936,-0.03776694,0.48272958
161020000,0.19063447,0.695755,-0.035645552
161028000,0.38932502,0.22122556,-0.6338809
161032000,0.24576178,-0.4948392,-0.41593698
161036000,0.47931713,-0.8138544,-0.029783309
161040000,0.73756033,-0.49473736,0.40888548
161048000,-0.30147642,0.3197527,0.5529556
161052000,-0.74648,-0.22222686,0.07657564
161056000,-0.5248018,-0.19919632,-0.058112584
161060000,0.11418681,0.23793721,-0.21612531
161064000,0.35779226,0.07126631,-0.40096742
161068000,0.18789427,-0.29718328,-0.34624463
161072000,0.12446587,-0.08290447,-0.14996055
161076000,0.25121894,0.19635071,0.12700106
161080000,0.2944211,-0.23589072,0.4624292
161088000,-0.38222656,-0.11971301,-0.20234004
161092000,-0.7140384,0.7598428,-0.20805383
161096000,-0.47499764,1.100738,-0.12126389
161100000,-0.29529366,0.9269494,-0.22909927
161104000,-0.3738988,-0.001415163,-0.12206753
161108000,-0.14377756,-0.77004206,0.33836448
161112000,0.16491605,-0.52278745,0.5006586
161116000,0.31212074,-0.17832744,0.22670212
161124000,0.22056387,-0.04034982,-0.5508536
161132000,0.111707,0.5944048,-0.47186315
161136000,-0.041936014,0.41393828,-0.07908623
161140000,-0.082191475,0.2613084,0.40128446
161148000,-0.21862781,-0.36149198,0.13913788
161152000,-0.030586734,-0.4135426,0.1404631
161156000,0.21740991,-0.30439088,-0.027714767
161160000,0.11577436,-0.023195662,0.036354903
161164000,0.06594771,0.44228137,0.20902392
161172000,-0.044480056,-0.21806917,-0.26305225
161176000,0.08658095,-0.410083,0.045813605
161180000,0.48930353,0.22087279,-0.059045628
161184000,0.39818415,0.35439593,-0.16036397
161188000,0.026032865,0.066430375,-0.11888385
161192000,-0.23244065,0.083968505,-0.47010458
161200000,-0.11048413,-0.11810219,0.58447164
161204000,0.37817392,-0.15292892,0.95753765
161212000,0.32598203,0.44257963,-0.35493186
161216000,-0.577067,-0.16158703,-0.86587346
161220000,-1.1487156,-0.5784393,-0.29909372
161228000,-0.10880992,0.26900548,0.069303855
161232000,0.07868383,0.5005752,-0.17437208
161240000,0.18979883,-0.09272816,-0.17742907
161244000,-0.039632723,-0.25657648,-0.26411268
161248000,-0.077574104,-0.20961322,0.13034959
161256000,0.7859429,-0.34206945,0.034299195
161260000,0.68417853,-0.03849534,-0.030388258
161264000,0.080873266,0.21617797,-0.35984007
161268000,-0.6232287,0.11174064,-0.29657513
161272000,-0.82242477,0.4306154,0.4030444
161276000,-0.763577,0.64586097,0.8631598
161280000,-0.46881467,-0.2267575,0.7938633
161284000,0.23458889,-0.6689038,0.6166342
161288000,0.49303997,-0.091748714,0.045456737
161292000,0.15170401,0.1348386,-0.89016867
161296000,0.31052104,-0.0694965,-1.1325995
161300000,0.6738677,-0.13157067,-0.472044
161304000,0.4071513,0.16154383,0.21648338
161308000,0.4180159,0.19299863,0.38806203
161312000,0.559244,-0.44937977,0.47848475
161316000,0.16055064,-0.58359855,0.625718
161320000,-0.041187957,0.10002932,0.4487568
161324000,-0.16426289,0.5448185,0.13606432
161328000,-0.60832596,0.4336673,-0.3865215
161332000,-0.7995508,0.21830127,-0.84728086
161336000,-0.48101676,0.016654916,-0.5842788
161340000,0.03262724,-0.29532254,-0.24444807
161344000,-0.061723102,-0.41600463,-0.3156755
161348000,-0.7792655,-0.102849215,0.013467178
161356000,0.36394563,0.27596295,0.48117125
161364000,0.6452123,-0.26372093,0.19692314
161368000,0.3502102,-0.23421045,-0.19718532
161372000,0.15594444,-0.1599166,-0.5356902
161376000,-0.03311237,-0.2398186,-0.42274088
161380000,-0.36496052,-0.44606826,-0.21548846
161384000,-0.73523194,-0.29917955,-0.24234211
161388000,-0.5274985,0.4883598,-0.051916946
161392000,0.2090588,0.8631731,0.5433415
161396000,0.56796587,0.41495317,0.5417016
161400000,0.7023,0.22409254,0.020878896
161404000,0.5329009,0.19289058,0.074072786
161408000,-0.34715798,-0.097724065,0.30849406
161412000,-0.88069856,-0.1337477,0.17365046
161416000,-0.46266598,-0.019309182,-0.02195599
161420000,0.29829147,0.10322185,-0.28409767
161424000,0.42488116,0.26194465,-0.1918386
161428000,-0.0811052,0.20816758,0.28824538
161436000,0.03914264,-0.21853648,-0.24307337
161440000,0.019084528,-0.3994733,-0.25324482
161444000,-0.33636826,-0.3590808,0.078295186
161452000,-0.73984504,0.25151017,-0.5142673
161460000,0.3876064,0.4167098,0.09073961
161464000,0.6920959,0.025832713,0.5025852
161472000,0.89272875,-0.6734751,0.7220877
161476000,0.77342397,0.029552996,0.045152202
161480000,0.22880647,0.2729528,-0.7002794
161484000,-0.22308871,0.24025103,-0.6441677
161488000,-0.19651343,0.11236172,-0.31030294
161492000,-0.110100724,-0.18278253,0.099858806
161496000,-0.39120024,-0.5876745,0.11512206
161504000,-0.28855783,1.1805053,-0.47281674
161512000,-0.015033335,0.18647842,0.25384283
161516000,0.07000151,-0.28166038,0.03146568
161520000,-0.17486235,-0.30543572,0.12039064
161528000,-0.2376884,0.63963544,0.36419484
161536000,0.286622,-0.06139186,0.4641386
161540000,0.72897756,-0.20260508,0.2501582
161544000,0.69623184,-0.10995957,-0.38316062
161548000,0.12102032,-0.23325065,-0.82362944
161552000,-0.2689576,-0.6789391,-0.6193502
161556000,-0.38763383,-0.6663959,-0.081780195
161564000,-0.106137596,-0.0537716,0.017907985
161568000,-0.21208477,-0.41042387,-0.1793746
161572000,-0.12501486,-0.15289514,-0.00846716
161580000,0.26582816,0.9645027,0.52219033
161584000,0.32943153,0.8557553,0.32355005
161588000,0.090947755,0.1703178,0.30780143
161592000,-0.20574597,-0.48231208,0.24873488
161600000,0.055971753,-0.04608534,-0.076142065
161604000,0.5287898,-0.20204474,-0.3247583
161612000,0.25369415,0.20729485,-0.70812076
161616000,-0.19621575,0.24475753,-0.4423784
161624000,-0.25799358,0.18306059,0.1275712
161628000,-0.06941257,-0.38431957,0.5043664
161632000,-0.15128683,-0.56349653,0.7336671
161640000,-0.27960855,-0.106751695,0.1826691
161644000,0.091710545,0.624235,-0.087770976
161648000,0.48648334,0.64634174,-0.25606847
161656000,-0.08020775,-0.23552743,-0.16452712
161660000,-0.3956703,0.16242683,-0.11145058
161664000,-0.4658395,0.29534757,-0.08175052
161672000,-0.38017637,-0.006542545,-0.3099848
161680000,-0.14765808,-0.68086714,0.38863182
161684000,0.2993481,-0.19798993,0.31602633
161688000,0.52669704,0.48786265,0.20940495
161692000,0.5288832,0.37191042,0.44707757
161696000,0.4316095,-0.1585609,0.17615888
161700000,0.17434093,-0.51797026,-0.4082189
161704000,0.062425885,-0.64687204,-0.22724651
161712000,0.5899214,0.119809955,0.1007179
161716000,0.35674977,0.5191426,0.035013072
161720000,-0.5191884,0.5764286,0.06801896
161728000,-0.52198684,0.14592019,-0.1394606
161732000,-0.5298721,0.07653053,0.09982389
161736000,-0.9536979,0.08087155,0.14013164
161740000,-0.76190746,0.17675844,-0.29712218
161748000,0.3609814,-0.5674051,-0.09795921
161752000,0.06587377,-0.25358665,0.015503116
161756000,-0.21992339,0.4885062,-0.02276761
161760000,-0.19762656,0.4361493,-0.44687828
161768000,0.360586,-0.146693,0.42412016
161772000,0.23019113,0.016260266,1.1468526
161776000,0.07771263,0.11617956,0.7659383
161784000,0.14841606,0.17567228,-0.5880389
161792000,-0.13113312,0.25029242,-0.53517824
161796000,-0.49241915,-0.0170643,-0.06527148
161800000,-0.7142245,-0.78354526,0.2594244
161808000,-0.09193382,-0.054460295,-0.002765662
161812000,0.41956413,0.3372996,0.1550833
161816000,0.3801298,0.2283298,0.08841221
161820000,0.1945962,0.063144654,-0.25063822
161824000,-0.13325498,-0.008458789,-0.1771726
161828000,-0.55142766,-0.14801258,0.21706757
161836000,-0.20925778,0.09731309,-0.00072008
161840000,0.3358675,0.44236448,-0.30622852
161848000,-0.058396205,0.35055748,-0.3185301
161852000,-0.49034974,0.15573609,0.020040862
161860000,-0.35774952,-0.4139585,-0.089777395
161868000,0.06830792,0.011011092,-0.20302013
161872000,0.2140767,-0.1460902,-0.41325006
161876000,0.47437692,-0.20348188,-0.14037009
161880000,0.57184696,0.013400734,0.6426207
161884000,0.35042697,-0.14470088,0.8077603
161888000,0.17858624,-0.50598437,0.08479875
161892000,0.01870779,-0.3237656,-0.18901946
161896000,-0.35126922,0.14022836,0.26608545
161900000,-0.468723,0.6007421,0.16621551
161904000,0.018347815,0.89653397,-0.23838569
161908000,0.51054996,0.6803451,-0.077639386
161916000,0.20113689,-0.13663577,0.16454923
161920000,-0.4701907,-0.515864,-0.05985806
161924000,-0.7741574,-0.7352836,-0.15880188
161928000,-0.63131493,-0.50095844,0.042089634
161932000,-0.11161606,-0.29306033,0.20499924
161936000,0.6215632,-0.31896263,-0.16287866
161940000,0.70192,-0.23280427,-0.52885246
161944000,0.000486821,-0.038929515,-0.19985278
161948000,-0.3782536,0.13784742,0.2034862
161952000,-0.12044036,0.24515173,0.03516198
161956000,-0.08752129,0.28872862,-0.122305945
161964000,0.13600853,0.5681977,0.059068143
161968000,0.23036999,0.20591794,0.4038542
161972000,0.10259365,-0.001975548,0.48398465
161980000,0.3071703,-0.14047357,-0.4013637
161984000,0.27413088,-0.6668148,-0.4287878
161992000,-0.59165144,-0.17274779,-0.05408489
161996000,-0.5790749,0.37806046,0.38500655
162000000,0.18227878,0.55024934,0.6933848
162008000,0.4664491,0.08275165,0.33418685
162012000,0.023638502,-0.8494736,-0.49195698
162016000,0.14648929,-0.77151513,-0.9099274
162020000,0.30734947,0.003505006,-0.7063674
162028000,-0.5654703,0.25179917,0.6925036
162032000,-0.44065928,-0.22153886,0.9922989
162036000,-0.59426314,-0.0822257,0.46431705
162040000,-0.8815567,0.32532045,-0.30023894
162044000,-0.5335938,0.28665257,-0.6151168
162048000,0.061005607,-0.12751506,-0.7068605
162052000,0.45311,-0.32194087,-0.48820662
162056000,0.8207405,0.09209718,-0.027051985
162060000,0.74451745,0.48823607,-0.03552804
162064000,0.3665229,0.2630245,-0.22100346
162068000,0.60356027,-0.35449535,-0.07051584
162072000,0.7356392,-0.84994143,0.1368399
162080000,-0.111800976,-0.005645275,-0.30688182
162084000,-0.4530552,0.45272052,0.019552559
162088000,-0.9291653,0.47306776,0.6113599
162092000,-0.96314603,0.23357055,0.47155297
162096000,-0.5824952,-0.095629856,-0.2637908
162100000,-0.14922303,-0.06283556,-0.32229155
162104000,0.18182823,0.2659928,0.2575708
162108000,0.6446677,0.47264886,0.2542581
162112000,0.86540246,0.3074441,-0.09298286
162116000,0.4307704,-0.0427503,-0.20605952
162120000,-0.15186302,-0.06126887,-0.23797725
162124000,-0.27207685,-0.22553328,0.05266729
162132000,-0.0508753,-0.21450038,0.39810604
162140000,0.5370445,0.11741426,-0.24563256
162148000,0.17415357,0.49223593,-0.4429789
162152000,-0.2800512,0.3327723,-0.35794252
162160000,-0.3154075,0.003899681,0.01661995
162164000,-0.38218918,0.044902794,-0.08200723
162168000,-0.31512704,-0.027757969,0.02755206
162172000,-0.09751555,-0.15061358,0.39026102
162176000,0.46704397,-0.054506905,0.59996265
162180000,0.44709677,0.15060219,0.24350677
162184000,-0.17275281,0.29732466,-0.19458577
162192000,-0.36738545,-0.27273524,-0.5277097
162196000,0.056521274,-0.11286408,-0.22858146
162200000,0.21958566,0.17435154,-0.28413796
162204000,0.13762195,0.03347455,-0.09991089
162208000,-0.13719961,-0.19888626,0.54630554
162212000,-0.024202147,-0.4653868,0.65381205
162216000,0.67029834,-0.3947109,0.4310143
162220000,0.63468057,0.17403674,0.2781442
162224000,0.08304609,0.52352387,-0.28779316
162228000,-0.05173649,0.054529905,-0.8985445
162232000,-0.33640465,-0.43692702,-0.9474145
162236000,-0.52659404,-0.23585303,-0.31809735
162240000,0.12467381,0.029425044,0.21426433
162244000,0.5988655,-0.121187165,0.28961247
162248000,0.17950866,-0.26001218,0.48005483
162252000,-0.07501945,0.25225848,0.6939536
162256000,-0.11482735,0.77172625,0.6824151
162264000,-0.09536107,-0.080249354,-0.36716235
162268000,-0.12513992,-0.2156013,-0.6711602
162276000,-0.111704595,-0.080771275,-0.48800528
162280000,-0.19569752,-0.04561623,-0.20636322
162284000,0.17643666,-0.2989984,0.26896024
162288000,0.58498937,-0.31240457,0.46055198
162292000,0.4585063,0.23661691,0.087553605
162296000,-0.090315916,0.42287028,-0.23703861
162304000,-0.63799137,0.37814176,0.21983412
162308000,-0.28725645,0.098594844,0.014267668
162312000,0.043828025,-0.1293361,-0.2245462
162316000,0.2960059,-0.03871324,0.020106062
162320000,0.3395222,-0.12491173,0.06735
162328000,-0.14581396,-0.14425562,0.03622342
162336000,0.36048692,0.08603507,-0.60614836
162340000,-0.492415,0.02109091,-0.3206256
162344000,-0.4824503,-0.35633868,0.28463626
162352000,0.29777774,0.32603118,-0.06525913
162356000,-0.026881315,0.3651181,0.24158686
162360000,-0.1271233,0.18381009,0.4419583
162364000,-0.07028004,-0.080052465,0.48000336
162368000,0.12383565,-0.44617826,0.7019963
162372000,0.4829459,-0.5131323,0.49005574
162376000,0.91469073,0.09693384,-0.10662565
162384000,0.050335854,-0.13644314,-0.6386662
162388000,-0.7010578,-0.20628038,-0.6991026
162392000,-0.77883625,0.51160586,0.043357402
162396000,-0.33662617,0.7037362,0.77543145
162400000,0.2545153,0.017436266,0.64547086
162404000,0.7404936,-0.23409262,0.24822196
162408000,0.75270796,-0.03554697,-0.2894866
162412000,0.16097923,0.16305496,-0.62269515
162416000,-0.36861518,0.18299317,0.043350488
162424000,0.44348055,-0.22064829,-0.18177342
162428000,0.41959244,-0.26127452,-0.51157427
162432000,0.36549467,-0.28769937,-0.26390365
162436000,0.121802196,-0.2640189,0.028097427
162444000,-0.70473856,0.45375243,0.452951
162448000,-0.5106816,0.5239697,0.3564769
162456000,0.52601886,-0.41831395,-0.87853765
162460000,0.2808532,-1.1284454,-0.6134864
162464000,0.16236167,-1.0251359,-0.11493987
162468000,0.22078384,-0.18331555,0.27891314
162472000,0.14497897,0.5069722,0.371482
162480000,0.22963777,0.48026454,0.48436475
162484000,0.426247,0.5221682,-0.05850871
162492000,0.072409056,-0.3261099,-0.2631523
162496000,-0.2899099,-0.4775758,0.001278229
162500000,-0.239472,-0.11783914,0.09868649
162504000,0.1464527,0.29868183,0.27853566
162508000,0.42401052,0.1440326,0.35025755
162516000,0.089101434,-0.365691,-0.09633064
162520000,-0.060497146,-0.54089177,-0.45096108
162524000,0.056983322,-0.30874634,-0.4507852
162528000,-0.043854736,0.11996643,0.38051027
162532000,-0.41370764,0.21525207,0.7449404
162536000,-0.6260055,0.027181178,0.17962357
162540000,-0.5340748,-0.019645276,-0.40828246
162544000,0.10173084,0.11347234,-0.5292145
162548000,0.8704125,0.20739903,-0.45567995
162552000,0.7142712,0.3439431,-0.2079632
162556000,0.14855622,0.3612466,0.1781762
162560000,0.07059125,0.044063926,0.35138425
162568000,-0.099914744,0.2902385,0.03322365
162572000,-0.1559888,0.46154454,0.12382684
162576000,-0.3890429,0.07956496,-0.23731832
162580000,-0.5255675,-0.22986679,-0.5884059
162584000,-0.31194857,-0.3287371,-0.16684902
162588000,0.03450994,-0.23095535,0.31439495
162592000,0.5647838,0.003421679,0.38482672
162596000,0.4979558,-0.013683036,0.20744506
162600000,-0.14777794,-0.03161837,-0.17294392
162604000,-0.19246055,-0.1160098,-0.31383985
162608000,0.3495708,-0.3486711,-0.13897337
162612000,0.87084377,0.005084142,0.055858634
162616000,0.6095277,0.834294,0.3424896
162620000,-0.28826788,0.7824513,0.5360697
162624000,-0.54997516,-0.14458439,0.24881285
162628000,-0.44958884,-0.41678274,-0.43936074
162632000,-0.2914525,-0.25455153,-0.736947
162640000,0.027522102,0.2294377,0.13702026
162644000,-0.4509421,0.20062998,0.15492472
162648000,-0.42247197,0.39918882,0.09446199
162652000,0.003134117,0.5880883,0.32284665
162656000,0.13249728,0.09016141,0.68453234
162660000,0.15332967,-0.44058695,0.3820778
162668000,-0.074584305,-0.65769565,-0.8799933
162676000,0.3836621,0.015774684,0.24372113
162684000,0.2670013,-0.21444514,0.42648137
162688000,0.19000356,-0.077612996,0.1273048
162692000,-0.045128405,0.20041083,0.056875158
162696000,-0.12477167,0.11432758,0.012721366
162700000,-0.10890351,0.18080468,-0.07857644
162704000,-0.10477629,0.3238102,-0.16810271
162708000,0.08916188,0.032334387,-0.4086402
162712000,0.2169123,-0.3200646,-0.5565848
162716000,-0.121102735,-0.006387696,-0.21923174
162720000,-0.66022944,0.45813078,0.22596687
162724000,-0.8836929,0.21783333,-0.027988166
162728000,-0.5346117,-0.06299735,-0.25610957
162736000,0.55407614,-0.137034,0.289091
162740000,0.19888088,-0.3780074,-0.089692086
162744000,-0.05693151,-0.57756823,-0.5227678
162748000,0.022677572,-0.44937396,-0.33047077
162752000,0.2646649,-0.040103104,0.3516251
162760000,0.13950261,0.16403931,0.29809612
162764000,0.06799054,-0.09969905,-0.40986595
162768000,-0.10263853,-0.3045376,-0.23524342
162772000,-0.34512264,-0.61425847,0.5136265
162776000,-0.21808492,-0.5960582,0.70727354
162780000,0.031865418,0.094294265,-0.075217634
162788000,0.6069567,0.7719611,-0.044646412
162792000,0.07433098,0.4493227,0.33997548
162796000,-0.43286264,0.049708962,0.34617627
162804000,0.12677312,-0.29851925,0.023085222
162808000,-0.01364018,-0.06795746,-0.050032448
162812000,-0.036158524,0.12855019,-0.07596369
162816000,0.2026633,0.27532682,-0.2783421
162820000,0.08489265,0.31094956,-0.35617372
162824000,-0.19750014,0.28446674,0.1247081
162832000,-0.086365774,-0.077690884,0.08512256
162836000,-0.14669144,0.3893787,0.019631965
162840000,-0.20929615,0.26488405,-0.15661168
162844000,0.059871346,-0.30009916,-0.37565872
162848000,0.30638382,-0.675855,-0.059306756
162856000,0.33382058,-0.043678,0.46205184
162860000,0.18208812,0.3433493,0.45620838
162864000,-0.5021932,-0.23163149,0.13898548
162872000,-0.4680465,0.3526774,-0.6731981
162876000,-0.20329565,0.57666194,-0.65106547
162880000,0.1748904,0.0884431,-0.013388187
162884000,0.9367567,-0.05961238,0.34975848
162888000,1.1719655,-0.0444019,0.25635004
162892000,0.52528346,-0.16859497,0.41779804
162896000,-0.26908693,-0.2683854,0.2623018
162900000,-0.61200815,-0.3466144,-0.07201017
162908000,-0.2023018,0.40660474,-0.63923454
162912000,0.15169889,0.43230408,-1.1402366
162916000,0.17143011,-0.006529108,-0.6364711
162920000,-0.087703645,-0.114642344,0.20174958
162928000,-0.18908334,-0.25335082,0.40136328
162932000,-0.043675795,-0.43329376,0.49189752
162936000,0.29158646,-0.5223199,0.46337497
162940000,-0.22431424,-0.34498638,0.5049851
162948000,-0.28724307,0.2795002,0.17541301
162952000,0.013056314,0.5906371,-0.059076823
162956000,-0.07864572,0.3957558,-0.14560114
162960000,-0.038023684,-0.4587524,0.039583817
162964000,-0.08594116,-0.52735734,0.11992475
162968000,-0.020724732,0.31776485,-0.3023754
162972000,0.17461386,0.9865005,-0.6488279
162976000,0.049904153,0.6315692,-0.096680015
162980000,-0.007897519,-0.25382265,0.62992615
162984000,0.15832534,-0.6367436,0.6662563
162988000,0.42753768,-0.37354034,0.1083923
162992000,0.72934574,-0.21245489,-0.782367
163000000,-0.1074138,-0.67001915,-0.24458547
163004000,-0.6159657,0.054402217,0.34477213
163012000,-0.86093944,0.57989126,0.78533316
163016000,0.22818944,-0.35418338,0.513912
163020000,0.9077129,-0.46703702,0.21766564
163024000,0.4322932,-0.049874797,-0.051571764
163028000,-0.4427771,0.24771594,-0.37144703
163032000,-0.7328479,0.18668872,-0.44188803
163036000,-0.52806103,0.19012845,-0.38039082
163040000,-0.37620705,0.21738636,-0.29087606
163048000,0.8028307,0.274411,0.68593395
163056000,-0.004999131,0.031644687,0.15358573
163060000,-0.07782997,0.5398892,-0.3435182
163064000,0.45177472,-0.003016263,-0.22906396
163072000,-0.29866514,-0.7190268,0.17708395
163076000,-0.44979468,-0.5420625,-0.09493001
163080000,-0.16161837,-0.42491043,0.061003156
163084000,-0.14997509,-0.064296216,0.5766413
163088000,-0.21915248,0.3752951,0.3383308
163096000,0.17885922,0.049017094,-0.69218695
163100000,0.40618485,0.25862065,-0.21083862
163104000,0.21626136,0.1741356,0.2545436
163108000,-0.25332144,0.009249881,-0.071557485
163112000,-0.6549062,0.02123869,-0.4928749
163116000,-0.7099595,-0.08302522,-0.027570426
163120000,-0.40642527,-0.22802117,0.5663478
163124000,0.007412113,0.054636873,0.27262026
163132000,0.51502067,0.3771379,-0.46587574
163136000,0.73803884,-0.04198581,-0.3183207
163140000,0.85361266,-0.1123998,0.15136555
163144000,0.6291983,0.009264443,0.0850817
163152000,-0.27679184,-0.2976239,-0.054893672
163160000,0.052821398,-0.342872,0.13143583
163164000,0.11740965,0.18356341,-0.02496478
163172000,0.008575317,0.46582267,0.31794056
163176000,-0.25012016,0.08481271,0.20673461
163180000,-0.5535864,-0.38371238,0.18102136
163184000,-0.61411095,-0.6663522,-0.15978457
163188000,-0.37044758,-0.3189488,-0.37208956
163192000,-0.26545802,0.27546185,0.09353052
163196000,-0.027809337,0.031420738,0.5035134
163200000,0.38416815,-0.37563327,0.51834524
163204000,0.33592537,-0.099616565,0.36630726
163208000,0.109935,0.19170707,-0.035617154
163216000,0.10062748,-0.6030498,-0.94381917
163220000,-0.15885858,-0.436514,-0.6340124
163224000,-0.43392444,-0.17008296,-0.29
163228000,-0.46264338,0.11415186,0.11152029
163236000,-0.17786989,0.4834278,0.67865163
163240000,-0.018660821,0.2973577,0.6520592
163244000,0.40405566,0.14210135,0.17648254
163248000,0.97240984,0.17229053,0.19009493
163256000,-0.4759907,0.121816374,0.17857318
163260000,-0.96612704,0.18119831,-0.36073378
163264000,-0.6082675,-0.3447466,-0.64113855
163268000,0.06955704,-0.9025396,-0.7103448
163272000,0.43865973,-0.46256965,-0.27529126
163276000,0.28276134,0.47888684,0.45549002
163280000,0.12461613,0.7367664,0.39694786
163284000,0.42332622,0.32785982,0.039789587
163288000,0.45639902,0.04088677,0.11187287
163292000,0.07078184,-0.15320675,-0.25040555
163296000,-0.037219897,-0.046284266,-0.3495075
163300000,-0.020063624,0.15106103,0.256485
163304000,-0.23725912,-0.06578928,0.29455763
163308000,-0.3057906,-0.21001068,-0.24860156
163312000,-0.12713532,-0.22947603,-0.5694729
163320000,-0.02446784,0.22410227,-0.069897205
163324000,-0.17751877,0.27459264,0.3560106
163332000,0.05994422,-0.25883284,0.41957587
163340000,-0.36497086,-0.08222549,0.06343683
163348000,0.14687222,-0.70201796,-0.6492004
163352000,-0.26259217,-0.9373148,-0.2498178
163356000,-0.15007189,-0.2109116,0.01361534
163360000,0.34122217,0.475317,-0.09328091
163364000,0.65025383,0.4542991,0.14939785
163368000,0.59121037,0.38311458,0.6846976
163372000,0.23762803,0.32512185,0.6751674
163380000,-0.5119065,-0.24747851,-0.5566387
163388000,0.099799134,-0.30438143,0.39993393
163392000,-0.08384398,0.104965955,0.6567776
163400000,0.022038281,0.26725918,-0.4202357
163404000,-0.13934161,0.10342719,-0.82478464
163412000,-0.101384565,-0.32363552,-0.18510903
163416000,-0.0703183,-0.5023029,0.07669162
163420000,0.041393742,-0.35818863,0.25192213
163424000,0.2942901,0.002482444,0.1314706
163428000,0.04639578,0.31094947,-0.044556744
163432000,-0.22147493,0.033319816,-0.06383316
163436000,0.024536619,-0.24541523,0.09678669
163440000,0.4549752,0.001757309,0.05142518
163444000,0.44192225,0.14762768,-0.15807381
163448000,0.15534681,0.09451186,-0.14856859
163452000,-0.15799901,-0.07060772,0.028926365
163456000,-0.4434352,-0.15004686,0.19696227
163460000,-0.22739428,0.28331614,0.31087404
163464000,0.016416721,0.28196526,0.3874545
163468000,-0.069245204,-0.2365579,0.3549543
163472000,-0.112169825,-0.028640404,0.05297354
163476000,-0.18375812,0.6687058,-0.24474844
163480000,-0.30932486,0.6948459,-0.21254653
163484000,-0.15560232,0.21256602,0.2555412
163488000,0.21319376,-0.003349401,0.34187084
163492000,0.5134575,-0.19403103,-0.30171177
163496000,0.5749359,-0.19218609,-0.4101957
163504000,0.21190286,-0.2511183,0.23883323
163512000,-0.6225613,-0.23759903,-0.7200609
163516000,-0.15384297,-0.3481682,-0.55310446
163520000,0.32957548,0.019598484,-0.10017745
163524000,0.60035783,0.3219372,0.25867835
163528000,0.54337776,0.07734838,0.31593195
163532000,0.037455723,-0.35650384,0.48798722
163536000,-0.28415313,-0.16504897,0.83218795
163540000,-0.18410416,0.44899914,0.68871963
163544000,-0.12404754,0.69543093,0.22986698
163552000,-0.85525924,0.35427386,-0.466132
163556000,-0.52847177,-0.28648612,-0.55703926
163560000,0.14865017,-0.32355112,-0.53625864
163564000,0.3934858,0.080779046,-0.5607393
163568000,0.08204483,0.092335016,-0.40670416
163572000,-0.15344788,-0.10858043,-0.21350318
163580000,-0.4674859,-0.22998445,0.6433283
163584000,-0.38472134,0.19241355,0.42269513
163588000,0.1343672,0.35371652,0.017577328
163592000,0.77996343,-0.18623988,0.17428982
163600000,0.20297037,-0.43357003,-0.22881885
163604000,0.061769694,-0.23697108,-0.3649158
163608000,0.18119852,-0.21970026,0.24614611
163612000,0.08693038,-0.22250214,0.35267428
163616000,-0.35430673,-0.29745114,-0.019391015
163620000,-0.6253531,-0.20804474,-0.343677
163628000,0.14284205,0.46724972,-0.32409233
163632000,0.24244119,0.35837466,-0.08931833
163636000,-0.011563182,0.555898,0.107008584
163640000,-0.17599426,0.7981648,0.07488174
163644000,-0.1193791,0.1661833,0.004170578
163648000,-0.021778023,-0.7027119,-0.11126221
163652000,-0.04276131,-0.8869108,-0.43289304
163656000,0.09098499,-0.35191578,-0.2557171
163660000,0.20735995,0.19159909,0.364451
163668000,-0.031849056,-0.015667014,0.23433115
163676000,0.22273816,0.022191022,0.8720693
163680000,0.555387,0.28108627,0.47023723
163684000,0.37996134,0.41289937,-0.213942
163688000,-0.2666064,0.47370774,-0.4765592
163692000,-0.65831697,0.5237342,-0.36965066
163696000,-0.5278511,0.3836726,-0.4605119
163700000,0.16048369,-0.13246773,-0.5165586
163704000,0.24248765,-0.6138185,-0.088177145
163708000,-0.062774405,-0.31806636,0.3309932
163712000,0.11789876,0.12907821,0.20533074
163716000,0.25285065,-0.16323817,-0.20853421
163724000,-0.33460325,-0.3796424,-0.2379134
163728000,-0.46291524,-0.34392896,-0.4748103
163732000,-0.18436989,-0.031836163,-0.2272006
163736000,0.11105642,0.62398255,0.61426073
163744000,0.47385794,0.098936945,0.20510688
163748000,0.42617202,-0.44017503,0.005780459
163752000,0.22160655,-0.4056806,0.23625764
163756000,-0.15549996,-0.07766156,-0.12220585
163760000,-0.27045232,-0.098350555,-0.5679228
163764000,-0.14685738,-0.3605902,-0.22911397
163768000,-0.16198386,-0.118278,0.22883512
163772000,-0.2919084,0.5170433,0.24712558
163776000,-0.32068768,0.49824557,0.354181
163780000,-0.38912442,0.2580917,0.38117045
163788000,0.21712995,-0.031511232,0.19880694
163792000,0.2270579,-0.51796746,0.22216822
163796000,0.005472392,-0.6043696,-0.031056754
163800000,0.21564104,-0.48370627,-0.54208547
163804000,0.4300002,-0.04050181,-0.833258
163812000,-0.5784025,0.41904062,-0.0850876
163816000,-0.37202233,-0.14877772,0.046336453
163820000,-0.039856,-0.443622,0.20097941
163828000,-0.049787268,-0.6749516,-0.05867564
163832000,0.1270567,-0.4939097,-0.1224901
163836000,0.116826475,0.21814038,0.006262284
163844000,0.46556938,0.6436516,-0.16150297
163848000,0.40188003,0.31428725,-0.083535545
163852000,0.16790706,0.030281454,0.31549424
163856000,-0.33251294,0.20092389,0.5083127
163860000,-0.6800811,-0.023099557,0.1744914
163868000,0.003312036,0.11026913,-0.18425752
163872000,-0.36438635,0.3943505,0.17275378
163876000,-0.49351743,-0.13523921,0.187695
163880000,-0.2548484,-0.8581788,-0.3288484
163884000,-0.04026552,-0.7392063,-0.6992795
163888000,0.2218991,0.08083181,-0.23462573
163896000,0.35159686,0.50803566,0.36330706
163900000,0.07280456,0.082761586,0.16765684
163904000,-0.4114126,-0.15179066,0.08494995
163908000,-0.4015023,-0.14961246,-0.42626268
163912000,-0.053034768,0.09230618,-0.76123154
163916000,0.0558194,0.3231241,-0.25628197
163924000,0.68060863,0.020855397,0.5447556
163928000,0.41787568,-0.43613368,0.6354909
163932000,-0.3154054,-0.2130805,0.35058093
163940000,0.094623685,0.27531496,-0.40197697
163944000,0.38974792,-0.41377765,-0.3847283
163948000,0.4640537,-0.5463946,0.14776748
163956000,-0.34773803,-0.18343876,0.20468232
163960000,-0.45198542,-0.05535435,-0.17526498
163964000,-0.16024493,0.09117405,-0.6289607
163968000,-0.14595634,0.17812581,-0.82793665
163972000,-0.3704732,0.30386147,-0.3422106
163976000,-0.24979186,0.47465923,0.1272355
163984000,0.42302543,-0.16603258,0.62749726
163988000,0.35181728,0.058485664,0.8550698
163992000,0.33261403,0.21755731,0.58517575
163996000,0.706867,0.22268437,-0.043106988
164000000,0.6183262,-0.024559766,-0.19737989
164004000,-0.073385805,-0.64715785,0.23575993
164008000,-0.7562533,-0.7115108,0.29414684
164016000,-0.49210972,0.42940968,-0.5204344
164020000,-0.03451266,0.040726244,-0.18912901
164024000,0.33401293,-0.032688398,0.47413146
164028000,0.23498139,-0.068576224,0.42025548
164036000,-0.19060725,-0.14487147,-0.4825878
164040000,0.47316897,0.17149758,-0.43903798
164044000,0.51807445,0.10805845,-0.31750965
164048000,0.38418972,0.06420439,-0.033948675
164052000,0.5121318,0.40636498,0.0990885
164056000,0.22567052,0.37708992,0.30031034
164064000,-0.54102373,-0.43093452,0.12401739
164068000,0.056108937,-0.30613858,0.023589078
164072000,0.25387374,-0.10096477,0.065574974
164076000,0.1512825,0.006336823,-0.21911898
164080000,-0.114677876,-0.15517934,-0.49077088
164084000,-0.25552684,-0.23312318,-0.052051336
164092000,-0.09944197,-0.08623339,0.61095
164096000,-0.4425085,-0.04280663,-0.045660585
164100000,-0.8302383,-0.19653524,-0.6330369
164104000,-0.5428135,-0.11602326,-0.47869954
164108000,0.1445373,-0.22712794,-0.20284237
164112000,0.58157194,-0.33713466,0.05658032
164116000,0.46114248,-0.2550271,0.25681445
164120000,-0.04480108,-0.000585325,0.22287685
164124000,-0.19577521,0.5246634,0.22289827
164128000,0.33171946,0.84493357,-0.17250173
164136000,0.2218158,-0.37222427,-0.36978126
164140000,0.18800223,-0.4494596,-0.002248902
164144000,0.101610355,-0.009076387,0.2902154
164152000,-0.18523031,-0.11024653,0.08325374
164156000,-0.41851518,-0.17294791,-0.012308104
164164000,-0.4167242,0.2249856,0.82757026
164172000,-0.04632436,0.5869278,-0.10633781
164180000,0.25434482,0.39932626,-0.73078114
164184000,-0.1413094,-0.025872797,-0.68147117
164192000,0.07354802,-0.76908004,0.022285745
164196000,0.5582144,-0.44780022,-0.16083908
164200000,0.7343297,-0.1261416,-0.17862485
164204000,0.3915521,-0.19258314,0.14371884
164212000,0.15031494,0.09147416,0.5839022
164216000,-0.18975632,0.25869983,0.17248425
164220000,-0.41012365,0.1172188,-0.31659824
164228000,0.3539916,-0.013314225,-0.003916264
164232000,0.029426046,0.2177984,-0.1961446
164236000,-0.4628169,0.6056926,-0.64267725
164240000,-0.23090003,0.45030075,-0.18115968
164244000,0.2069267,-0.4133756,0.4142121
164252000,-0.3541735,-0.57512915,-0.23557784
164256000,-0.35500425,-0.43314797,-0.18295746
164260000,-0.25092512,-0.29097933,0.28511018
164268000,-0.09177704,0.6075582,0.6175132
164272000,0.3801785,0.5028975,0.010845304
164276000,0.25537902,0.28618988,-0.5679248
164280000,-0.040109634,-0.008049641,-0.2813249
164284000,0.16354644,-0.38767898,0.2777911
164288000,0.44335106,-0.54635185,0.34990925
164296000,-0.31248695,0.3449556,-0.009018732
164300000,-0.4235893,0.41434708,-0.5110207
164304000,0.04316929,0.002952091,-0.36115357
164308000,0.26364204,-0.2186721,0.5532588
164312000,0.42523733,-0.170004,1.2505662
164320000,-0.2053037,-0.06358094,-0.3881585
164324000,-0.17254235,-0.3368101,-0.87756103
164328000,0.34724405,-0.12627807,-0.6146592
164332000,0.42805696,0.38166478,-0.45610774
164336000,0.14422643,0.38859355,-0.36189038
164344000,-0.31633553,0.6811363,-0.23721865
164348000,-0.17365947,0.41471532,0.22961847
164352000,-0.18993099,-0.28080225,0.85201186
164356000,-0.2865116,-0.4281395,0.7428893
164360000,-0.3388803,-0.19483379,0.13640687
164364000,-0.3170849,-0.15176041,-0.27160448
164372000,-0.06366244,-0.47521436,-0.6438687
164380000,-0.35869515,0.782708,0.39589846
164384000,0.013280809,0.5552659,0.15534751
164392000,0.20421882,-0.40693048,-0.13322917
164396000,-0.056395963,-0.2696147,-0.2673559
164400000,0.1394115,0.10252063,0.06641723
164404000,0.11654846,-0.24282569,0.45093945
164412000,0.007837188,0.2611184,0.26811185
164416000,0.31994277,0.67184967,0.14419602
164420000,0.3700113,0.6462815,0.14226808
164428000,-0.26853204,-0.083397076,-0.3872273
164436000,-0.55887204,-0.53829193,0.03564117
164440000,0.1315718,-0.2615492,0.051745176
164444000,0.5963449,-0.11879161,0.37270957
164452000,-0.24597654,-0.37239385,-0.24658108
164460000,0.23248336,0.010952815,-0.36295423
164464000,0.5194123,0.30180594,-0.634346
164468000,0.09229717,0.1693525,-0.37027684
164472000,-0.23075598,0.23965293,-0.061148684
164476000,0.13819703,0.27259582,0.045729604
164484000,0.2390075,0.03693925,0.13351077
164488000,-0.316385,0.5257866,-0.014236957
164492000,-0.17236388,0.33968383,-0.09603518
164496000,0.010431681,-0.110416636,0.18507865
164500000,-0.25442317,-0.18431038,0.37876254
164508000,-0.10633369,-0.42392832,0.2048245
164512000,0.040575404,-0.3113444,-0.4747108
164516000,-0.11358774,-0.3639224,-0.87759304
164520000,-0.014556749,-0.49419513,-0.60703444
164524000,0.39394444,-0.32982823,-0.07052365
164532000,0.1813995,-0.25593108,1.0610298
164536000,-0.13223384,-0.39013386,0.8512815
164540000,-0.20464575,0.18005283,-0.004805476
164548000,-0.25235277,0.9069291,0.055376425
164552000,-0.35712403,0.52268326,0.071618274
164556000,-0.2423039,0.27157694,-0.07551944
164560000,-0.000398293,-0.027009279,-0.2922559
164564000,0.12371283,-0.14463764,-0.46603647
164568000,0.20593238,-0.29938865,-0.057547912
164576000,-0.040492244,-0.27469695,0.24647479
164580000,-0.16868684,0.2604303,-0.014638491
164584000,0.19929175,0.201766,-0.074668586
164588000,0.3517413,-0.09991469,-0.29950234
164596000,-0.07775125,0.36745787,0.3201285
164600000,-0.51940626,0.43583363,0.33543655
164604000,-0.7994084,0.119869485,-0.38737178
164608000,-0.64468694,-0.049970396,-0.7506181
164612000,-0.23676103,0.14842114,-0.41821438
164620000,0.45317596,0.20239699,-0.085334174
164628000,0.3821709,-0.64338046,0.16119349
164632000,-0.15217046,-0.73596525,0.30085123
164636000,-0.41017634,-0.21328577,0.044443965
164640000,-0.3230178,0.35128477,0.14404552
164644000,0.03534341,0.5454976,0.41761494
164648000,0.18079981,-0.027447373,0.45846993
164656000,0.25589615,-0.49991006,-0.3594994
164660000,-0.11744402,0.14582759,-0.55482084
164664000,-0.101069435,0.51924115,-0.51683587
164672000,0.19658431,0.3788736,0.5037583
164676000,0.35009736,-0.35917914,0.86628675
164680000,0.006082982,-0.5057988,0.3938197
164684000,-0.6844603,-0.011492252,-0.11635279
164688000,-0.52504075,0.21070407,-0.1655156
164692000,-0.012312904,0.088932484,0.06509719
164696000,0.2807289,0.26906163,0.030350573
164700000,0.44382483,0.12107213,-0.4117602
164704000,0.26485384,-0.63107103,-0.7832936
164712000,0.46958828,0.10458307,-0.073121995
164716000,0.31992972,0.47429204,0.31978458
164720000,-0.2077685,0.045343682,0.6196804
164728000,-0.40677193,-0.4044935,0.36259055
164732000,-0.039106756,-0.19258203,0.14206244
164736000,0.038301922,-0.32923806,0.31524625
164740000,-0.017217543,-0.2194369,0.5945213
164748000,0.21917267,0.4978603,0.23694241
164756000,-0.20085096,0.08794737,-0.78240585
164764000,0.20341936,0.09713583,-0.7723691
164768000,-0.44661456,0.07395867,-0.1591244
164772000,-0.635051,0.12385756,0.072760366
164776000,-0.026665986,-0.11214934,0.20589177
164780000,0.18636583,-0.3338206,0.38535604
164784000,-0.18319106,-0.102580726,0.083888896
164788000,-0.41029972,0.38481647,-0.11521871
164792000,-0.21352188,0.5739901,0.09690776
164800000,-0.18808208,-0.35991442,0.01760745
164804000,0.101820946,-0.5283184,-0.3118741
164808000,0.37542996,-0.27452037,-0.07245622
164812000,0.6874911,-0.021702778,0.36957297
164816000,0.8757207,0.020820428,0.06702648
164820000,0.6943294,0.079495594,-0.7175869
164824000,0.5357182,0.3092829,-1.0518528
164832000,-0.62488276,-0.06628898,0.3680678
164836000,-0.9129185,-0.4229047,0.45550653
164840000,-0.6163765,-0.3632036,0.4971288
164844000,-0.16321482,-0.006367974,0.74288523
164848000,0.6211149,0.3134993,0.5666402
164852000,0.7668524,0.056731246,0.014088064
164856000,-0.025770009,-0.22771312,-0.23439279
164864000,-0.6144084,0.24734077,-0.35553262
164868000,-0.28001267,0.092069946,-0.17347084
164872000,0.3056959,0.40338743,0.3680153
164876000,0.6760016,0.82202756,0.6743779
164880000,0.28287533,0.51407796,0.43087655
164884000,-0.31716293,-0.06698935,-0.17933586
164888000,-0.53731376,-0.6605094,-0.62288666
164896000,-0.20970535,-0.8805538,-0.37054363
164900000,-0.16618839,-0.18823817,-0.05616273
164904000,-0.078073256,0.32446533,0.33208805
164908000,-0.021553624,0.7234726,0.34500587
164912000,-0.001175378,0.5525887,0.20772322
164916000,0.10519915,-0.13194324,-0.14673099
164920000,0.37536174,-0.24335264,-0.5070103
164924000,0.39459917,0.018166095,-0.15170653
164928000,0.055109814,-0.03510761,0.26235595
164932000,0.073282115,-0.20794058,0.043154463
164936000,0.33291894,0.09044583,-0.18284261
164940000,0.29879472,0.5088451,0.052649647
164944000,-0.10315521,0.40343237,0.34423542
164948000,-0.4548427,0.040661864,0.14679244
164952000,-0.33192977,-0.47278398,-0.14560992
164956000,-0.03606887,-0.75081193,-0.13002092
164964000,0.32551396,0.4481149,-0.34302288
164972000,-0.42525813,-0.57537556,0.19428946
164976000,-0.34816727,-0.26817474,0.09613094
164984000,-0.26558426,-0.01991596,0.04972984
164988000,-0.4132778,0.46881288,0.15372874
164992000,-0.04121965,0.6815264,0.25642478
164996000,0.34367254,0.29924092,0.3592949
165004000,0.451405,0.27001753,-0.077025115
165008000,-0.059460044,-0.07725917,-0.18520524
165012000,-0.57757616,-0.23430073,-0.28308782
165016000,-0.52076256,-0.23291968,-0.1383362
165020000,0.042607084,-0.22763044,-0.07562669
165024000,0.3017355,-0.006105468,-0.009777111
165028000,0.17948909,0.06924963,0.36518776
165032000,0.3695268,-0.13118252,0.4401999
165036000,0.55209917,-0.29511014,0.022452042
165040000,0.41811725,-0.17846629,-0.6047587
165044000,0.07960202,0.11338594,-0.8947208
165048000,-0.3335355,0.36481285,-0.37555218
165052000,-0.6144519,0.18745585,0.38743192
165060000,0.14493047,-0.82118917,0.3146597
165064000,0.69921434,-0.993954,0.40702316
165068000,0.5176906,-0.6080573,0.042836294
165072000,0.045600936,0.41012123,-0.4043736
165076000,-0.08927863,1.0290498,-0.39686263
165080000,-0.26545632,0.8574623,-0.15036282
165084000,-0.4146331,0.46822762,0.15864968
165092000,-0.14059916,-0.008059606,-0.13245569
165096000,0.2660709,-0.063177556,-0.30053276
165100000,0.089926444,0.08042304,0.13916555
165108000,0.15340048,0.23498115,0.21976744
165112000,0.40529782,0.11314003,-0.33185712
165116000,0.28067413,-0.33395663,-0.7196111
165120000,-0.012618877,-0.46614587,-0.43803453
165124000,-0.6522847,-0.1728071,0.19567764
165132000,-0.66342515,-0.15302825,0.32655692
165136000,0.076017365,0.3326506,0.14562887
165140000,0.4818995,0.6069827,0.024967924
165148000,-0.02759333,-0.6530892,0.26062295
165152000,0.29925802,-0.5011844,0.13689522
165160000,0.03663981,0.31243867,-0.21144973
165164000,0.3337719,0.31910622,-0.023160972
165172000,-0.045955107,0.025258068,-0.17917666
165176000,-0.29376486,-0.15335065,-0.7470711
165180000,-0.20550035,-0.17163324,-0.41841185
165184000,0.20967439,-0.032475002,0.36378476
165188000,0.47611308,0.051399764,0.34817737
165192000,0.41251314,0.006363854,0.25307548
165196000,0.39874637,0.022010677,0.17264017
165200000,0.45486343,0.015597574,-0.093812734
165204000,0.28004032,-0.038203504,-0.18799049
165212000,-0.65247095,-0.33274725,-0.10167898
165216000,-0.78801596,-0.06216511,-0.48725617
165220000,-0.5219562,0.20673959,-0.6215921
165224000,0.1101709,0.37494504,0.15858328
165228000,0.39274102,0.433816,0.68636584
165236000,-0.54356116,-0.16657509,0.16973421
165244000,0.05778955,-0.15394911,0.022648092
165248000,0.31208912,-0.053933844,0.17045934
165256000,-0.11531091,0.67147976,0.004715838
165260000,-0.083413854,0.46518862,0.035373505
165268000,-0.56301403,-0.31491706,-0.38375282
165276000,0.38049346,0.09981306,-0.26217064
165280000,0.4459163,-0.12214115,-0.10709483
165284000,0.6143049,-0.4660846,0.44220376
165288000,1.0917901,-0.15934525,0.5621199
165296000,-0.44972003,-0.27108172,0.29542246
165300000,-0.78427184,-0.05054155,-0.37386692
165308000,-0.22461596,0.22914606,-0.32105315
165312000,0.3664161,0.04285641,-0.23962715
165316000,0.1463782,0.2228207,-0.11096964
165324000,0.31933826,-0.4748641,0.36596414
165328000,0.33427334,-0.19678146,0.3418502
165332000,0.19011392,-0.18867394,-0.22593516
165336000,0.0968989,-0.08573549,-0.25789893
165340000,-0.18208686,0.28529808,0.03331572
165344000,-0.4083098,0.22887647,-0.28299764
165348000,-0.4345878,0.1926385,-0.6391125
165356000,0.26632026,0.43373686,-0.000961676
165360000,0.25478536,-0.12561736,0.83373815
165364000,0.41960418,-0.74940336,1.0609868
165368000,0.28795192,-0.9270554,0.6734977
165372000,-0.14254299,-0.69057155,0.18513042
165380000,-0.14727539,0.059803233,-0.42209554
165384000,-0.24691348,0.6615695,-0.28970164
165388000,-0.069939636,0.7519429,0.107002735
165396000,0.2109834,0.5514362,0.30398858
165400000,0.257635,0.17042798,0.38145098
165404000,0.24080162,-0.24153212,0.18247998
165408000,-0.21347262,-0.20883214,-0.5281624
165412000,-0.5670418,-0.052037746,-0.48299134
165416000,-0.53553766,0.008566914,0.09815319
165420000,-0.43399993,0.2749406,0.084453434
165424000,0.06099893,0.46230665,-0.33523172
165428000,0.32446477,0.25599796,-0.5743158
165432000,0.090733364,-0.22512376,-0.2884232
165440000,-0.028659124,-0.66127235,0.15922566
165444000,-0.05586629,-0.049144045,-0.07733797
165448000,-0.12257543,0.44152045,0.24443719
165452000,0.12023527,0.07799557,0.6699348
165460000,0.5219295,-0.3095953,-0.4412421
165464000,0.40764758,-0.07012074,-0.6943537
165468000,-0.03890177,0.15515882,-0.7913284
165472000,-0.63661736,0.29712573,-0.5218648
165476000,-0.84598005,0.13511708,0.38388878
165480000,-0.2990879,0.026941568,0.8074559
165484000,0.705173,0.1129908,0.3488295
165488000,1.0692662,0.30032894,0.17326611
165496000,-0.24569821,-0.5829506,-0.07074727
165500000,-0.36221662,-0.40727463,-0.1762169
165508000,-0.40420687,0.46793208,-0.24730359
165512000,-0.18906172,0.47355893,0.06191604
165520000,0.06111108,0.0618959,0.10735054
165524000,-0.41076082,-0.16606678,-0.19779712
165532000,0.61693263,0.33049104,0.33150628
165536000,0.62124884,0.11907227,0.09156839
165540000,0.09836294,-0.38158035,-0.25648338
165544000,-0.20329656,-0.5610772,-0.6085353
165548000,-0.15997252,-0.52176464,-0.5024234
165552000,-0.17671333,-0.25913507,0.09449367
165556000,-0.5215414,0.05099832,0.3998613
165560000,-0.56465614,0.39332205,0.22383374
165564000,-0.036398143,0.6886194,-0.38524333
165568000,0.443965,0.33361465,-0.68613935
165572000,0.3595962,-0.38128817,-0.21379215
165576000,-0.18807314,-0.51428825,0.12521595
165580000,-0.24660358,-0.057200953,0.28635377
165584000,0.21305569,0.35719204,0.5461486
165588000,0.045593336,0.34910715,0.5003075
165592000,-0.28447834,-0.045248352,0.30969802
165600000,0.23085484,0.36114335,-0.0955687
165604000,0.36726817,0.8043947,-0.2772787
165608000,0.32764226,0.36478359,-0.29467833
165612000,-0.004632592,-0.3910181,-0.22527744
165616000,-0.5583289,-0.8451917,-0.31246412
165620000,-0.6615865,-0.89452624,-0.46945184
165624000,-0.2412652,-0.41455823,-0.2063036
165632000,0.5072501,0.24364157,0.37058195
165636000,0.51794875,0.45595115,0.74559754
165640000,0.18561065,0.104455784,0.48327628
165648000,-0.16743675,-0.7538826,-0.13484077
165652000,-0.56977046,0.18025666,-0.4676515
165656000,-0.5630938,0.82425,-0.64058614
165660000,-0.10320888,0.7322902,-0.023854196
165664000,0.4871274,0.19468303,0.5203469
165668000,0.83372784,-0.3321248,0.24066374
165676000,-0.15226555,-0.033789694,0.2366812
165680000,-0.71506226,0.37701678,0.31506202
165688000,-0.06834479,-0.058948252,-0.72234863
165692000,-0.10495618,-0.025136568,-0.1346298
165696000,0.17335859,-0.08054258,0.6363168
165700000,0.7638534,-0.088290215,0.8536319
165704000,0.75202024,-0.21069187,0.51290005
165712000,-0.23713142,-0.24023491,-0.72047734
165716000,-0.26739812,0.23121138,-0.7255921
165720000,0.017159298,0.44141215,-0.09866303
165728000,0.2236178,0.32420903,0.19274299
165732000,-0.23395866,0.23444578,-0.05408127
165736000,-0.30504823,0.24069312,-0.048770476
165744000,0.2927956,-0.18780042,0.102338806
165748000,-0.42580876,0.08303338,-0.28592652
165752000,-0.8568125,0.1100705,-0.29904345
165756000,-0.62341475,-0.28501838,0.021122053
165760000,-0.34233248,-0.3862171,0.41794544
165764000,-0.058824897,-0.3228118,0.8370761
165768000,0.083222896,-0.25076756,0.6085565
165776000,0.6382947,0.3761486,-0.41966033
165780000,0.5218143,0.5512652,-0.16911237
165784000,0.17099619,0.30119282,-0.21780801
165792000,-0.074153885,0.1310322,-0.12830113
165796000,-0.20621851,-0.011313017,-0.02716074
165800000,-0.33622807,-0.48852858,0.17072454
165804000,-0.32719314,-0.6865518,0.15231028
165812000,0.39804035,-0.098613754,-0.26406002
165816000,0.814575,-0.029208604,0.08332018
165820000,0.11962354,-0.013550323,0.3346656
165824000,-0.72200686,0.08158533,-0.03434833
165828000,-0.70547056,0.22130686,-0.50977695
165832000,-0.11957081,0.3526802,-0.49591133
165836000,0.26201665,0.4440956,-0.16124997
165844000,0.020781519,0.33182096,0.3964956
165852000,-0.013632555,-0.16374409,-0.19175036
165856000,-0.1412552,-0.40855145,-0.07212231
165860000,0.20745605,-0.13747603,0.20593908
165864000,0.5823589,0.14723822,0.3403787
165868000,0.43027014,0.2521652,0.23888329
165872000,0.39033926,0.090862855,0.29278108
165876000,0.22351797,-0.12612157,0.13512269
165880000,-0.24442036,0.09148473,-0.060848773
165884000,-0.64303815,0.15278223,-0.096470885
165888000,-0.67707634,-0.21969478,-0.435203
165892000,-0.19445854,-0.22696312,-0.65557486
165896000,0.13492365,-0.106399685,-0.1746852
165900000,-0.05591513,-0.21862341,0.49097478
165904000,-0.22105508,-0.10780916,0.35332248
165908000,0.008546546,-0.088053256,-0.17901057
165916000,0.15174538,-0.31981236,-0.11540392
165920000,0.15308867,-0.12177584,-0.27103096
165924000,0.0362351,0.53854406,-0.24636999
165928000,0.21114424,0.8912187,0.40232056
165936000,0.1781472,-0.03227754,-0.017444849
165944000,-0.5476157,-0.0762095,0.01992628
165948000,-0.60795444,-0.2052056,0.36302716
165952000,-0.34077233,-0.5532331,0.23408441
165956000,0.085279584,-0.063232884,-0.085784145
165964000,0.61018425,0.5093698,-0.09086721
165968000,-0.21470422,0.33971423,0.19503371
165972000,-0.46772832,-0.084662005,0.32923448
165980000,0.35898972,-0.8301496,-0.10823196
165984000,0.33420187,-0.48179328,-0.33632508
165988000,0.29504398,-0.11741055,-0.28878197
165992000,0.087961115,0.22310102,-0.031824708
165996000,-0.13400999,0.54941404,-0.01218335
166000000,-0.22505382,0.4241858,-0.09885234
166004000,-0.19278781,0.19407144,0.038119696
166008000,-0.38090092,0.17784044,0.008608736
166012000,-0.5245857,-0.047567874,-0.08841657
166016000,-0.08465172,-0.14932878,0.22628815
166020000,0.5626701,-0.054634996,0.406344
166024000,0.51766217,0.010842692,-0.038556755
166028000,-0.30743122,0.42807466,-0.40098676
166032000,-0.53850687,0.55106914,-0.26161122
166040000,0.5695487,-0.5713451,-0.10324374
166048000,-0.20472941,0.014187273,0.3843414
166052000,-0.01754561,-0.113946736,0.78909606
166056000,0.08055564,0.12458294,0.45822182
166064000,-0.19372076,0.7148032,-0.46033487
166068000,0.17422923,0.28465655,-0.2830477
166072000,0.18433768,-0.2774017,-0.38145047
166076000,-0.16817619,-0.53970325,-0.76952744
166080000,0.014825329,-0.67562205,-0.7589621
166084000,0.079304375,-0.51724875,-0.12334478
166088000,-0.07467887,-0.17800854,0.446486
166092000,-0.15225792,0.06116509,0.28251982
166096000,-0.37939155,0.33136776,-0.04263019
166100000,-0.2552647,0.6636233,0.035832714
166104000,0.01136034,0.7374928,0.20590083
166108000,0.005152289,0.37596044,0.3891737
166112000,-0.03519488,0.09046237,0.49812892
166116000,0.102792114,-0.12589112,0.16277032
166120000,0.33588037,-0.3879148,-0.11198218
166124000,0.3407511,-0.32783562,0.08279186
166128000,0.1422649,-0.17854986,0.24144882
166132000,0.031295747,0.038151138,0.119091086
166140000,0.038525272,0.055558607,0.17866635
166144000,-0.15500188,-0.25987285,-0.21500541
166152000,-0.2061329,0.44339612,-0.20383051
166160000,0.47047994,-0.24227302,0.22404861
166164000,-0.08628857,-0.6799193,-0.1949177
166172000,0.159594,-0.14483067,-0.2682916
166176000,0.1495604,-0.101486765,0.5501461
166180000,-0.25126562,-0.27146283,0.7074032
166184000,-0.96111965,-0.2662209,0.043683082
166188000,-0.96671724,-0.11878401,-0.40902346
166192000,-0.26104575,0.29793847,-0.11324938
166196000,0.41004422,0.80305725,0.31561458
166200000,0.5810556,0.5604763,0.25769514
166208000,0.684785,-0.33156264,-0.080867045
166216000,0.36652583,-0.15215595,-0.32420224
166220000,-0.3734771,-0.028481461,-0.022902511
166228000,-0.41957468,0.2484973,-0.3141559
166232000,0.029818885,-0.042820748,-0.16699184
166236000,0.39846885,-0.26067588,0.13499027
166240000,0.18458185,-0.13069397,0.20380011
166244000,-0.3980919,0.24558909,0.1467934
166248000,-0.6406377,0.38838157,0.066670604
166252000,-0.3154539,0.25429198,-0.07963975
166260000,0.4992835,-0.3021931,0.20446165
166264000,0.33448875,-0.20048024,0.35438716
166268000,-0.046880946,-0.19340062,-0.052813858
166276000,-0.5656429,-0.2978503,-0.20256764
166280000,0.03129247,-0.48358965,0.101876065
166284000,0.56420976,-0.021476805,0.25299096
166288000,0.5017573,0.28255695,-0.005015116
166292000,0.16591904,0.26565439,-0.3375981
166296000,-0.36983338,0.78219163,0.0831843
166304000,-0.44417813,0.1307647,0.3440513
166308000,0.17273712,-0.40516,0.012534909
166312000,0.33370253,-0.44641104,-0.10812714
166316000,0.055175968,-0.32173753,-0.30393052
166320000,-0.36629924,-0.030415881,-0.37023258
166328000,0.1669288,0.10883472,0.35859767
166336000,0.3872909,-0.46738458,-0.48582268
166340000,0.64065576,-0.26728627,-0.5180313
166344000,0.36149806,-0.28931278,-0.24214712
166348000,-0.22402637,-0.35297647,0.36037254
166356000,-0.28383055,0.45274484,0.56040555
166364000,0.1237825,-0.0677896,0.4903021
166368000,-0.16059391,0.007721007,0.18412775
166372000,-0.032718502,0.25749093,-0.15425712
166376000,0.32320353,0.28481883,-0.45038027
166380000,0.43425712,0.09018634,-0.74136245
166384000,0.022708938,-0.032887027,-0.9780477
166388000,-0.41372278,-0.27440256,-0.8267701
166392000,-0.27461258,-0.48181286,-0.1927672
166400000,0.34684265,0.45059204,0.097240105
166404000,0.31118315,0.36740792,0.10149114
166408000,-0.09855175,0.12596036,0.3898613
166412000,-0.36870402,0.043037836,0.5982455
166416000,-0.008989781,0.030009544,0.094765946
166420000,0.21747635,-0.14498761,-0.55210173
166428000,-0.51893455,0.18855268,0.026618414
166432000,-0.3091532,0.3376614,0.2907098
166436000,0.24396688,-0.10126227,0.5884242
166444000,-0.14043441,0.21122453,-0.09766546
166448000,-0.07619785,-0.051471308,-0.44331864
166456000,0.12498135,-0.8934337,-0.26186007
166460000,-0.08848232,-0.37498218,0.27192396
166464000,0.07751514,0.17650168,0.49381813
166468000,0.20573635,0.07458237,0.3701526
166472000,0.17066549,0.22023377,0.09652364
166476000,-0.0556461,0.5117808,-0.17697515
166480000,-0.32829228,0.13795869,-0.10066913
166484000,-0.34484342,-0.17409548,-0.07351029
166488000,0.005464166,0.2060832,-0.3444489
166492000,0.4329476,0.51426595,-0.5727269
166496000,0.4330931,0.15013845,-0.5072834
166500000,-0.11708936,-0.17908776,0.009739488
166504000,-0.55119896,-0.12672952,0.44565105
166512000,-0.2901764,-0.21916533,0.49337134
166516000,-0.24954152,-0.040719785,0.4712323
166520000,-0.1356506,0.017625254,0.34004453
166524000,0.178323,0.14461827,-0.039033353
166528000,0.471387,0.46699965,-0.55340207
166532000,0.32298058,0.3438736,-0.66005695
166536000,0.13671803,-0.18597157,-0.2972626
166540000,0.12569956,-0.25119984,0.2379252
166544000,-0.03871414,-0.04485543,0.5930584
166548000,-0.39281365,-0.007331051,0.42513657
166552000,-0.44955087,0.4012853,0.0101154
166556000,-0.14359516,0.7137785,-0.27125326
166560000,0.080695994,0.1433504,-0.22444189
166564000,0.06521743,-0.21379068,0.016007759
166568000,-0.19524515,0.035305895,-0.35811707
166572000,-0.30537415,0.11486789,-0.87803984
166576000,0.13132726,-0.22396898,-0.26709956
166580000,0.48488528,-0.5425573,0.7632067
166584000,0.23099755,-0.3777032,0.79209423
166588000,-0.27091864,-0.041517746,0.108872205
166592000,-0.33137837,0.014900266,-0.263605
166600000,0.3169498,0.042063773,0.08142892
166608000,0.40990758,-0.059966758,0.9426767
166616000,0.40379202,0.24647751,-0.3118556
166620000,0.3682829,0.32807702,-0.9627347
166628000,-0.46616605,0.2985376,-0.27469474
166632000,-0.31240863,-0.038392007,0.051036805
166636000,0.10931282,-0.31407782,0.50012535
166640000,-0.005923953,-0.413136,0.5223084
166644000,-0.46985537,-0.29407254,-0.2686237
166648000,-0.41777718,0.1236964,-0.7020317
166652000,-0.033982515,0.1955792,-0.23693128
166656000,0.009880908,0.108857185,0.16381134
166660000,-0.048642583,-0.000590183,0.27385178
166664000,0.25201336,-0.5543123,0.20165022
166672000,0.6038666,-0.17629279,0.03966783
166676000,0.2164055,0.5173175,0.25218463
166680000,-0.05357797,0.8714838,0.02775532
166684000,-0.5903776,0.54318726,-0.14418676
166692000,-0.66770136,0.07935562,-0.4141557
166700000,0.30154604,-0.6106809,0.37380832
166704000,0.079337254,-0.83971655,0.71460545
166712000,-0.38389778,0.121623896,-0.4034454
166716000,-0.054494143,0.41417855,-0.29872388
166720000,0.15220112,0.33234555,-0.47547987
166724000,0.38644886,0.09362658,-0.3811093
166728000,0.5256963,-0.12045523,0.1853867
166736000,0.10742729,0.0572503,-0.016336575
166740000,0.44064903,0.011797745,-0.19715457
166744000,0.2115148,0.02357554,-0.14361754
166748000,-0.51547664,-0.11342357,0.15057626
166756000,0.30418628,-0.00515493,0.022339523
166760000,0.2718919,0.24267125,0.14229184
166764000,0.09430598,0.2727148,0.05231765
166768000,0.3005365,0.057027526,-0.22579956
166776000,-0.13657242,-0.011935759,-0.3217823
166780000,-0.3753091,0.01850375,0.15688197
166784000,0.069163114,-0.032824844,0.42599338
166792000,0.15167844,0.3516093,0.261858
166796000,-0.36491188,0.1411582,0.17684694
166800000,-0.5198565,0.13548218,0.2807745
166804000,-0.08340396,0.1271008,0.39186585
166808000,0.28558618,-0.1063628,0.42251173
166812000,0.07673378,-0.65516657,-0.017383873
166816000,-0.12735784,-0.8877961,-0.32549334
166820000,-0.050814137,-0.3203352,-0.2028667
166828000,-0.4925865,-0.08655743,-0.591484
166832000,-0.19898555,0.19957365,-0.61072886
166836000,0.41258973,0.6410515,-0.42979273
166840000,0.8350859,0.66340464,-0.22069299
166844000,0.50554705,0.38388067,-0.096287794
166848000,-0.13023753,-0.047404096,0.09772034
166852000,-0.37470663,-0.28448814,0.59070116
166856000,-0.27202627,-0.5351282,0.823405
166860000,-0.16761757,-0.677835,0.70747375
166864000,-0.3331857,-0.16564503,0.33259967
166868000,-0.31830558,0.24458829,-0.067209885
166872000,0.08669813,0.16634133,-0.05666884
166876000,0.29269743,-0.21295775,-0.047194928
166880000,0.37223968,-0.3932377,-0.21943595
166884000,0.32603732,0.1345824,-0.0415076
166892000,-0.64764565,0.3528089,0.2532664
166896000,-0.3292534,0.5546629,-0.08807744
166900000,0.29595834,0.46348006,-0.23823178
166908000,0.6882781,-0.85579646,-0.34519175
166912000,0.17551513,-0.4982114,-0.037419602
166916000,-0.43509528,0.16311455,0.4112105
166920000,-0.86990297,0.45040274,0.42463523
166924000,-0.6811515,0.26771542,-0.084500656
166928000,0.14958674,-0.040076606,-0.31477693
166932000,0.54686064,-0.095856324,-0.3568387
166936000,0.39068902,-0.09392725,-0.50236386
166944000,0.100447945,-0.055017363,-0.19929805
166948000,-0.25595337,0.033599988,-0.33047497
166952000,-0.3764506,0.12906834,-0.15709256
166956000,-0.5762779,0.042188577,0.35235223
166960000,-0.3753811,-0.24767335,0.81683254
166968000,0.62553287,-0.042925008,0.09846358
166972000,0.3641969,0.40265307,-0.4643986
166976000,0.054905526,0.27165145,-0.43643886
166980000,-0.27626157,-0.251741,0.025708675
166984000,-0.4315887,-0.10422559,0.56354994
166992000,0.13390855,0.36025697,-0.26922113
167000000,0.3084536,-0.0864477,-0.34346664
167004000,0.7828376,-0.3793937,0.13436252
167008000,0.7478806,-0.3560934,0.010687128
167012000,-0.041199118,-0.033056304,-0.07474092
167016000,-0.8629804,0.30311814,-0.11373519
167020000,-0.71997,0.5463489,-0.26496586
167024000,-0.17863369,0.35402942,-0.051461086
167028000,-0.018851789,-0.34506804,-0.000872145
167032000,0.06840642,-0.6101482,-0.25841376
167036000,0.17844528,-0.055514455,-0.15601306
167040000,0.27198216,0.5331658,0.13960837
167044000,0.3146916,0.56695616,0.38170016
167052000,-0.21444908,-0.77190334,0.6618234
167060000,-0.5192638,-0.505666,-0.22447628
167064000,-0.32531607,-0.08649132,-0.26532206
167068000,0.06769878,0.1376622,-0.36875725
167072000,0.4046522,0.035971608,-0.30570126
167076000,0.6133516,0.20439836,-0.3777066
167080000,0.09961338,0.5688236,-0.12507664
167088000,0.07079728,0.2378116,0.37614274
167092000,0.3481005,-0.11937091,-0.17346606
167096000,0.063528776,-0.30320486,-0.30368924
167100000,-0.2335025,-0.059920266,-0.40436673
167108000,0.054715425,0.51709557,-0.26961464
167112000,0.16338278,0.24532242,0.07549665
167116000,-0.041436583,0.06308582,0.111949645
167120000,-0.2510379,0.11880037,0.078524664
167124000,-0.3524356,-0.23509315,0.14229907
167128000,-0.096780665,-0.52558756,0.24635716
167132000,0.2559144,-0.35688972,0.31577283
167136000,0.30792335,-0.05901152,0.40496394
167144000,-0.10667812,0.42752945,0.4900887
167148000,-0.34963346,0.21651268,0.55094445
167152000,-0.19348419,0.059451398,-0.006879926
167156000,0.11777161,0.20585772,-0.7068501
167160000,0.3599383,0.05400205,-0.6274779
167168000,0.31056097,-0.6398555,-0.42093554
167172000,-0.42629647,-0.44628948,-0.23908995
167176000,-0.9134723,0.12065621,0.49336696
167184000,-0.28960052,-0.029549621,0.1414223
167188000,0.10949295,-0.27870327,-0.45432475
167192000,0.45485562,-0.05899015,-0.6677672
167200000,0.68602204,0.31008872,0.3227859
167204000,0.22725977,0.04555991,0.903543
167208000,-0.03284785,-0.27888146,0.66033816
167212000,0.24513221,-0.59176165,-0.072852895
167216000,0.3746343,-0.23783052,-0.3100108
167220000,-0.15793034,0.26924935,-0.009766705
167228000,-0.8444857,0.32166278,0.20496398
167232000,-0.9183403,-0.020865634,0.5585169
167236000,-0.7840109,0.079595104,0.6042414
167240000,-0.23419707,0.18685521,0.13822353
167248000,0.37316588,0.12430467,-0.70197964
167252000,0.21343651,-0.11046815,-0.48770925
167256000,0.3212275,-0.08499137,0.18532883
167264000,0.6215346,-0.33053288,-0.16974995
167268000,0.34475148,-0.43830094,-0.7633189
167272000,-0.18174447,-0.1976035,-0.7574096
167276000,-0.43806025,0.40916392,0.10696018
167280000,-0.17952278,0.8836339,0.6527531
167284000,-0.19023141,0.6691196,0.29748988
167288000,-0.26134187,0.10149826,-0.1709034
167292000,0.13706312,-0.15175472,-0.20382774
167296000,0.35160688,-0.4549953,-0.24466005
167300000,0.1286416,-0.6577144,-0.43162248
167304000,0.010739062,-0.2604769,-0.069966
167308000,0.2632855,-0.048260514,0.28003135
167316000,0.1649639,0.09911376,0.014909796
167320000,-0.36272535,0.00856816,0.018489316
167324000,-0.119561985,-0.047280155,0.15619664
167328000,0.31637436,0.101415545,0.4698876
167332000,0.4284926,0.15722081,0.47548822
167336000,0.2113156,0.26870054,0.15730801
167340000,0.19807552,-0.000898436,-0.2696382
167344000,0.10939573,-0.6279399,-0.35764828
167348000,-0.3168996,-0.6986058,-0.242902
167352000,-0.40753013,0.066817135,-0.11867593
167356000,-0.42648354,0.5713904,0.2525619
167360000,-0.6155998,0.35690427,0.51402813
167364000,-0.35606873,0.38538787,0.30950004
167368000,0.26341587,0.51638967,-0.09000283
167376000,-0.022260264,-0.47274184,-0.46295905
167380000,-0.40895647,-0.37607288,-0.1734553
167384000,-0.55529094,0.12905917,0.13389985
167392000,-0.23843867,-0.39279243,0.40314138
167396000,0.32558447,-0.2986458,0.11109949
167400000,0.92129034,-0.031023256,-0.18448351
167404000,0.8177354,-0.07694065,-0.21543682
167408000,-0.039313883,-0.09766467,-0.20274505
167412000,-0.82513696,0.34687418,-0.2199868
167416000,-0.6225908,0.75121355,-0.049877513
167420000,0.19367686,0.6942002,0.21684542
167424000,0.42090163,0.16777904,0.190669
167432000,-0.014472388,-1.0264362,-0.016811758
167436000,-0.035899077,-0.5627307,-0.04024677
167440000,-0.13675599,0.09299965,-0.12735994
167444000,-0.33187613,0.5543986,-0.20991808
167448000,0.06798506,0.3373277,-0.03690946
167452000,0.5328475,-0.18302132,0.14914596
167456000,0.37831223,0.063036576,0.336388
167460000,0.39060068,0.4726329,0.4263987
167464000,0.12823972,0.06180963,-0.13186567
167472000,-0.6361922,-0.002192602,0.19154882
167476000,-0.006671146,0.46271327,0.6709632
167480000,0.16269955,0.011910945,0.3625204
167484000,0.36846066,-0.5240512,-0.55800116
167488000,0.18020585,-0.32548475,-0.8978787
167492000,-0.4606951,0.29747722,-0.27905828
167500000,0.06759031,0.25704595,-0.033115566
167504000,0.16079545,0.5221311,0.05374285
167508000,0.056986045,0.79179496,0.064475134
167512000,-0.101496026,0.3030414,-0.29164943
167520000,-0.19068117,-0.555662,-0.035648428
167524000,0.11096011,-0.033995584,0.30672804
167528000,0.51993847,0.32409248,0.43263656
167532000,0.6771192,-0.17214432,0.4211923
167540000,-0.5142871,-0.31338847,0.24505574
167544000,-0.4910372,-0.28918096,0.10293883
167548000,-0.07875255,-0.29699957,0.10248304
167552000,-0.017269425,0.14967416,0.32446527
167556000,-0.15558824,0.4295013,0.3193425
167560000,-0.1138064,0.33216834,-0.25542384
167568000,0.18664965,-0.09672102,-0.14624482
167572000,-0.22555643,-0.10324724,0.1224246
167576000,-0.1655575,-0.26551017,-0.30108327
167580000,0.22943029,-0.3965016,-0.48992646
167588000,0.22691154,0.48203897,0.16561255
167592000,0.009856131,0.29057616,-0.048573673
167596000,-0.09601261,-0.012060098,-0.18823811
167600000,0.064811416,-0.36584336,-0.047757164
167604000,0.41440612,-0.7607765,0.020005547
167608000,0.16924115,-0.423005,0.024999533
167612000,-0.571967,0.19249284,-0.14364111
167616000,-0.7684568,0.44353756,-0.34725308
167624000,0.327419,0.23234178,0.25545833
167628000,-0.06878057,0.080956765,0.37294346
167632000,-0.3409477,0.31945428,0.39911655
167636000,-0.01219099,0.51745677,0.1722011
167640000,0.33839437,-0.087169215,-0.002810754
167644000,0.64204776,-1.0991946,-0.20430365
167652000,0.35947242,0.06981805,-0.066865414
167660000,-0.7663142,0.07928413,0.022264913
167668000,-0.17446285,-0.10394025,0.1804561
167672000,0.032020975,0.021066394,0.22620443
167680000,0.37440613,0.61155236,0.12650585
167684000,-0.07694458,0.100694984,-0.2225623
167692000,-0.16563946,-0.39636692,-0.049646907
167700000,-0.15774032,0.39211756,-0.34703436
167704000,-0.12852545,0.322827,-0.15375617
167708000,-0.19118017,-0.26458743,0.19308168
167716000,0.12330182,-0.15392502,0.5338659
167720000,0.36453792,-0.25952482,0.48621643
167724000,-0.115050465,-0.26418108,-0.24512035
167728000,-0.19734827,0.6104043,-0.8493056
167736000,0.5203691,-0.01265499,-0.34014428
167740000,0.46951455,-0.3450591,-0.00896959
167744000,0.20448984,0.098532096,0.09205364
167752000,0.43214247,-0.52075803,0.35016125
167756000,0.06414738,-0.58728564,0.45376158
167764000,-0.24317606,0.036801293,0.14688757
167768000,-0.5722133,0.13581395,0.0471528
167776000,-0.48850906,0.02402138,-0.22505106
167784000,0.5990033,-0.16519517,-0.35782358
167788000,-0.05926451,0.11866774,-0.7836526
167796000,-0.43011582,0.3084817,0.10326834
167800000,-0.024023712,-0.1238184,0.58644116
167808000,0.5193761,-0.40801048,0.31601852
167812000,0.66560066,-0.36839816,0.5973037
167816000,0.37337014,-0.14646298,0.21913858
167820000,-0.14559606,0.33085334,-0.4390744
167824000,-0.55238795,0.37046102,-0.63246775
167828000,-0.5718061,-0.039022386,-0.027695656
167832000,-0.39566475,-0.09699494,0.5474897
167836000,-0.29149655,0.043885905,0.28554022
167840000,-0.2840261,-0.37068528,-0.13247386
167848000,0.40073347,-0.28618205,-0.05009293
167852000,0.067964286,0.2520657,-0.103057735
167856000,-0.056992948,0.43403286,-0.10267327
167860000,0.37472034,0.362035,0.16285487
167864000,0.6361736,0.18883353,0.44039524
167872000,-0.34156528,0.06468721,0.115551054
167876000,-0.42004526,0.08609237,0.2083918
167880000,0.05934544,0.15334219,0.03179753
167884000,0.13127221,-0.036429524,-0.32838002
167888000,-0.010288157,-0.04340435,-0.43242934
167892000,0.06864922,0.009827592,-0.5154498
167896000,0.08648785,-0.009175414,-0.20751394
167900000,0.01446455,-0.05138828,0.27981514
167904000,0.06048852,-0.42416692,0.28247273
167908000,-0.010218168,-0.5392191,-0.09182077
167912000,-0.24173959,0.047972947,-0.23445757
167916000,-0.12974826,0.57362694,-0.064800955
167920000,0.3283691,0.46821037,0.07171052
167924000,0.3208594,-0.16116178,0.3563689
167932000,-0.027746871,0.0576746,-0.26895115
167936000,0.06451798,0.7311645,-0.39264634
167940000,-0.21689355,0.4298839,-0.20231697
167944000,-0.3793026,-0.37030977,-0.022795819
167948000,-0.07583377,-0.47257763,0.006834712
167952000,0.115550205,-0.28684485,0.07402044
167956000,0.010362089,-0.1951687,0.21833244
167960000,-0.045426868,0.40233207,0.22720008
167964000,-0.09878066,0.7168872,0.059241746
167972000,0.01841639,-0.2647082,0.100308865
167976000,0.1736717,-0.057855442,0.37679616
167980000,0.44636703,0.2252735,0.07478356
167984000,0.63437486,0.016774446,-0.57143575
167992000,-0.21454003,-0.5700275,-0.09046422
168000000,-0.27905744,0.2740009,-0.07745266
168004000,-0.1732373,0.76528966,0.25193584
168008000,-0.16829771,0.29924953,0.57215667
168012000,-0.3340343,-0.4082148,0.45386952
168016000,-0.34367085,-0.5937043,0.156797
168020000,-0.23213652,-0.23147516,-0.41345197
168024000,0.0772971,-0.057075202,-0.8291567
168028000,0.5061586,0.003605455,-0.31904125
168032000,0.37648252,0.38710517,0.43555534
168040000,0.15416802,-0.4665612,0.65049326
168044000,0.06939922,-0.71816456,-0.07686566
168048000,-0.17804512,-0.40669745,-0.8282377
168052000,-0.13104343,0.28321952,-0.41187942
168056000,0.19074616,0.53652626,0.7855819
168064000,-0.25384334,0.47923934,-0.58966875
168068000,-0.31657633,0.3980063,-1.0149779
168072000,0.002626248,-0.055585235,-0.5510994
168076000,0.10312458,-0.32706544,0.06397097
168080000,-0.11008321,-0.013905466,0.6487018
168084000,-0.20315246,0.5516008,0.6790827
168088000,-0.09483552,0.5835985,0.24096434
168092000,0.16408275,-0.13506761,-0.12821837
168096000,0.4214168,-0.62624836,-0.5336245
168100000,0.13592598,-0.5269416,-0.70412445
168104000,-0.1164485,-0.3863486,-0.2846594
168108000,-0.01726257,-0.3197258,0.32153606
168112000,-0.08457797,-0.09101272,0.8139262
168116000,-0.09186754,0.31143337,0.8594468
168120000,-0.24042621,0.27918926,0.43827295
168128000,-0.33439744,0.5542151,-0.4312744
168132000,-0.08487053,0.5304494,-0.20350017
168136000,0.22946683,0.14318274,0.22980994
168140000,0.59522545,-0.21374793,-0.035911247
168148000,-0.13464841,-0.8163861,-0.7956008
168152000,-0.17530628,-0.40383106,-0.40600675
168156000,0.19507998,0.3028518,-0.1694333
168164000,0.2806763,0.3096909,0.31908566
168168000,-0.061342537,-0.15038487,0.3357459
168176000,-0.9881437,-0.21081084,0.065682665
168180000,-0.50673485,-0.18551724,0.23682755
168184000,0.311197,-0.1359477,0.041960895
168192000,0.49901175,-0.40172654,0.22619945
168196000,0.3825471,0.096734256,0.22487724
168200000,-0.14082319,0.36953467,0.24511592
168208000,-0.15467247,0.36600962,-0.21036255
168216000,0.26006177,-0.5776483,-0.39668578
168220000,0.57556075,-0.4814319,-0.21643701
168224000,0.36225563,-0.110029325,0.050179265
168232000,-0.24833776,0.5412,0.5028226
168240000,-0.42941928,-0.005646762,0.50777555
168244000,-0.37929618,-0.15809466,-0.28645965
168252000,0.18691066,-0.35106868,-0.28151676
168256000,0.2906205,-0.3091951,-0.15265056
168260000,0.32048234,0.019261263,-0.13157515
168264000,0.46270278,0.29543304,0.08060433
168268000,0.31404656,0.3330732,0.11378925
168272000,-0.12112473,0.27014866,0.20935906
168280000,-0.4364563,-0.47233158,-0.38308483
168288000,-0.26791483,0.31032488,-0.10134727
168292000,-0.28020453,0.35382175,-0.13031329
168296000,0.05188385,0.23561591,-0.032371394
168300000,0.61138654,-0.009724576,0.35223272
168304000,0.3891219,-0.46560985,0.49657574
168308000,0.061899744,-0.3451544,0.2344603
168312000,0.38358837,0.23451588,-0.14072132
168316000,0.42924887,0.11041031,-0.23790093
168324000,-0.26681262,0.06941491,0.016381437
168328000,0.16437541,-0.07140297,-0.07715481
168332000,0.2565177,-0.08569706,-0.15924181
168336000,-0.3755085,0.2241826,0.23872826
168340000,-0.6908511,0.20786336,0.6076186
168344000,-0.38723087,0.1313391,0.28204817
168348000,-0.005629614,0.35283875,-0.32674286
168352000,-0.023869079,0.23710582,-0.68586814
168356000,-0.111060694,0.08608314,-0.49291354
168360000,0.05388184,0.28640735,0.000670731
168364000,-0.22275963,-0.04649052,0.14164683
168368000,-0.6144322,-0.46335062,-0.0498263
168372000,-0.4523046,-0.46917468,-0.2991254
168380000,0.85434705,-0.3327431,-0.021150142
168384000,0.6034075,0.15260078,0.12162216
168392000,0.21032396,-0.018089302,0.21855451
168396000,-0.18825978,-0.14488004,0.24127142
168400000,-0.6359973,-0.033089895,0.08026457
168404000,-0.59757304,0.29726237,-0.086296156
168408000,-0.13880572,0.4372507,0.007152453
168412000,0.31671748,0.07504069,0.05498732
168416000,0.63233006,-0.14345671,-0.08983838
168420000,0.47390568,-0.118133835,-0.24661851
168424000,-0.023173526,-0.14285159,-0.37911022
168428000,-0.17073667,-0.045101836,-0.08297641
168432000,0.0445397,-0.20366406,0.30665088
168436000,0.17731683,-0.5100578,0.19345748
168440000,0.17338374,-0.54338133,0.259738
168444000,0.32159775,-0.35156843,0.47618425
168448000,0.40693483,-0.044847652,0.18067755
168456000,-0.34914282,0.62855446,-0.425419
168460000,-0.51736534,0.7545085,-0.2708016
168464000,-0.515544,0.478757,0.233044
168468000,-0.53555644,0.07117282,0.45783985
168472000,-0.3805325,-0.3487087,0.22402492
168476000,0.06279844,-0.38429552,-0.15006828
168484000,0.6488091,0.2208665,0.13136877
168488000,0.038639605,0.07943711,-0.1493906
168492000,-0.22292946,-0.14296289,-0.4509922
168496000,-0.22102655,-0.18541177,-0.13080819
168500000,-0.18711403,-0.110193655,0.14240873
168504000,-0.09021248,-0.08133809,-0.057227105
168508000,0.009191237,-0.09666434,-0.062721044
168512000,0.084809214,0.1516066,0.3245058
168516000,0.33989075,0.41085306,0.39310125
168520000,0.5653999,0.2653355,0.03684354
168524000,0.14005716,0.1929408,-0.10189435
168528000,-0.5202129,0.34911,-0.03362357
168532000,-0.63362104,0.34234506,0.009629983
168540000,-0.15625314,-0.83001304,0.65424913
168544000,-0.000860333,-0.7374971,-0.17410982
168548000,0.68744427,-0.21153906,-0.81815565
168552000,0.8972716,0.28628778,-0.6558132
168556000,0.32628876,0.39531028,-0.33723822
168560000,0.06707454,0.22997913,-0.22970206
168564000,0.17445125,0.1445833,-0.23456578
168568000,-0.22002378,-0.20643868,-0.007358104
168572000,-0.9623952,-0.4437184,0.19413003
168576000,-1.0037619,0.0685696,0.15168038
168580000,-0.38467062,0.5123897,0.12261017
168584000,0.19131917,0.7169622,0.101509616
168588000,0.39977154,0.54440564,0.14657076
168596000,0.45488068,-0.38280278,0.21517509
168600000,-0.07969405,-0.57941824,0.24525736
168604000,-0.4340241,-0.50620025,0.06676516
168612000,-0.40188473,0.6314053,-0.08045258
168616000,-0.05850193,0.49320355,-0.008178778
168620000,0.08893294,0.39285213,-0.3406344
168628000,0.14918298,-0.38882604,-0.6272607
168632000,0.16371374,-0.68487376,-0.350914
168640000,-0.09805987,-0.13308202,0.055362307
168648000,-0.07521643,0.15409128,1.2615323
168656000,0.35680994,-0.18426901,0.65119374
168660000,0.4041186,-0.074915454,-0.11327794
168664000,0.070058644,-0.21425468,-0.5044916
168668000,-0.12945008,-0.53316027,-0.3772908
168672000,0.37312582,-0.50485367,0.11750026
168676000,0.75395656,0.00582397,0.19303207
168680000,0.30953917,0.43329552,-0.034976505
168684000,-0.21275274,0.06949863,0.060562596
168688000,-0.33034128,-0.47501564,-0.097281925
168692000,-0.15687624,-0.24284667,-0.21727024
168696000,0.16371179,0.30023852,0.1657825
168700000,0.020670258,0.44415462,0.441952
168704000,-0.5283809,0.379777,0.37524453
168708000,-0.66152376,0.43024722,-0.054754645
168716000,-0.3255099,0.32098702,-0.7834655
168720000,-0.22465765,0.15506983,-0.3791715
168724000,0.068311766,-0.04950948,0.1489362
168728000,0.41865346,-0.18594037,0.47535303
168732000,0.08960068,-0.470615,0.1714163
168736000,-0.11485972,-0.16254255,-0.4520113
168740000,0.3241459,0.2756003,-0.43356374
168744000,0.4885859,-0.21915098,-0.14385241
168748000,0.20979653,-0.70529443,0.11531678
168752000,-0.056282513,-0.61155546,0.66185033
168756000,-0.109652326,-0.31193987,0.7944493
168760000,-0.14856817,0.08213286,0.15227245
168764000,-0.03593557,0.37771955,-0.48184234
168768000,0.41407195,0.28455287,-0.63376653
168772000,0.73870987,-0.027251914,-0.43353003
168776000,0.7247198,0.12716031,-0.08384952
168780000,0.14178447,0.57573116,0.17912203
168784000,-0.7145543,0.4871655,0.2301229
168788000,-0.84827113,0.1884946,0.13253169
168792000,-0.471192,0.035823222,0.026523657
168796000,-0.15727866,-0.2712378,0.06855793
168800000,-0.107475474,-0.34461176,-0.059121616
168808000,-0.048293494,-0.34676653,0.2816378
168812000,0.44500732,-0.35371885,0.27089575
168816000,0.5709169,-0.008234784,-0.18664184
168820000,0.46429422,-0.14549541,-0.48970744
168824000,0.25026092,-0.13765563,-0.13887484
168828000,-0.006489966,0.53821427,0.475991
168832000,0.08215388,0.55505544,0.4575513
168836000,0.1521818,-0.033287182,0.21563753
168844000,-0.46333086,-0.15030064,0.017312538
168852000,-0.04847963,-0.49081308,-0.26146752
168856000,0.29853693,-0.076346785,0.12361217
168864000,0.09142791,0.2635063,-0.27313408
168868000,-0.12800826,0.58345616,-0.48660278
168876000,-0.15163167,0.2614528,-0.16198273
168880000,-0.5937629,-0.041682042,0.3773306
168884000,-0.6235639,-0.18679523,0.5053392
168888000,-0.3365403,-0.25263998,0.21983781
168892000,0.26213345,-0.4434912,-0.2572273
168900000,0.12548813,0.100910276,0.053968027
168904000,0.113750644,0.521985,0.46834767
168908000,-0.08932471,0.53457195,0.16833809
168912000,-0.41748196,-0.19574803,-0.2235612
168916000,-0.37680674,-0.9969383,-0.10114085
168924000,0.60219264,0.10824552,0.5432927
168928000,0.41076347,0.77978784,0.10273385
168932000,-0.12340911,0.8766106,-0.5136294
168940000,-0.32773668,0.1120586,-0.113892496
168944000,-0.35627538,-0.0916394,0.3026745
168948000,-0.26577345,-0.15580904,0.7888619
168952000,0.08943319,-0.036209717,0.42866465
168956000,0.47263736,0.1226063,-0.418013
168960000,0.3881743,0.005447656,-0.60933286
168964000,0.105923586,-0.1955187,-0.67701775
168968000,0.029504955,-0.18521883,-0.8872224
168972000,0.34161973,-0.13831443,-0.6883848
168976000,0.36492682,-0.15880187,-0.05364853
168980000,-0.2475907,-0.06348517,0.38194147
168984000,-0.68159646,0.26149824,0.41871005
168988000,-0.4523276,0.10072694,0.474181
168996000,0.38810262,-0.27560708,0.27801126
169000000,0.28740853,-0.04352472,-0.02655992
169004000,0.005313277,-0.14697137,-0.030963559
169012000,0.025701463,-0.16626683,-0.04078401
169016000,-0.3869506,0.05179756,-0.09597561
169020000,-0.7245497,0.23410873,0.16777013
169024000,-0.38984507,0.21086335,0.11071633
169028000,0.014008423,0.045804918,-0.5292021
169032000,0.17357275,-0.11617328,-0.841555
169036000,0.37247276,-0.28734082,-0.43177646
169044000,-0.26337874,0.15391481,0.4217732
169048000,-0.52188843,0.48180348,0.5083187
169052000,-0.3948868,0.5679458,0.038717836
169056000,0.13239263,0.4651864,-0.26592842
169060000,0.41024232,0.2591538,-0.026562206
169064000,0.0841842,0.04289556,0.2864632
169072000,0.2762339,-0.5050956,0.34425473
169076000,0.19090426,-0.6331565,0.23402143
169080000,0.4502998,-0.5442771,0.18900603
169088000,-0.07748684,0.3901907,-0.8863838
169092000,-0.8668608,-0.03759788,-0.21135202
169096000,-0.81617093,-0.5041726,0.56399065
169100000,-0.016513884,0.06289855,0.22013053
169104000,0.7325757,0.7244759,-0.23155373
169108000,0.7217482,0.35347754,-0.114383
169112000,0.17358212,-0.13312419,0.07797158
169116000,-0.50147134,-0.16944917,0.44467828
169124000,0.10192652,-0.015226254,0.49935576
169132000,-0.50557745,0.04145836,0.32600284
169136000,-0.26498526,0.20621762,-0.45517635
169140000,0.25790277,0.1302166,-1.0302713
169144000,0.36477757,0.18660408,-1.125634
169148000,-0.013233483,0.0948262,-0.45117423
169156000,0.033472534,-0.014095239,-0.039160095
169160000,0.08526791,0.440223,-0.30490503
169164000,0.20075107,0.4830181,-0.1768554
169168000,0.2677899,0.23254156,0.08695906
169172000,0.22025111,-0.1693823,0.27470687
169176000,0.21467356,-1.0671004,0.4639712
169180000,0.20620333,-1.2095499,0.51435745
169184000,-0.1609136,-0.24527758,0.2666519
169188000,-0.58413595,0.30991882,-0.16730654
169192000,-0.31295246,0.29404327,-0.22290096
169200000,0.3078327,0.31562763,0.27761927
169204000,0.102484286,0.511514,-0.008237526
169208000,-0.041412473,0.3829923,-0.44408777
169212000,-0.21102287,0.19786015,-0.30923477
169216000,-0.1784143,0.086813316,-0.1971306
169220000,0.013565727,-0.0431268,-0.21970083
169224000,-0.15047511,-0.28456482,0.17823419
169228000,-0.24789464,-0.5684394,0.59209317
169232000,0.04538712,-0.2690275,0.5499642
169236000,0.38993403,0.41692108,0.28676394
169240000,0.5868898,0.56023604,0.09073135
169244000,0.22533312,0.31019846,-0.14537959
169248000,-0.09735034,-0.13954902,-0.2017475
169252000,-0.06321471,-0.68715245,-0.24745731
169256000,-0.42123348,-0.8914621,-0.32373932
169260000,-0.6835184,-0.76356363,-0.04559329
169264000,-0.4543848,-0.3697313,0.26754355
169268000,-0.16997126,0.19153465,0.19689822
169272000,0.3351007,0.27549803,-0.085200556
169276000,0.587442,0.08885836,-0.08792734
169280000,0.43456706,0.10587018,-0.001690894
169284000,0.6324834,-0.09085034,-0.111085765
169292000,-0.14896406,0.23837018,0.067462035
169296000,-0.769815,0.12241356,0.0492139
169300000,-0.49421987,-0.09900282,0.20676818
169304000,0.057276458,-0.019264989,-0.08751297
169308000,-0.001490116,0.29357597,-0.46627894
169312000,-0.3672242,0.36203915,-0.35100496
169316000,-0.11144672,-0.1759238,-0.353387
169320000,0.78567827,-0.54252636,-0.21980911
169324000,1.0755141,-0.3688869,0.24760655
169328000,0.44391784,0.05825533,0.5078449
169332000,-0.29669636,0.4972556,0.53950405
169336000,-0.41035894,0.6396532,0.31279218
169340000,-0.06083995,0.43439758,-0.26103258
169344000,-0.21742918,0.4238437,-0.5346889
169352000,-0.000157848,-0.36396164,0.4179382
169356000,-0.05515466,-1.019057,0.12909888
169360000,-0.022002526,-0.5354521,-0.36300117
169364000,-0.048100956,0.3679711,-0.17327248
169372000,-0.03399784,-0.16989248,0.067597926
169376000,-0.03209261,-0.3966397,-0.11923005
169380000,-0.08167517,-0.2768646,-0.011741485
169384000,0.03735059,-0.1477822,0.18555158
169388000,0.16329287,-0.13538043,-0.001494154
169396000,0.191959,-0.32130682,0.070783526
169400000,-0.17482403,-0.05357781,0.31290498
169408000,-0.14903353,0.66968656,-0.18837383
169412000,-0.36454538,0.5578965,-0.49544144
169420000,0.32752967,0.34475383,0.05080101
169424000,0.3134971,0.51863927,0.31574026
169428000,-0.024089962,-0.042696908,0.38989627
169432000,-0.1857609,-0.8015197,0.3953001
169436000,-0.36813813,-0.7502349,0.21376774
169440000,-0.6827213,-0.2541141,-0.19484413
169448000,-0.033908203,0.39269805,-0.010775232
169456000,0.6800801,0.4549739,-0.24653417
169460000,0.040009722,-0.032165736,-0.11387488
169464000,0.071653485,-0.5774209,0.22062229
169468000,0.6081584,-0.6905934,-0.032802843
169476000,0.54274195,0.12451232,-0.06775728
169484000,-1.0816216,0.28896362,0.3090327
169488000,-1.1938679,0.05127672,0.06369977
169492000,-0.60092413,-0.37238708,-0.26678342
169496000,-0.08450326,-0.5572205,-0.500736
169504000,0.24309012,0.7014443,0.38443813
169508000,0.071851,0.8960904,0.41114867
169516000,-0.34139714,-0.48092866,-0.092838645
169520000,0.046931654,-0.85697955,0.24431464
169528000,1.127131,-0.42731202,-0.4000889
169532000,0.6900157,-0.23549432,-0.7791232
169540000,-0.32754254,0.51359206,0.20240828
169544000,-0.045703948,0.4032405,0.12947038
169548000,-0.43014386,0.1658342,-0.09470805
169552000,-0.65625274,0.15048563,0.18348065
169556000,-0.3402242,0.581028,0.016389757
169560000,-0.10365099,0.7451132,-0.27185583
169564000,-0.048115484,0.12139067,0.25304908
169568000,0.086373396,-0.5591408,0.6815562
169576000,0.4186594,-0.28154933,-0.08931908
169580000,-0.31890404,-0.6114841,-0.5021755
169584000,-0.4467137,-0.90934455,-0.31622073
169588000,0.033460215,-0.57399917,-0.012752548
169592000,0.32583243,0.22961429,0.119780384
169596000,0.42002937,0.9012597,0.094754174
169600000,0.46140325,0.7412602,-0.15950058
169604000,0.11279369,0.37005424,-0.17250675
169612000,-0.012832865,0.4007712,-0.18115142
169616000,0.38860002,-0.07678947,-0.519381
169620000,0.002496719,0.00095132,-0.31739497
169624000,-0.37879765,0.07488093,0.03576003
169632000,0.3113144,0.053848445,0.550231
169636000,0.14635697,-0.43601942,0.13811603
169640000,-0.24176322,-0.6175229,-0.296917
169644000,-0.5386293,-0.54261565,-0.45645946
169648000,-0.44478527,-0.39016867,-0.12254184
169652000,-0.051821277,-0.17092836,0.2055538
169656000,0.26489767,0.14556831,0.33036256
169660000,0.45712015,0.21354061,0.068751365
169668000,-0.38088822,-0.6755417,0.20057257
169672000,-0.16914569,-0.15097369,0.24952888
169676000,0.21351083,0.7421178,-0.15449563
169680000,0.19269702,0.66297054,-0.25884998
169684000,0.15918827,0.028854176,-0.0625767
169688000,0.006673023,-0.18140608,0.074053295
169692000,-0.38818198,-0.007491112,0.15933624
169696000,-0.64791393,0.2308933,0.1709214
169700000,-0.47041726,0.07828373,0.017814584
169704000,0.08575483,-0.40986073,-0.26784188
169712000,0.117227875,-0.51273,-0.23066597
169716000,-0.06659755,-0.23964621,0.02711405
169724000,-0.02820467,1.0019346,0.5396011
169728000,0.34824795,0.9075203,0.3800364
169732000,0.36840817,0.7208766,-0.2954259
169740000,-0.10275256,-0.62099355,-0.14530054
169748000,-0.28898704,-0.37229025,0.06992563
169752000,-0.034896392,-0.22123909,-0.025930531
169756000,0.29712597,-0.3322989,-0.27239817
169760000,0.6328309,-0.15793516,-0.10914949
169764000,0.33719823,0.27945232,0.2989839
169768000,-0.2982466,0.41416413,0.75633734
169772000,-0.36073017,-0.09159725,0.5278325
169780000,-0.41279516,-0.4027581,-0.35210478
169784000,-0.21302018,0.29274517,-0.32670334
169792000,0.22382128,0.62177676,0.08910487
169796000,0.32419375,0.49714565,-0.31944788
169800000,0.36228657,0.14438286,-0.23617813
169808000,-0.22701374,-0.24531925,0.29890427
169812000,-0.010461509,0.092295855,-0.14541861
169816000,0.12091854,0.034236938,-0.36884156
169820000,-0.11815278,-0.07047084,-0.39293855
169824000,-0.17173983,-0.42214105,-0.27215344
169828000,0.07105683,-0.78763944,0.10846889
169832000,-0.005684614,-0.3795265,0.5435437
169836000,-0.18456332,0.076441765,0.7883225
169844000,0.086918615,0.3102387,-0.08940959
169848000,-0.009482548,0.2975135,-0.6717769
169852000,0.21802865,-0.094307095,-0.38168308
169856000,0.46843407,-0.25972044,-0.043577135
169860000,0.31696832,0.15755633,0.02645085
169864000,0.0420521,0.68730754,-0.09124939
169868000,-0.10781099,0.5496036,-0.30663037
169872000,-0.18423665,0.17285602,-0.16882083
169880000,-0.26210374,0.16795592,0.17185612
169884000,0.23601164,-0.23381995,-0.21064444
169888000,0.6702834,-0.4185598,0.029527262
169892000,0.16768934,-0.25349396,0.7306118
169896000,-0.7097631,0.06067404,0.48032328
169900000,-0.61525226,0.41182974,-0.22621492
169904000,0.04083325,0.07846416,-0.15386061
169908000,0.24040279,-0.86269444,0.13175583
169912000,-0.08082559,-0.83839226,-0.21701716
169916000,-0.450471,0.16323996,-0.6413703
169920000,-0.60220635,0.607431,-0.5707622
169928000,-0.36910933,0.17658456,0.8446319
169932000,0.27170032,0.33523136,0.91825426
169940000,0.53485465,-0.5369909,-0.343417
169944000,0.20931067,-0.07832427,-0.16072255
169948000,0.22813365,0.36881793,-0.052371897
169952000,0.11528961,0.08828582,-0.24871624
169956000,0.28553426,-0.36003947,-0.48883188
169960000,0.4293819,0.10492936,-0.355079
169964000,-0.009852976,0.5353354,0.14143048
169968000,-0.19817168,0.11145648,0.42130837
169972000,-0.1275854,-0.26573122,0.3343269
169976000,0.021182805,-0.2097517,-0.117305934
169980000,0.003732096,0.025493346,-0.28433457
169988000,-0.12657663,-0.09412044,0.033832893
169992000,-0.11625545,0.26069146,0.6228306
169996000,-0.23802829,0.5967236,0.95731777
170000000,0.008070499,0.37803817,0.28939036
170004000,0.31122568,0.003392257,-0.41081616
170012000,-0.29686204,-0.7030341,-0.5596474
170016000,-0.18000978,-0.78084993,0.19111863
170020000,0.074078016,-0.22292937,0.58360547
170028000,-0.030487098,0.41547412,-0.48293227
170032000,-0.010488495,0.3436099,-0.6033718
170036000,-0.12563859,0.47775012,-0.30693823
170040000,0.22776853,0.7627644,0.039394557
170048000,0.5698163,-0.23893717,0.25546247
170056000,-0.21021065,-0.8678647,0.11218971
170060000,-0.19965771,-0.558353,-0.76837593
170064000,-0.33913195,-0.18969902,-0.49193722
170068000,-0.31847188,-0.09942001,0.3176468
170072000,-0.14157058,0.030356199,0.5280787
170076000,-0.23727845,0.23607697,0.08161129
170084000,0.21225485,0.31583914,-0.24389704
170088000,0.14767638,0.06885171,0.217209
170092000,-0.025018655,-0.10492778,0.31961185
170096000,0.071089,-0.19119439,-0.34934577
170100000,0.21973626,-0.44252312,-0.45287263
170104000,0.21890935,-0.5213196,0.08669858
170108000,0.16439655,-0.25981805,0.62317395
170116000,-0.19972734,0.11959883,0.33141205
170124000,-0.56192756,0.046304256,-0.6853221
170132000,0.39216885,0.7907692,0.3892513
170136000,0.94995373,0.8164298,0.064072356
170140000,0.9390027,0.25596038,-0.48278055
170144000,0.4102713,-0.11800097,-0.072613984
170148000,-0.19505024,-0.13064244,0.43147138
170156000,-0.71244085,-0.41386938,-0.117880866
170160000,-0.27664557,-0.5535138,-0.18045442
170164000,0.30429262,-0.56852597,-0.008659415
170168000,0.21140584,-0.18013154,-0.12654135
170172000,-0.2274742,0.3678289,-0.51743144
170176000,-0.38076445,0.45693892,-0.40137053
170180000,-0.4036239,0.13573554,0.4794482
170184000,-0.13081017,-0.27817458,0.9226654
170192000,0.19072485,0.61630183,-0.17302898
170200000,0.21434405,0.03671646,-0.39940488
170204000,-0.05434744,-0.28097886,0.18324529
170208000,-0.5055307,-0.66824603,0.21999173
170212000,-0.5927869,-0.8393587,0.015787818
170216000,-0.4653582,-0.35975927,0.13522233
170220000,-0.096307874,0.11170247,0.005826607
170224000,0.4537491,0.6657578,-0.2788434
170228000,1.0101504,0.71408564,-0.31888935
170232000,0.92398155,0.053618044,-0.25634396
170236000,0.040770233,-0.08989863,-0.3407973
170244000,-0.32788962,-0.22910494,-0.29758856
170248000,-0.09556167,0.26216674,0.051136456
170256000,-0.6757452,-0.33028078,0.64452606
170260000,-0.66398114,-0.588648,0.505075
170264000,0.25909877,-0.33255258,0.02255416
170268000,0.7163591,0.10373792,-0.14014396
170272000,0.5236454,0.38724038,0.16501155
170276000,0.36411095,0.2314066,0.51009256
170280000,0.08840407,-0.13397744,0.38650167
170284000,-0.081639364,-0.42574176,-0.21671225
170288000,-0.025046553,-0.53541493,-0.45820644
170292000,-0.15393616,-0.27663714,-0.2981434
170296000,-0.5587809,0.23375697,-0.007229276
170304000,-0.26541096,0.01465172,0.39438042
170308000,-0.26282585,0.12753308,0.023334831
170312000,0.010445096,0.20419039,0.09088472
170316000,0.44890666,0.07239005,0.14342666
170320000,0.4635914,-0.37817425,-0.19554581
170324000,0.2604184,-0.6994233,-0.30586952
170332000,0.2715304,0.46824062,-0.5087097
170336000,0.12508017,0.68708867,0.23511949
170340000,-0.077694654,0.32692504,1.0798926
170344000,-0.24385217,0.19091749,0.89663786
170352000,0.08371824,-0.20071596,-0.4507862
170356000,0.58940804,-0.19807771,-0.71558166
170360000,0.37153208,-0.014515027,-0.64198804
170364000,0.070371725,0.038969338,-0.15444326
170368000,0.11100103,0.09017594,0.2548962
170376000,0.27554154,-0.32742402,-0.06485507
170380000,0.18981856,-0.14165296,-0.11294198
170384000,-0.28176224,0.1719543,0.22600359
170388000,-0.4200675,0.3240744,0.32659444
170392000,-0.43165678,0.20883918,0.07881376
170396000,-0.64087933,-0.18022463,-0.04327451
170400000,-0.32257837,-0.40693712,-0.27681774
170404000,0.48071393,0.10658668,-0.56384945
170408000,0.99555594,0.7041394,-0.4499254
170416000,-0.2977628,-0.32426837,0.046900485
170424000,-0.769333,0.124197274,0.09781842
170428000,-0.121100225,0.2135382,-0.11652221
170432000,0.41546443,-0.034997873,0.035969198
170436000,0.34931618,-0.08316149,-0.03003849
170440000,0.23427916,-0.19632722,0.09927495
170444000,0.26516333,-0.33261418,0.29808015
170448000,0.20790124,-0.44816974,0.1189843
170456000,0.10546096,0.16891994,0.115125135
170464000,-0.731662,0.07644016,-0.37309313
170468000,-0.6529784,0.16957588,-0.49869257
170472000,-0.51284295,0.5799353,-0.008373722
170476000,0.17109904,0.7223382,0.39050502
170484000,0.58297825,-0.19928,0.43474323
170488000,0.38817975,-0.7114969,0.3158155
170496000,-0.23840708,0.15407404,-0.3613873
170500000,-0.11890464,0.30954966,-0.23992556
170508000,-0.111798696,0.111087345,-0.26266608
170512000,-0.3350134,-0.06048494,-0.44937345
170516000,-0.18607984,-0.283185,0.04367785
170520000,-0.060707837,-0.43247473,0.442712
170524000,-0.07573294,-0.041447744,0.3773205
170532000,0.15914363,0.3714831,-0.37953842
170536000,0.064953685,-0.12567957,-0.60518193
170540000,-0.4486947,-0.3738001,-0.5743524
170544000,-0.8672247,-0.40736023,-0.5861315
170552000,0.35766476,0.012356825,0.35907018
170556000,0.57118475,0.052637033,0.59151655
170564000,-0.1046253,0.6043654,0.27245933
170572000,0.39685857,-0.4164229,0.5907496
170576000,1.1417584,-0.7733551,0.15625551
170580000,0.9723712,-0.5467359,-0.40808028
170584000,0.11479159,-0.16125476,-0.7921166
170592000,0.009326073,0.09437366,-0.16435255
170596000,-0.47458786,0.25133365,-0.14862771
170600000,-0.8131745,0.17750922,-0.08734368
170604000,-0.8245591,0.145398,0.43185169
170608000,-0.5079439,-0.001456205,0.5196768
170612000,0.12319273,-0.1846227,0.25497016
170620000,-0.16123495,0.43430495,0.49921453
170624000,0.4488642,-0.03701678,0.25419462
170628000,1.0469606,-0.5142079,-0.16504261
170632000,0.524761,-0.42527682,-0.42417827
170636000,-0.26293677,0.17185988,-0.15466785
170640000,-0.1716002,0.5587144,0.010922506
170644000,0.23772828,0.20415299,-0.20864731
170648000,0.46326,-0.19042754,-0.37902844
170652000,0.43375614,-0.071170315,-0.19485807
170656000,0.25101876,-0.12705757,-0.10357692
170660000,0.15538156,-0.36411107,-0.46968037
170664000,-0.39271832,-0.10279228,-0.34756452
170672000,-0.16455258,0.5078296,0.7168038
170676000,0.33567357,0.09964044,-0.090734705
170680000,0.32026544,-0.19884296,-0.4095999
170684000,0.12439087,-0.05086825,0.16478822
170688000,0.12903273,0.30464858,0.6285367
170692000,0.5169311,0.32603812,0.30300316
170700000,0.16675667,-0.001996145,-0.11012435
170704000,-0.29303727,0.2631829,0.40952343
170708000,-0.001625836,0.18672761,0.32332313
170712000,0.020458505,-0.35521096,0.1642559
170716000,-0.096500084,-0.7178241,-0.034546737
170720000,-0.07657541,-0.36147374,-0.40624437
170728000,0.17430289,0.5893451,-0.14369917
170732000,0.49384558,0.33232218,-0.089865476
170736000,0.35825956,-0.21567611,-0.18169503
170740000,-0.020173237,-0.5508034,-0.072175644
170744000,-0.24580458,-0.27964607,-0.036721908
170748000,-0.15635136,-0.006059479,0.028562434
170756000,0.4245655,-0.37627596,0.20205875
170760000,0.2582408,-0.3476584,-0.113349944
170764000,0.09723371,-0.1357704,-0.20560294
170772000,-0.3779498,0.5891505,0.23341614
170776000,-0.51186824,0.5030298,0.58576304
170780000,-0.30771542,-0.089011416,0.5125309
170788000,0.26411402,-0.36156267,-0.3248784
170792000,0.000623018,0.17257501,-0.31040433
170800000,-0.078028284,0.2842132,-0.32945734
170808000,0.39283398,0.70099247,0.3459788
170812000,0.18946068,-0.16879377,0.10164419
170816000,-0.104173295,-0.56186116,-0.023825102
170824000,0.08024449,0.07800989,0.192258
170828000,-0.21889931,0.027216583,-0.17925738
170832000,-0.42292184,-0.11382882,-0.30963695
170836000,-0.038705096,0.08969022,-0.30936566
170844000,0.6358,0.3907137,0.1853713
170852000,0.088607624,-0.003667198,-0.315093
170860000,-0.23624209,-0.36013806,-0.11989431
170864000,-0.22689492,-0.31547716,0.27894223
170868000,-0.2664189,-0.032201305,0.35330856
170876000,0.36059374,0.12904172,0.2792961
170884000,-0.019167706,0.28570238,-0.29973745
170888000,-0.41634014,-0.05416578,-0.5133726
170892000,-0.3940943,-0.18997392,0.031734273
170896000,-0.32592914,-0.08751096,0.67042077
170900000,-0.09661104,-0.116653636,0.64103305
170904000,0.08492652,-0.22848311,0.22611177
170908000,0.15870048,-0.13086577,-0.20560677
170916000,-0.10248848,-0.05264795,-0.5684937
170920000,-0.016958557,0.097528465,0.24682161
170928000,0.30748793,0.03745413,-0.02441074
170932000,0.04343783,-0.17146751,-0.029830202
170936000,-0.61471415,-0.03603773,-0.022013664
170940000,-0.8113719,0.1580561,0.050791226
170944000,-0.5026822,0.020042688,0.09520789
170948000,-0.19596896,-0.37202024,0.113805965
170952000,-0.003541753,-0.30661482,0.20362781
170956000,0.19965473,0.19823289,-0.04817259
170960000,0.48580492,0.37398058,-0.26992434
170964000,0.59358215,0.13810278,-0.13600692
170968000,0.42325193,0.19200343,0.023930527
170972000,-0.08264716,0.41423735,0.12547734
170976000,-0.4303267,0.14095335,0.035900086
170980000,-0.08726615,-0.37498468,-0.2108944
170988000,-0.17828201,-0.53525794,-0.06924556
170992000,-0.43961546,-0.19321801,0.190457
170996000,-0.12565145,0.20482253,-0.22952381
171004000,0.485485,0.46229112,-0.11981582
171008000,0.22036201,0.13827237,-0.057196133
171012000,0.013917929,-0.5777142,0.263248
171016000,0.1223079,-0.90355986,0.58566624
171020000,0.33208618,-0.253952,0.32531762
171024000,0.20055908,0.53557736,-0.26874268
171028000,-0.25991243,0.83461154,-0.41433403
171032000,-0.7530446,0.58630586,0.080637574
171036000,-0.8770045,0.04917325,0.32890463
171040000,-0.6771523,-0.33331516,-0.018533424
171048000,0.000246659,-0.428344,0.08000911
171052000,-0.03380987,-0.28943604,0.000411995
171056000,0.121875405,0.2009326,-0.054342516
171060000,0.6429153,0.7974692,0.2103912
171068000,0.15826315,-0.005565167,0.35619944
171072000,-0.44826898,-0.52423424,0.2685784
171076000,-0.46961015,-0.30538654,-0.3379148
171080000,0.06495647,-0.15157488,-0.6862365
171088000,0.79598683,-0.41104716,0.24936754
171092000,0.4282164,0.072744146,-0.07852781
171096000,0.005711079,0.3335673,-0.23819345
171100000,-0.16583565,0.69895583,0.21040627
171104000,-0.7987622,0.7411666,0.6438016
171108000,-0.9838736,-0.10338381,0.45710117
171116000,0.3108183,-0.7465745,-0.36867905
171120000,0.17751743,-0.1087583,-0.16925693
171124000,-0.19442561,0.2308236,-0.21829748
171128000,-0.2636516,0.09691996,-0.3580914
171132000,-0.015779063,-0.28522712,-0.10676928
171136000,-0.01686354,-0.26750234,-0.038168773
171140000,-0.12586138,0.17155851,-0.019433402
171144000,0.011828266,0.22651222,0.2642755
171152000,0.009693243,0.23669389,0.18491492
171156000,-0.1643524,0.14857283,0.28640193
171160000,0.06906735,0.020803295,0.24990562
171168000,-0.09784435,0.56950897,0.087172784
171172000,-0.031053185,0.41540828,0.011749793
171176000,0.3360437,-0.14474885,-0.4466272
171180000,0.08322418,-0.48097843,-0.41864586
171184000,-0.47824094,-0.5145823,0.17688055
171188000,-0.24838367,-0.46174312,0.25866765
171192000,0.3874849,-0.29114842,-0.07848117
171196000,0.68038774,-0.017230058,-0.009107828
171204000,0.46754098,0.7907141,-0.09066116
171208000,0.13266072,0.39597383,-0.20872788
171212000,-0.27191278,0.12784302,-0.24401638
171216000,-0.3120303,0.04977778,0.006444618
171220000,-0.08103997,-0.2576914,0.1536673
171224000,-0.19969064,-0.44109407,0.45283604
171228000,-0.41891897,-0.2630667,0.5888217
171232000,-0.40537417,0.021075286,0.026663199
171236000,-0.5586099,0.014278203,-0.63035244
171240000,-0.5920706,-0.18214047,-0.6484662
171244000,-0.19668764,-0.067211464,0.001375392
171248000,-0.091446854,-0.09161845,0.7138755
171252000,-0.23844898,-0.28036886,0.5156939
171256000,0.115028486,-0.4175433,-0.19844809
171260000,0.7123813,-0.3849229,-0.32393152
171264000,0.84063864,-0.09208578,-0.17175323
171268000,0.42012367,0.21184438,0.26284105
171272000,-0.21177468,0.4179291,0.7501565
171276000,-0.68948615,0.27921557,0.61196923
171280000,-0.30996025,0.16748515,-0.0322738
171288000,0.40246993,-0.33460972,-0.3774836
171292000,-0.030841783,-0.45239845,0.30067986
171296000,-0.14708322,-0.10767059,0.3948287
171300000,-0.083562985,0.111844786,0.016118295
171304000,0.2114144,0.12882109,-0.3973731
171308000,0.54182726,0.44087493,-0.4481972
171312000,0.23091206,0.6080631,0.09217447
171316000,-0.44553176,0.4115507,0.5816227
171320000,-0.62713814,0.272577,0.41430205
171324000,-0.26383546,-0.15458891,-0.055707693
171328000,-0.08311862,-0.6528582,-0.119384214
171332000,-0.24449576,-0.5650642,-0.17078678
171336000,0.003428996,-0.41243997,-0.5507586
171340000,0.3816021,-0.46591693,-0.39482304
171344000,0.14121334,-0.13055314,0.20483305
171348000,-0.34961033,0.3039547,0.3349433
171352000,-0.42736033,0.18488464,0.15743545
171356000,-0.30069447,-0.070087716,0.11255893
171360000,-0.26623127,-0.03216682,0.003535353
171364000,-0.13440636,0.002848193,-0.102613084
171372000,-0.108812064,-0.28713134,0.20843796
171380000,0.4192931,0.5389715,0.2820237
171384000,-0.1058404,0.62227285,0.21792375
171392000,0.19959843,0.03704109,-0.8903425
171400000,0.7762435,-0.26335394,-0.5312279
171404000,0.3782481,-0.67445165,-0.1909432
171408000,-0.13142277,-0.7564218,0.42749715
171412000,-0.56458026,-0.25891814,0.9253556
171416000,-0.64154947,0.29871735,0.7278396
171420000,-0.47528106,0.35361737,0.20490898
171424000,-0.2584196,0.14999245,-0.3309973
171428000,0.00040558,0.07911902,-0.75324726
171436000,0.3683821,0.4915451,0.015317872
171440000,0.5087718,-0.033919528,0.14554211
171448000,-0.3999925,-0.63533044,0.46576187
171456000,-0.03257305,0.8011568,0.35337353
171460000,-0.35334802,0.6383103,-0.06432804
171464000,-0.30794966,0.2582368,-0.033105195
171472000,0.21222363,-0.090845846,-0.5579178
171476000,-0.027548537,-0.24463768,-0.5248434
171484000,-0.0644937,-0.10539132,0.20367749
171488000,0.47725853,-0.2915041,0.25330856
171492000,0.3046561,-0.17478058,-0.18435992
171496000,-0.15129392,0.001111045,-0.2267813
171500000,-0.28997838,0.09522178,-0.061451674
171504000,-0.19426839,0.4299841,-0.21701463
171508000,0.10161402,0.4431712,0.037195772
171516000,-0.021156162,-0.1809402,0.44468692
171524000,0.14922655,0.0590546,-0.34789178
171528000,0.31132412,0.29775333,-0.32583952
171532000,0.31976977,0.24128407,-0.003848299
171536000,0.32808524,0.29123563,-0.29341936
171544000,0.15216029,-0.016569614,0.18721133
171552000,-0.11031568,-0.37837768,0.7255584
171556000,-0.45362774,-0.37238887,0.26883775
171560000,-0.980444,-0.063197434,-0.4261497
171568000,-0.14314333,-0.2951907,-0.32491997
171572000,0.007387616,-0.10334599,0.13253033
171580000,0.6297439,0.13772458,0.27602294
171584000,0.51709735,-0.19831964,-0.3023204
171588000,0.11882904,-0.58346343,-0.3744315
171596000,-0.017340496,-0.09799071,0.30492705
171600000,0.08300233,-0.07319655,-0.14850259
171608000,-0.42816493,-0.03899616,0.46368146
171612000,-0.12570824,-0.14395532,0.32434607
171616000,-0.123869866,-0.07578678,-0.3538257
171620000,-0.24610154,0.274086,-0.41559714
171628000,0.49512365,0.63704103,0.26616642
171636000,-0.49591038,-0.1056039,0.3011247
171644000,0.4905764,-0.12375404,-0.45998937
171648000,0.43349385,0.3947373,-0.24122974
171652000,0.00075902,0.56053656,0.004904747
171656000,-0.31944424,-0.07007125,-0.220154
171664000,0.3204885,-0.07696769,-0.13401148
171668000,0.53334457,0.49863186,0.40496236
171672000,-0.05860664,0.47609353,0.5710504
171676000,-0.6282218,0.48473838,0.41403008
171680000,-0.6711195,0.5573883,0.1158034
171684000,-0.27164835,0.08175641,-0.11114133
171688000,0.100083336,-0.5604988,-0.059206508
171692000,0.1008541,-0.7009289,-0.064674824
171696000,0.13275549,-0.40929675,-0.121030405
171700000,0.09907454,-0.15538204,-0.037726857
171704000,-0.02598264,-0.14642206,-0.051332287
171712000,0.19338754,0.046347577,0.118969135
171716000,-0.04901564,-0.31725362,0.08841139
171720000,-0.31177884,-0.30243167,-0.33035803
171724000,-0.040479735,0.03177318,-0.584845
171732000,0.15144828,0.038619604,-0.12800202
171740000,0.24496894,0.052815095,-0.09351466
171744000,0.430803,0.065308474,0.25336048
171752000,-0.024523579,-0.06630714,-0.098521255
171756000,-0.23191024,-0.027457513,-0.08281528
171760000,-0.81116986,0.28039032,0.04022363
171764000,-0.98009056,0.4071981,-0.21166207
171772000,0.315279,-0.18131205,0.43102425
171776000,0.437512,-0.92816025,0.54553014
171784000,0.25643298,-0.08528179,-0.06985967
171788000,-0.038830787,0.24680057,-0.035788864
171792000,-0.33056417,0.21368062,-0.05488058
171796000,-0.20863312,0.34678903,-0.5551704
171804000,0.36265987,0.013417795,-0.48779833
171808000,-0.4154091,-0.15896764,0.5899675
171812000,-0.7884516,-0.012892339,0.8453531
171816000,0.005578965,0.27496082,0.2758704
171824000,0.25557742,-0.033505045,0.38733572
171828000,-0.28321564,-0.037023634,0.694908
171836000,-0.14309841,-0.015200391,-0.2691865
171840000,0.15405303,0.4337924,-0.56969184
171844000,0.16866264,0.12123303,-0.9386436
171848000,0.12864244,-0.12555102,-0.780987
171852000,0.16870831,0.2519199,-0.07541978
171860000,-0.17567036,0.12379566,0.18946919
171864000,0.2271547,-0.5393997,0.44471842
171868000,0.32097048,-0.5132121,0.2622028
171872000,0.16567308,-0.048801415,-0.35982692
171876000,0.19517773,0.29616272,-0.4542906
171884000,-0.30687082,0.1582338,0.48451072
171888000,-0.54471326,-0.20785154,0.1900936
171892000,-0.40335068,-0.6447308,0.014636776
171896000,0.12728223,-0.6276506,-0.000415775
171900000,0.20850116,-0.07361925,-0.26501563
171904000,-0.032077864,0.50090533,-0.5480436
171908000,0.001350723,0.78621715,-0.22720239
171916000,0.14205906,-0.022284776,-0.048305064
171920000,0.055330455,-0.16803564,-0.26763633
171924000,0.090440795,0.13828444,0.06459573
171928000,0.15411791,0.11384633,0.49496
171932000,0.023657879,-0.14304018,0.7912652
171936000,-0.24682534,-0.2702731,0.497401
171944000,0.16683768,-0.32853913,-0.08713104
171948000,-0.082637995,-0.1396169,0.29268757
171952000,-0.30743146,0.122893915,-0.03300737
171956000,-0.2659949,0.5352182,-0.30458593
171964000,0.43386713,-0.14276841,0.17223518
171968000,0.12145139,-0.39886743,-0.32632658
171972000,-0.23250078,-0.1158047,-0.54596496
171976000,-0.20574269,0.15686545,-0.2877365
171980000,-0.3056961,0.17147607,-0.09850894
171984000,-0.30591998,0.12712464,0.00740394
171988000,-0.23238038,0.106410556,0.04636672
171992000,-0.3048762,-0.12059978,0.26462257
171996000,0.066844955,-0.2837366,0.579337
172004000,0.036002204,-0.053066965,0.303029
172012000,-0.1992497,0.34068763,-0.15091565
172020000,0.28645998,0.6965033,-1.0086827
172024000,0.6289146,-0.14117329,-0.60721874
172028000,0.60970086,-0.94954,0.2840553
172032000,0.289445,-1.0100522,0.5520515
172040000,-0.1764844,-0.20699601,0.2048346
172044000,0.12489096,0.45348263,0.25960055
172048000,0.111074924,0.6643497,-0.1803783
172052000,-0.07913593,0.62163323,-0.3660416
172056000,0.061265014,0.62898344,-0.056094088
172060000,-0.043137796,0.29680464,0.13697119
172064000,-0.26848432,-0.19346605,0.16948074
172068000,0.13935003,-0.43406552,0.27308688
172072000,0.32988694,-0.4463776,0.18275622
172076000,-0.2689966,-0.32497758,0.0417317
172080000,-0.4604165,-0.11127955,0.105545655
172088000,0.104916334,0.1142495,-0.6413026
172092000,0.4397425,0.12908188,-0.012187421
172100000,-0.7005097,-0.35655057,0.41074377
172104000,-0.68621886,-0.09119818,-0.40183872
172108000,0.1417117,0.2319516,-0.8768319
172116000,0.48065698,0.048492968,0.14408588
172120000,-0.11380106,0.001140177,0.5452181
172124000,-0.33642045,0.2428428,0.5389335
172128000,-0.0717021,0.08085433,0.1784305
172132000,0.036710963,-0.18820181,-0.54389936
172136000,-0.26306528,-0.19956636,-0.8654028
172144000,-0.068961255,-0.16273972,0.5686466
172148000,-0.017105747,-0.03150933,0.6333357
172152000,0.1299798,-0.26476887,0.118125826
172156000,0.10367704,-0.35073084,-0.3105693
172160000,-0.19074252,0.093833834,-0.145755
172164000,0.08162052,0.40281773,-0.13491336
172168000,0.61436385,0.39226985,-0.4625796
172172000,0.12834513,0.42173418,-0.2254774
172176000,-0.49761206,0.109392874,0.2545212
172180000,-0.5611746,-0.48574203,0.4564655
172184000,-0.3935004,-0.48703074,0.32064378
172188000,0.06449133,-0.025118127,-0.11480248
172196000,1.0682871,-0.012287244,-0.1330176
172204000,0.29745793,0.17049475,0.18429795
172208000,-0.3931204,0.46725622,0.024649449
172212000,-0.59835196,0.6873392,0.09384463
172216000,-0.41751176,0.1643782,0.3288563
172220000,-0.5301067,-0.16467611,0.32556167
172228000,-0.11282547,-0.049893335,-0.52451575
172232000,0.14900574,-0.42645583,0.09801379
172236000,0.101147324,-0.4460172,0.2702675
172240000,0.15758617,0.0619628,0.10881021
172244000,0.3300947,0.47325638,0.24787699
172248000,0.3067247,0.29966474,0.30213594
172252000,-0.34172553,-0.009918079,-0.10297707
172256000,-0.36962295,-0.2914961,-0.51473314
172260000,0.16982245,-0.69744575,-0.366906
172264000,0.07404016,-0.5973573,-0.11889501
172268000,0.15178058,0.18590118,-0.015211999
172272000,0.34027964,0.7401067,-0.005941847
172276000,0.10545129,0.5157603,0.02587841
172280000,-0.48840624,0.038465425,0.27232796
172288000,-0.5235181,0.4569541,-0.045152657
172292000,0.27213645,0.40047723,-0.23280585
172296000,0.4926687,0.03950414,0.06897114
172300000,0.46991467,-0.35068625,0.077092215
172308000,-0.10767369,-0.40189826,-0.21911553
172312000,-0.11263246,-0.095829025,0.28508747
172320000,-0.5261459,0.45281616,0.017296672
172324000,-0.55922914,-0.30656308,0.19495282
172332000,0.278551,-0.47331738,-0.60328275
172336000,0.018581912,-0.022676691,-0.27683526
172340000,-0.016807556,0.45240015,0.26679212
172344000,0.08438344,0.6606624,0.39865524
172348000,0.06967724,0.12917626,0.36128843
172352000,-0.08160048,-0.459842,0.2621559
172360000,-0.5658588,-0.4688291,-0.26771122
172364000,0.017933682,-0.2932457,-0.30514607
172368000,0.55994123,0.07992996,-0.061180778
172372000,0.78501,0.3380972,0.4360749
172380000,0.2841323,-0.16397595,0.25144243
172384000,-0.33411473,-0.13300554,-0.1601224
172388000,-0.4859922,0.013963377,-0.43785486
172392000,-0.12538311,0.06110073,-0.59411806
172396000,0.09038386,-0.11790016,-0.54416955
172400000,0.051534675,-0.113301516,-0.25645146
172408000,0.1497489,0.49948597,0.33044913
172412000,-0.1414895,0.515918,-0.09050171
172416000,-0.30440444,0.1774023,-0.3584662
172420000,-0.1815506,-0.06542557,0.11493726
172424000,-0.054916315,-0.15885234,0.43013957
172432000,0.18997684,-0.21304063,0.039575305
172436000,0.28132603,-0.21773641,0.03260953
172440000,-0.074641466,-0.0875233,-0.099675305
172444000,-0.47963038,0.30492145,-0.042141374
172448000,-0.15308136,0.25114107,0.2688824
172452000,0.03208489,-0.060606144,0.5673576
172456000,-0.07195219,-0.38749868,0.53740686
172460000,0.22022632,-0.69237214,0.007926002
172464000,0.73719865,-0.3743566,-0.3590635
172468000,0.81948745,0.34642476,0.008607551
172472000,0.09462774,0.34024143,0.033387266
172476000,-0.7540723,0.07119273,-0.60228235
172480000,-0.7072389,0.12675151,-0.6743175
172484000,-0.37755904,-0.22377297,-0.32317585
172488000,-0.5301964,-0.5872523,-0.17004696
172496000,0.42434067,0.32928425,0.5807298
172504000,0.25262764,0.23523204,0.29101196
172508000,-0.12986624,0.6213812,0.014679387
172512000,-0.12651409,0.32387418,-0.29056853
172516000,0.19276778,-0.65534246,-0.39913395
172524000,0.27237508,-0.00479582,0.03971961
172528000,0.36170763,0.51577723,-0.2700297
172536000,-0.5161867,0.6986,0.3753588
172540000,-0.8444816,0.8511374,0.42490792
172548000,-0.10806635,-0.3988822,-0.15233766
172556000,-0.046952784,-0.6340222,0.09278292
172560000,-0.25326824,-0.7939439,-0.14493255
172564000,0.10713956,-0.4502812,-0.24136245
172572000,0.23019293,0.4115397,-0.17179887
172576000,0.006198168,0.14626837,0.0102617
172584000,0.7636361,-0.2155399,0.39729977
172588000,0.49990344,0.26660714,0.5028583
172596000,-0.70377755,0.7487589,-0.19762833
172604000,0.26846027,0.026387408,-0.09361533
172608000,0.6247135,-0.13360186,-0.2057393
172612000,0.34607083,-0.34464556,-0.32689372
172616000,-0.28153622,-0.36403978,-0.23169115
172620000,-0.2701568,-0.17101309,0.1554648
172624000,0.19481498,-0.031973667,0.33160082
172628000,0.1280389,-0.049946085,0.19094747
172636000,-0.7942619,-0.191192,-0.048132963
172640000,-0.22370484,-0.19403397,0.054074347
172644000,0.5710559,0.05358395,0.028676938
172648000,0.83910197,0.18959378,-0.22800085
172652000,0.34804255,0.06376526,-0.37292588
172656000,-0.2999215,0.07999769,-0.21719305
172664000,-0.106962904,0.3636416,0.17258535
172672000,0.33767518,0.106218256,0.1639328
172676000,0.025844857,-0.18775879,-0.037647545
172680000,-0.50339437,-0.05159247,-0.040921137
172684000,-0.633814,0.020925097,-0.11972841
172688000,-0.34672192,-0.3357999,-0.34341198
172696000,0.47603464,-0.094543524,0.12710455
172704000,-0.55133075,-0.41249928,-0.26455903
172708000,-0.34194696,-0.06694557,0.019297466
172712000,0.20457956,0.4248433,0.33937833
172716000,0.3614659,0.38512713,0.20625234
172720000,0.29264238,-0.11312741,-0.32019874
172724000,-0.011240125,-0.20354228,-0.6094619
172728000,-0.08557558,-0.047941655,-0.2979726
172736000,0.29000252,-0.4508852,0.18471287
172740000,0.13056399,-0.363527,0.66281164
172748000,-0.16851924,-0.06233091,-0.1251488
172756000,-0.00135842,0.43592024,0.38543165
172760000,0.09062614,0.35994345,0.17806974
172764000,-0.24928561,0.27586603,-0.2602361
172768000,-0.68839,0.52185905,-0.35635957
172772000,-0.7667572,0.40068322,-0.303406
172776000,-0.27499527,-0.31414187,-0.5159013
172780000,0.057747126,-0.5948607,-0.58964634
172784000,-0.09287728,-0.15028763,-0.013123214
172788000,-0.28149834,-0.050982144,0.54707885
172792000,0.07408723,-0.17192402,0.3153327
172800000,1.0937237,0.6856295,-0.26169634
172804000,0.46383902,0.5926906,-0.1636439
172812000,-0.09575939,-0.009290412,0.50339687
172816000,0.055884212,-0.30064777,0.062604785
172824000,-0.17145792,-0.33641234,-0.086381376
172828000,-0.1996282,-0.1919817,-0.20667909
172832000,-0.48581046,-0.13503954,-0.13726458
172836000,-0.5747892,0.030814141,0.17888825
172844000,-0.07311616,-0.14100873,0.7418086
172852000,0.6441987,-0.07678276,-0.7603933
172856000,0.278549,-0.25836438,-0.9828526
172860000,-0.14317639,-0.06266866,-0.72729087
172864000,-0.37355047,0.6447896,-0.46077746
172868000,-0.014789343,0.7909031,-0.07621496
172876000,0.63380027,-0.7212414,0.89527255
172884000,-0.14751127,-0.45687628,0.7106261
172888000,-0.5964445,-0.17539644,0.13889006
172896000,-0.18012367,0.5028861,-0.5827365
172900000,0.24124289,0.13241957,-0.93480957
172904000,0.28464812,-0.1330729,-0.92165035
172908000,0.14706033,-0.16932681,-0.14161599
172912000,-0.04435528,-0.17426214,0.40810105
172916000,-0.14256881,0.3087313,0.44969404
172920000,-0.24549894,0.81224644,0.50676876
172924000,-0.74948704,0.5701705,0.34640965
172928000,-0.8991575,0.20403412,-0.16477981
172932000,-0.1828546,-0.0417453,-0.54999167
172936000,0.43259814,-0.299719,-0.47491723
172940000,0.42183626,-0.3443264,0.21772653
172944000,0.32081258,-0.08879365,0.733037
172948000,0.48103005,0.22947565,0.27732992
172952000,0.43646166,0.03698022,-0.45620924
172956000,0.29691064,-0.32115567,-0.5559117
172960000,0.4223914,0.023012787,-0.06427221
172968000,-0.27865398,0.08114438,-0.2681707
172972000,0.03563352,-0.57967407,-0.34874082
172976000,0.38347206,-0.38985556,-0.15719901
172980000,0.3686657,0.115036935,0.22897248
172988000,-0.028405577,-0.23279533,0.30596018
172992000,-1.0043701,-0.2257414,0.004779369
172996000,-1.0696954,-0.062640354,-0.08757404
173000000,-0.24831632,0.15147702,0.029731393
173004000,0.2891591,0.3825378,-0.030801922
173008000,0.26011604,0.54820085,0.036153615
173012000,0.05025479,0.2827664,0.014255114
173016000,0.076467834,-0.027746331,-0.32251778
173020000,0.37235048,-0.29272878,0.094050914
173024000,0.2548223,-0.6082455,0.75378776
173028000,-0.20510864,-0.49888325,0.4613738
173032000,-0.28489178,0.01140523,-0.18974382
173036000,-0.16282892,0.12713541,-0.5819282
173044000,-0.5207191,-0.31304377,-0.13733608
173048000,-0.09377189,-0.41508093,0.45209882
173052000,-0.06783435,-0.12801674,0.59198654
173056000,-0.24750155,0.08452364,-0.014429867
173060000,0.25130725,0.007030457,-0.62571156
173064000,0.78554094,0.12953398,-0.5072534
173068000,0.6652038,0.33618075,0.08834796
173072000,0.22819097,0.25033987,0.47360003
173076000,-0.27892923,0.068792805,0.19262576
173080000,-0.5330085,0.23752181,-0.6117082
173084000,-0.37517303,0.3684542,-0.8180562
173088000,-0.12662,0.28875133,-0.20189683
173092000,0.20158209,-0.045970596,0.15264215
173100000,-0.22507972,-0.46036744,0.49968207
173104000,-0.40505898,-0.26158434,0.47157714
173108000,-0.013742216,-0.1786662,0.2830916
173112000,0.4286889,-0.036550805,-0.17197058
173116000,0.20750442,-0.08798082,-0.6705852
173120000,-0.13837543,-0.09455027,-0.3681465
173124000,-0.24917173,-0.0872891,0.14290208
173128000,-0.36922175,0.02899991,0.4607042
173132000,-0.51915526,0.2774381,0.6206969
173136000,-0.565233,0.48815376,0.4752726
173140000,-0.66413945,0.4250312,0.11708771
173148000,-0.15865414,-0.1588983,-0.67036915
173152000,0.6276249,0.010537803,-0.4112783
173156000,0.82317215,-0.3238588,0.22025618
173160000,0.2833346,-0.47844732,0.48360518
173164000,-0.393902,0.10649799,0.085456654
173168000,-0.77073985,0.99121207,-0.3003677
173172000,-0.7708683,0.98652685,-0.35495982
173176000,-0.5386364,0.2500583,-0.4518341
173180000,-0.14789072,-0.38346598,-0.2268665
173188000,0.47926736,-0.50985456,0.47653565
173196000,0.39631116,0.34900212,-0.06254266
173204000,-0.3885589,-0.041006528,-0.20071551
173208000,-0.011363342,-0.37571186,-0.25666922
173212000,0.023702264,-0.32047087,-0.071108274
173216000,-0.10965261,0.13116626,0.07966734
173220000,-0.27991694,0.32982272,0.087539
173224000,-0.38010263,0.30695647,-0.034933127
173228000,0.229863,-0.015019864,0.08082264
173232000,0.9116741,-0.22542551,0.56893337
173236000,0.509636,-0.23002599,0.52823436
173240000,-0.36386928,-0.32487297,-0.2853994
173248000,0.12938945,0.027559549,-0.66564274
173252000,0.34953827,0.006451804,-0.22537225
173260000,-0.0784293,0.40114442,0.65277016
173268000,0.26749244,-0.32215136,0.1436573
173272000,-0.111637026,-0.15045801,-0.49695486
173276000,-0.53494793,0.32123634,-0.78270346
173280000,-0.04638514,0.39630547,-0.76448464
173284000,0.69242454,0.10447867,-0.10896438
173288000,0.5719032,-0.25095162,0.58586705
173296000,-0.5952909,-0.30610746,0.09080927
173304000,-0.23312214,-0.31664982,0.27168822
173308000,-0.09013885,0.012430534,-0.34270877
173312000,-0.32027274,0.16567393,-0.5003965
173316000,-0.19030815,0.26762754,-0.17077975
173320000,-0.08324076,0.49671096,0.09925902
173328000,0.5478393,-0.012738213,-0.1342403
173332000,0.68719494,-0.25133118,-0.06670125
173336000,0.48432058,-0.23217571,0.13084778
173340000,0.2467593,-0.119427174,-0.17610706
173344000,0.005324582,0.24633731,-0.34452108
173352000,-0.058105152,0.50194883,0.65262634
173356000,-0.1738503,-0.08477053,0.8553474
173364000,-0.52815336,-0.71490026,-0.18673477
173368000,-0.6756947,-0.13769732,-0.33374608
173372000,-0.19077498,0.5667967,-0.3894178
173376000,0.5254242,0.6645715,-0.16349252
173380000,0.5769563,0.3281031,0.08354027
173384000,0.05323711,0.012723653,0.20416667
173388000,0.018509097,-0.19573346,0.1343595
173396000,-0.13940008,0.17821933,-0.47097847
173400000,-0.27132136,-0.18396507,-0.17868367
173408000,-0.34178546,-0.8706721,0.037075497
173412000,-0.087073095,0.11278772,-0.3043257
173416000,0.3468807,0.93989867,-0.41874188
173420000,0.48883793,0.64026886,-0.39171278
173424000,0.40634853,0.18647216,-0.2193985
173428000,0.19506417,0.15085988,0.09349781
173432000,0.000374632,-0.16220118,0.44527894
173436000,-0.23215815,-0.7016787,0.57043767
173440000,-0.3420884,-0.58261126,0.15245932
173444000,-0.35234246,-0.008588076,-0.10313963
173448000,-0.1347287,0.16236529,0.22624591
173452000,0.3120311,0.08524169,0.53968316
173456000,0.48904037,0.076169595,0.35300368
173460000,0.31978843,0.14628068,-0.11699829
173464000,0.03982889,0.20796934,-0.33618551
173472000,-0.25984317,-0.022910029,-0.40657353
173476000,-0.2121904,-0.14041199,-0.16822685
173480000,0.077748545,-0.4051075,0.43672264
173484000,0.41667384,-0.519849,0.7253226
173488000,0.3260966,-0.39693347,0.17135644
173492000,-0.15981568,-0.075860135,-0.3704141
173500000,0.28865838,0.397277,-0.5675056
173504000,-0.11536735,0.1321947,-0.006866202
173512000,-0.37009606,0.2186399,0.5225008
173516000,0.06618231,0.15473601,-0.13505448
173520000,-0.13460861,0.27897185,-0.52946365
173524000,-0.4241016,0.23882985,-0.2836335
173528000,-0.20907974,-0.14647141,-0.0790914
173536000,0.43074453,-0.23717414,-0.5347017
173540000,0.059164338,-0.019547487,-0.5696099
173544000,-0.1891207,-0.330802,-0.21084006
173548000,0.08815946,-0.47486037,0.06668477
173552000,0.48686194,0.00871177,0.12935296
173556000,0.33762696,0.46983692,0.18525925
173564000,0.033044606,0.60173124,-0.046588823
173568000,-0.04453864,0.1317528,0.2959932
173572000,0.069756046,-0.2474611,0.76771575
173576000,0.38026774,-0.14086476,0.83958435
173580000,0.10031876,0.44592512,0.30259866
173584000,-0.11058447,0.79837644,-0.22020224
173592000,0.19561452,-0.43652016,-0.13611579
173596000,0.27517194,-0.8078157,0.22549479
173600000,0.11936298,-0.7371763,0.29720974
173604000,-0.2489933,-0.39917132,-0.40755898
173608000,-0.3123911,-0.22085758,-0.75451225
173612000,0.21065915,0.022626854,-0.30045664
173616000,0.6906413,0.33952498,0.07421259
173620000,0.38574964,0.37731355,-0.016519465
173624000,-0.47789848,0.33429798,-0.11111919
173628000,-0.6970744,0.3610013,0.252101
173636000,0.2467263,-0.28982887,0.18903556
173640000,0.46140754,-0.25998405,-0.33116394
173648000,0.09336287,-0.111451365,0.033281326
173656000,-0.68551195,-0.39065266,0.48415625
173660000,-0.6067515,-0.50018436,0.08005521
173668000,0.6231588,0.18313862,-0.70430434
173676000,-0.47865385,-0.36737034,0.3815057
173680000,-0.32171476,0.1334727,0.32596982
173684000,0.19582473,0.6703717,0.103053465
173688000,0.20328888,0.44393152,0.079932086
173696000,0.47190413,0.07118587,-0.49123797
173704000,0.07171928,0.008825954,0.27789593
173708000,-0.124978825,0.21124028,0.38984668
173716000,-0.2051813,-0.25727385,-0.53284025
173720000,0.14520955,-0.012372017,-0.42473495
173724000,0.19943723,0.19203117,-0.22384554
173728000,0.016939446,-0.07545097,-0.13791202
173732000,0.0712237,-0.59287655,0.06723713
173740000,-0.17669262,0.21984354,0.46623862
173744000,-0.61339784,0.20053951,0.41401142
173748000,-0.63198686,-0.050343245,0.001042604
173756000,0.3705036,-0.16316904,-0.7872964
173760000,0.5114958,0.3751717,-0.44628596
173764000,0.73733866,0.5788263,0.123774596
173772000,-0.40370694,0.13221733,0.8773233
173776000,-0.43299282,-0.049510352,0.26065078
173784000,0.3577299,-0.700429,-0.28977373
173788000,-0.042288274,-0.34062478,-0.06929684
173792000,-0.41226318,0.2608789,-0.049934346
173796000,-0.15891615,0.7419367,-0.036102444
173800000,0.048440583,0.87543714,0.037954558
173804000,-0.18262094,0.55290973,0.1914306
173808000,-0.30449212,0.15296544,0.38176322
173812000,-0.28523287,-0.004486259,0.18258986
173816000,-0.6393881,-0.349071,-0.08025231
173820000,-0.5283145,-0.68187743,-0.12504393
173828000,1.1064254,0.06938572,-0.678811
173832000,0.64791894,0.2901735,-0.34975272
173840000,-0.43841037,0.1299215,0.08515097
173848000,-0.07110378,-0.46719462,0.12307897
173852000,0.3888275,-0.041868225,-0.05346088
173856000,0.26530552,0.06782471,0.087775916
173860000,-0.07887458,-0.30973658,0.2965631
173864000,0.029183224,-0.55338806,0.44925904
173868000,0.21948424,-0.4134016,0.1541775
173872000,0.39725563,-0.09311112,-0.5766672
173880000,-0.34233344,0.4819364,-0.13601372
173884000,-0.6482671,0.094151266,0.15742981
173888000,-0.19784676,-0.4708175,0.18816902
173896000,0.58501405,0.40393147,-0.27752233
173904000,0.38345873,0.77909184,0.18958607
173908000,-0.05003105,0.07320452,-0.17724296
173912000,-0.074672356,-0.43666565,-0.36429054
173916000,0.07115837,-0.73784095,-0.028055653
173920000,-0.006091725,-0.50670004,0.25430357
173924000,0.035691656,0.08942464,0.14389212
173928000,0.004193189,0.31380293,0.12415105
173932000,-0.26404053,0.24256016,0.4243052
173936000,-0.2924347,0.1690746,0.41422635
173944000,-0.24186814,-0.188937,0.05739083
173948000,-0.13843946,-0.26020437,0.16456744
173952000,0.028672196,-0.13244231,0.13459994
173956000,0.2564975,0.4739286,0.1059436
173960000,0.7835489,0.64749974,-0.17014004
173968000,0.16739076,-0.20700514,-0.10272182
173972000,-0.48144343,-0.25100538,-0.14169545
173976000,-0.9457149,-0.1362294,-0.42636716
173980000,-0.86541885,0.09447402,-0.32586843
173984000,-0.2331363,0.14338747,0.0648943
173988000,0.106698036,0.050355297,0.14414704
173992000,0.06713805,-0.052126233,0.35821226
173996000,0.2844568,-0.20917213,0.47576234
174004000,0.5145067,0.12460042,0.008905983
174008000,0.3315153,0.29774186,-0.30813253
174012000,0.23997681,0.2571555,-0.59496665
174020000,-0.6118425,-0.19385982,-0.28159037
174024000,-0.21830192,-0.4165725,0.06484072
174028000,0.1427717,-0.27092108,0.2957807
174036000,-0.27720523,0.10953,0.26188412
174040000,-0.24294904,0.03847167,-0.07811433
174048000,0.18491572,0.18736656,-0.17728323
174056000,0.5135821,-0.0675322,-0.24603373
174060000,0.548941,-0.19137615,-0.35538533
174068000,-0.4074745,0.002150491,0.2842102
174072000,-0.3626935,-0.16656846,0.9136979
174076000,-0.26077512,-0.22342992,0.793152
174080000,0.09239742,-0.10668497,0.50765437
174084000,0.014508024,-0.16009904,0.25832826
174088000,-0.30651957,-0.2616482,-0.07933015
174096000,0.13280149,0.30791056,-0.65167916
174100000,0.13955265,0.2759168,-0.66107637
174104000,-0.07015326,0.08126103,-0.25969073
174108000,-0.08334178,-0.3489493,-0.083440766
174116000,-0.2361793,0.15394187,0.02044497
174120000,-0.074328706,0.3722753,0.29622215
174124000,0.18193363,0.11467354,0.37891936
174128000,0.32942584,0.12503731,0.204492
174132000,0.23707786,0.22961392,0.121080026
174140000,0.19064134,-0.07958573,-0.077494435
174148000,-0.08571491,0.030509174,-0.017186143
174152000,-0.0897828,0.20028816,0.07021742
174156000,0.051098876,-0.089429215,0.24128313
174160000,-0.017780162,-0.25285715,0.055965587
174168000,-0.3451641,-0.946581,0.10721025
174172000,-0.068571515,0.010906607,0.021455213
174180000,0.03150654,0.54987997,-0.17037636
174184000,0.35447657,0.484974,-0.022925459
174188000,0.48611277,0.5372907,0.13779238
174196000,0.2414977,-0.4296499,-0.32676002
174204000,0.04571354,0.32648802,0.06750634
174208000,-0.35468137,-0.06541532,0.37894335
174212000,-0.67020047,-0.42360058,0.46397367
174216000,-0.2654157,-0.30408105,0.12477398
174220000,0.2838283,-0.18656836,-0.21885109
174224000,0.42702794,0.13951443,0.1450982
174232000,-0.061701745,0.5197478,-0.22664548
174236000,-0.31961837,-0.022551686,-0.35670167
174240000,-0.25843948,-0.2870257,-0.0908158
174244000,-0.35304654,-0.5177443,0.025408082
174248000,-0.26715535,-0.5046046,-0.076083496
174252000,0.20238748,-0.09261398,-0.24570118
174256000,0.45814714,0.34137955,-0.24089687
174260000,0.64642596,0.11698244,0.039218396
174264000,0.62693554,-0.43862104,0.23310173
174268000,-0.1144872,-0.34554893,0.21187972
174272000,-0.80516374,0.2610081,0.05701498
174276000,-0.6379517,0.6364812,-0.15144002
174280000,-0.0695032,0.53490937,-0.1524453
174288000,0.16448607,-0.39615205,0.2006776
174292000,0.26630065,-0.34458974,0.045082122
174300000,-0.08270338,-0.48964143,-0.04536562
174304000,-0.08742927,-0.25996348,0.22519082
174308000,-0.24300274,0.16842866,0.3661331
174312000,-0.34993628,0.20707403,0.46596435
174316000,-0.14241731,0.23519124,0.03320442
174320000,0.1935245,0.35858282,-0.60727787
174324000,0.063287914,0.33038518,-0.6977146
174328000,-0.2523812,-0.010045119,-0.5600903
174332000,-0.10262242,-0.27406612,-0.10566045
174336000,0.27958187,-0.18802278,0.32939503
174340000,0.53750736,-0.16136606,0.4439094
174344000,0.48087662,-0.00560651,0.6973816
174348000,0.018459424,0.32171777,0.35658166
174352000,-0.4188592,0.26694396,-0.4915746
174356000,-0.1870798,0.02260302,-0.68025625
174360000,0.21815506,-0.060752288,-0.44820574
174364000,0.10287477,-0.35130116,-0.091931365
174368000,0.05930198,-0.58378917,0.22663575
174372000,0.37473342,-0.3051728,0.2360313
174376000,0.5263498,-0.044335075,0.27775827
174380000,0.3971879,0.20948356,0.21246359
174384000,0.019361667,0.3667041,0.124685645
174388000,-0.6790503,0.047007754,0.3522908
174392000,-0.667849,-0.2957638,0.37629145
174396000,0.09212488,-0.23499969,0.17802513
174400000,0.11173716,0.15940139,0.08170423
174404000,-8.38E-05,0.28918213,-0.3608746
174412000,0.22658134,0.4163593,-0.35747468
174416000,-0.04595023,-0.14592823,0.39939916
174420000,-0.18021488,-0.56687856,0.4159018
174424000,-0.25898796,-0.518845,-0.31095868
174428000,-0.14805754,-0.19529559,-0.6527733
174432000,0.3435941,0.536158,-0.37975115
174436000,0.5970305,0.90988004,-0.23115677
174440000,0.06947401,0.23000716,-0.08373356
174444000,-0.40321827,-0.6056731,0.065146424
174448000,-0.51907736,-0.39535654,0.077407226
174452000,-0.41301417,0.07304099,0.4161313
174456000,-0.06402747,0.10787591,0.26658285
174460000,0.16783386,0.2582517,-0.20395023
174464000,0.3509563,-0.10755716,0.19563851
174472000,0.72439593,-0.15788789,0.26972425
174476000,0.40275988,0.5244836,0.35000676
174484000,-0.22529355,0.1962061,-0.22171363
174488000,-0.056095824,-0.07029579,-0.55458736
174492000,-0.1376989,0.033533134,-0.5208155
174500000,-0.16253991,-0.05739492,0.0620614
174504000,-0.17628036,-0.19319606,0.35303727
174508000,-0.13066481,-0.09321588,0.24354565
174512000,-0.0627381,-0.17336708,0.2043898
174516000,-0.24169897,-0.50736666,0.26253498
174520000,-0.24005559,-0.2991069,-0.048140645
174524000,0.08712968,0.029881664,-0.13155827
174528000,0.3727548,0.18231566,0.046460904
174532000,0.20893322,0.13072178,0.24460879
174536000,-0.33260405,-0.25458324,0.38925102
174544000,-1.1880826,-0.08069541,-0.51479846
174548000,-0.20083457,0.18049389,-0.42405707
174556000,1.2141911,0.08540119,0.39643633
174560000,0.62241954,0.09575483,0.74448496
174568000,-0.5919132,0.60397416,-0.4517175
174572000,-0.7202895,0.010126859,-0.76618564
174576000,-0.1819379,-0.2632477,-0.66439176
174584000,0.8396418,-0.12778518,-0.35455647
174588000,0.36167562,-0.1783494,0.13434173
174592000,-0.47689706,-0.26312968,0.73754495
174600000,-0.50952566,-0.5180305,0.048153434
174604000,0.23546515,0.1454365,-0.14207166
174608000,0.8544397,0.45302397,0.14766556
174612000,0.97603214,0.06816712,0.66428155
174620000,-0.39738333,-0.3732571,0.34247988
174624000,-0.71503794,-0.66809195,-0.42093664
174628000,-0.21966016,-0.39894238,-0.45432755
174632000,0.21845098,0.48226133,0.004286364
174636000,0.361552,1.1697373,-0.0943287
174640000,0.33087915,1.1256083,-0.43191537
174648000,-0.2172693,-0.5745266,-0.03651253
174652000,-0.76372695,-0.24730478,0.08883021
174656000,-0.6002344,0.031292155,0.18933856
174660000,0.03977254,0.02564054,0.0656023
174664000,0.15201324,0.14512715,-0.39537793
174668000,0.33395505,0.2525967,-0.61695963
174672000,0.538107,-0.026817061,-0.2981338
174676000,-0.109918445,-0.2205158,-0.039423205
174680000,-0.52383125,0.005220413,-0.0855716
174684000,-0.35358077,-0.004929379,0.0699023
174688000,-0.19033441,-0.1989031,0.35163727
174692000,0.080411784,-0.2369644,0.56216663
174696000,0.38032836,-0.040079758,0.38693085
174700000,0.33245727,-0.08025178,-0.0680452
174708000,-0.022581875,-0.5268801,-0.0669063
174712000,0.14534236,0.28943062,-0.014716826
174716000,0.0421232,0.6880243,-0.26646388
174720000,-0.04555136,0.45318383,-0.34589797
174728000,0.23955747,-0.21513204,0.17376685
174732000,0.20271051,-0.28433415,-0.16970144
174736000,-0.004160829,-0.5442721,-0.1472382
174740000,-0.38661036,-0.32672465,0.27223346
174744000,-0.3288821,0.2994377,0.2054443
174748000,-0.25829035,0.5568832,0.13204633
174756000,0.33582422,0.23394576,-0.44546336
174760000,0.9670593,-0.20393942,-0.58819854
174764000,0.49850547,-0.5453195,-0.18381035
174768000,-0.27065414,-0.43401554,0.07096419
174776000,-0.3897342,0.5462649,-0.31180364
174780000,0.107685186,0.3204242,0.13716154
174784000,0.3550681,0.13759252,0.7612409
174788000,0.39151698,0.3274982,0.90715605
174796000,0.09450266,-0.06765673,-0.15954706
174800000,-0.32911694,-0.035155185,-0.10299266
174804000,-0.6567615,0.12563151,0.16178381
174808000,-0.63549364,0.034409784,0.3229069
174812000,-0.27899587,-0.40385324,0.22714351
174816000,0.24520577,-0.4966308,-0.19647846
174820000,0.77748966,-0.29672718,-0.46226352
174824000,0.90427434,-0.13060759,-0.4864123
174828000,0.28127313,0.21141158,-0.43806463
174836000,-0.5604521,0.42604285,-0.30085695
174840000,-0.06440744,-0.075294614,0.26994258
174844000,0.3082158,-0.3996107,0.6354212
174852000,0.3324052,0.009726588,0.0679453
174856000,-0.056805175,0.14730914,-0.14668012
174860000,-0.5016812,0.011010416,-0.31539243
174868000,-0.11400198,0.044957932,0.35106763
174872000,-0.20716254,0.17378365,0.43944588
174876000,-0.078893416,0.07330105,-0.14701366
174884000,0.54281557,-0.036089875,0.37487936
174888000,0.01752761,0.11684058,0.9422817
174892000,-0.41502762,0.058406595,0.6728793
174896000,-0.7932332,-0.23032278,-0.14739797
174900000,-0.6580297,-0.21639377,-0.5492155
174904000,0.15173557,0.01234574,-0.30804735
174912000,0.22148098,0.5538009,-0.14531502
174916000,-0.2522574,0.28244814,-0.022379931
174920000,-0.006215408,-0.2731306,-0.02331854
174924000,0.49110708,-0.5450189,0.35430893
174932000,0.33465928,-0.4203232,0.118415445
174936000,0.1588492,0.21725373,-0.5936909
174940000,-0.13073412,0.24778636,-0.35158908
174948000,0.25761735,0.18105292,-0.3489958
174952000,0.27059165,-0.15721375,-0.001953766
174956000,0.08473551,-0.20588648,0.2741078
174960000,-0.048343696,0.516619,0.193421
174964000,-0.083334714,0.89405084,-0.048706464
174972000,-0.64168805,-0.014720283,0.6376635
174976000,-0.48196974,0.05503987,-0.08966291
174984000,0.25424597,-0.42506653,-0.2866145
174988000,-0.17963216,-0.7865863,0.24339959
174996000,-0.6788239,0.05965066,-0.036672596
175000000,-0.34472626,0.4855906,-0.045088142
175008000,0.5166672,0.24042813,0.27287585
175012000,0.43552896,-0.002225749,0.514793
175020000,-0.36249867,0.09839321,-0.2560539
175024000,-0.14627719,-0.13249698,-0.35131654
175028000,-0.12136021,-0.1905317,-0.25957376
175032000,0.02899389,-0.18898226,0.18071067
175036000,0.38097492,-0.27239427,0.5981978
175044000,-0.20534107,0.4275963,-0.28944093
175052000,0.38773927,-0.55104303,-0.6831009
175060000,0.39184198,0.16934687,0.23074482
175064000,0.38046408,0.5032479,0.18249176
175068000,-0.10615826,0.23402724,0.31945112
175072000,-0.55541867,-0.23681995,0.33773223
175076000,-0.31160745,-0.47581476,-0.08915207
175084000,-0.107805334,0.06868179,-0.29584432
175088000,0.13623254,0.04163132,-0.13344948
175092000,-0.020339593,0.02597402,-0.20244433
175096000,-0.32354802,0.20349321,-0.17253163
175100000,0.03461981,0.09533985,0.44990072
175104000,0.6402281,-0.28193125,1.1969043
175108000,0.6353791,-0.3762413,0.98850054
175112000,0.16391194,0.076152176,0.05572927
175116000,-0.03637936,0.24415807,-0.4888446
175120000,0.08752571,0.1688484,-0.4576667
175124000,0.04693819,0.6184935,-0.015907064
175128000,-0.31090322,0.50457215,0.15862752
175132000,-0.54086494,-0.20120484,-0.383219
175136000,-0.21956189,-0.29430184,-0.67224705
175140000,0.33074486,-0.23239997,-0.5743913
175144000,0.28199977,-0.2557996,-0.33349332
175152000,-0.057031143,0.34500682,0.40511104
175156000,0.18921782,0.029562265,-0.02463524
175160000,0.16671333,-0.548023,-0.09046085
175168000,-0.61507195,-0.15817976,0.40504304
175172000,-0.06424238,0.002901781,0.12256003
175176000,0.24480027,-0.08084619,-0.35574532
175180000,0.016488053,0.19854923,-0.23638082
175184000,-0.02299935,0.59853816,0.28707173
175188000,0.10268156,0.24017686,0.46449783
175196000,-0.3006084,0.35704845,0.7158249
175200000,0.17709072,0.09624821,0.56730723
175204000,0.63195765,-0.29207188,-0.13700719
175208000,0.48006415,-0.21604489,-0.61758447
175212000,-0.14885697,-0.19997951,-0.5883168
175216000,-0.3966747,-0.08278666,-0.40123785
175224000,0.012237307,0.1923671,-0.07723897
175228000,0.08649352,0.15585831,-0.24282195
175232000,-0.066947445,-0.18989566,-0.22500905
175236000,-0.024401605,-0.52957684,0.15083614
175240000,0.08942436,-0.46679747,0.018149376
175244000,0.13614008,-0.20822467,-0.09422904
175252000,0.25168464,0.4210335,0.3518575
175256000,0.21252109,0.52010137,-0.17443368
175260000,-0.3259202,0.18700475,-0.1373404
175264000,-0.5851211,0.14265817,0.20809656
175268000,-0.29279834,0.33055943,0.20496842
175272000,0.005751465,0.053034164,0.20753266
175276000,0.08928826,-0.3451392,0.221264
175280000,0.15478691,-0.37762624,-0.26448447
175284000,0.20881234,-0.19676803,-0.7658819
175288000,-0.035440266,0.18440709,-0.593657
175296000,0.14052433,-0.42285734,0.29609656
175300000,0.26854888,-0.41635817,0.32507885
175308000,-0.033340633,-0.32444078,0.40513396
175312000,-0.2894141,0.001740634,0.34945175
175316000,-0.2358419,0.43934673,0.02155836
175320000,-0.24916159,0.40167594,0.039081484
175324000,-0.032599337,0.011414811,0.13189544
175332000,0.2150788,0.22139388,-0.42539
175336000,-0.46475786,0.51966065,-0.4606089
175340000,-0.4839682,0.55114275,-0.18208534
175344000,-0.21453299,0.1468255,0.071177825
175352000,-0.21525832,-0.8140714,0.048084155
175356000,-0.022035658,-0.6889243,0.13715917
175360000,-0.30139488,0.16246271,-0.17131415
175364000,-0.13660319,0.85056674,-0.5303988
175368000,0.48645467,0.762596,-0.2718618
175372000,0.3197096,0.099181265,0.25603247
175376000,0.096939154,-0.49385366,0.19471592
175380000,0.515866,-0.5369906,-0.1509496
175384000,0.7581025,-0.23896489,0.10418514
175392000,0.02967617,0.033562526,0.8288789
175396000,-0.3851304,0.2977821,0.21853876
175400000,-0.15992552,0.49870384,-0.5723163
175408000,0.06853473,0.088679016,-0.9652134
175412000,-0.3518819,-0.1755338,-0.45083332
175416000,-0.4698934,-0.56015617,0.3464641
175424000,0.27142486,0.2654614,0.6801963
175428000,0.49555647,0.31111953,-0.021431267
175436000,0.31702262,-0.79872316,-0.14437139
175440000,0.012839019,-0.47567573,-0.06030851
175448000,-0.3909484,0.42913872,0.5510777
175452000,-0.4797718,0.13715383,0.357098
175460000,-0.07563186,-0.2983402,-0.23499933
175468000,0.003549799,0.077848956,-0.48524278
175472000,0.57650805,0.46953434,0.06524947
175476000,0.765422,0.45496556,-0.028790899
175480000,0.30405656,-0.034824282,-0.37195843
175484000,0.023335272,-0.28838757,-0.016174644
175488000,-0.22233789,0.032577366,-0.050004214
175492000,-0.33587372,0.34227112,-0.16600035
175500000,0.10405558,0.17735814,0.54512936
175504000,0.17398451,0.24259235,0.2952128
175508000,0.017244846,0.34463742,0.42214105
175516000,0.58075583,-0.055396095,0.07606611
175524000,-0.042825766,-0.28118852,-0.4283091
175528000,0.17344481,-0.62980956,-0.6878793
175536000,0.7107924,-0.16569379,0.10299289
175540000,0.25962952,0.37989128,0.35878366
175544000,-0.23566681,0.26460442,0.8577789
175548000,-0.6958098,0.010751694,0.81099564
175552000,-0.765572,0.069787666,-0.0944958
175560000,0.3299579,0.01381284,-0.6013342
175564000,0.5157223,0.109347515,-0.026076332
175568000,0.17534234,-0.17499235,0.33320287
175572000,-0.39280263,-0.30688527,0.2215991
175576000,-0.30171627,0.097798824,-0.027351812
175580000,0.32269245,0.31091693,-0.068477474
175584000,0.48191252,-0.08640544,-0.34808958
175588000,0.005735785,-0.4011371,-0.58470273
175592000,0.035270676,-0.13676953,-0.075494334
175596000,0.5969882,0.27265754,0.4569902
175600000,0.66467214,0.251707,0.4737646
175604000,0.17161497,-0.11262349,0.13712099
175608000,-0.44237655,-0.2589914,-0.3395701
175612000,-0.7657013,0.10452776,-0.11751908
175616000,-0.5739691,0.5161344,0.44639206
175620000,-0.0904825,0.5027186,0.18643856
175624000,0.17263636,0.24114007,-0.5307246
175632000,0.29921284,-0.20962083,-0.3655655
175636000,0.58507484,-0.3370205,0.35946018
175644000,0.04445582,-0.15832466,0.73731756
175648000,-0.28287777,0.20123483,0.46096608
175652000,-0.29089168,0.21851757,0.38277882
175656000,-0.22823496,-0.11697057,-0.028197557
175660000,-0.26903436,0.00309518,-0.65613806
175668000,0.10976514,0.2416009,-0.40015554
175672000,0.026821882,-0.061187424,-0.37017432
175676000,0.27878758,-0.45379862,0.12804525
175684000,-0.17124039,0.5261691,0.5094367
175688000,-0.19109297,0.040143013,-0.1877899
175692000,-0.07542421,-0.8546994,-0.4904274
175696000,-0.22244097,-0.69641614,-0.27443093
175704000,-0.16583163,0.08533506,0.009029657
175708000,-0.23094717,-0.30265108,-0.33263633
175716000,0.66220325,0.688126,0.48045152
175720000,0.3343292,0.60134465,0.5978515
175724000,-0.3357584,0.39713708,0.38177067
175728000,-0.15209596,0.19778015,0.22706065
175732000,0.3440013,-0.23723736,-0.3272966
175736000,0.39334363,-0.3689074,-0.9720151
175740000,0.20089504,0.2067859,-0.6604382
175748000,0.28429464,-0.08224729,0.56312466
175752000,-0.103565246,-0.492322,0.11545628
175760000,-0.50812113,-0.03862357,0.17353415
175764000,0.18118009,-0.5357271,0.49257505
175768000,0.026579663,-0.14618772,0.16995756
175772000,-0.6022578,0.90560913,-0.11841647
175776000,-0.4492008,0.8297576,-0.48920208
175784000,0.50692147,-0.19373405,0.6560358
175788000,0.182466,-0.17462906,1.0023305
175796000,0.17988133,-0.11711485,0.2091532
175800000,-0.22605342,-0.31518266,-0.26803127
175804000,-0.6224627,-0.5236403,-0.7065698
175808000,-0.2044933,-0.5802051,-0.90968263
175816000,0.0688202,0.30350685,0.056885257
175820000,-0.2812974,0.35632372,0.37317732
175824000,-0.01611124,0.39290845,0.13155636
175832000,-0.052525535,-0.34204996,-0.30537343
175836000,-0.22200122,-0.62781507,-0.27591807
175840000,-0.4851951,-0.18613249,0.06474483
175844000,-0.48577595,0.16486439,0.5239763
175848000,0.23617241,0.067823894,0.5741918
175852000,0.53655666,0.118777506,-0.14471653
175856000,0.17674108,-0.084498964,-0.5547828
175860000,0.14495522,-0.3033213,-0.13530535
175868000,0.33638358,0.5758721,0.12552251
175872000,0.3164142,0.16243753,-0.105860166
175880000,0.21672276,-0.5057433,0.2504561
175884000,-0.36546284,-0.75063795,0.49009115
175888000,-0.59801847,-0.29531035,0.3621037
175892000,-0.75610334,0.35618052,0.001835793
175896000,-0.5813773,0.54768336,0.055084847
175900000,-0.08137514,0.4354307,0.32553253
175904000,0.20007253,0.29774493,0.17950714
175908000,0.3952391,0.13599107,-0.14901903
175912000,0.41060582,0.2111233,-0.17065379
175916000,-0.20757602,0.34226876,-0.07848162
175920000,-0.96814466,0.086409,-0.09659002
175924000,-1.0159411,-0.14304477,-0.1670146
175932000,0.1127149,-0.108984545,-0.6813471
175936000,0.6230882,0.00334055,-0.5340009
175940000,0.7832762,-0.29433057,-0.3727434
175944000,0.28455028,-0.39839703,0.008356899
175948000,-0.23411237,0.078230634,0.6794032
175952000,-0.2758155,0.23237902,0.78850347
175956000,-0.5078041,0.06066297,0.42198497
175964000,0.37474814,0.23485367,0.16214837
175968000,0.9083494,0.009054929,-0.17615752
175972000,0.7424983,-0.27979955,-0.33417708
175976000,0.20645127,-0.20605308,-0.2708326
175980000,-0.6379439,-0.27755085,-0.10266088
175984000,-0.91184163,-0.41216126,0.22951713
175988000,-0.2635742,-0.07804498,0.33210388
175992000,0.45782226,0.3937614,-0.053782254
175996000,0.48987776,0.520797,-0.5749137
176004000,-0.40274283,-0.42623183,0.043003023
176008000,-0.23302838,-0.24022877,0.33139122
176012000,0.035221934,-0.21176915,0.4032242
176016000,0.4487707,-0.4943615,0.55134094
176020000,0.6125196,-0.35785455,0.12691368
176024000,0.58080596,-0.05990182,0.04195263
176028000,0.58732635,-0.002440848,0.5579692
176032000,0.18016693,0.1468345,0.31752995
176036000,-0.6976011,0.3337891,-0.10288794
176040000,-1.052557,0.7190634,0.024607196
176044000,-0.7470197,0.7751848,0.017212905
176052000,-0.04236062,-0.6828808,-0.3708751
176056000,0.19722733,0.030732363,-0.52079266
176060000,-0.027948074,0.38671586,-0.43126437
176064000,-0.27186143,-0.12977767,-0.2306495
176068000,-0.111355714,-0.07478955,0.052919514
176072000,0.39184132,0.0839019,0.37654704
176080000,0.21128714,-0.13301519,0.3351809
176084000,-0.036869656,0.12082477,-0.010570687
176088000,0.08725688,-0.09466809,-0.49209088
176092000,-0.3351528,-0.45169184,-0.28949445
176100000,-0.21496692,0.18081006,0.009481624
176108000,0.31824487,0.72897387,0.27234876
176112000,0.12379125,0.58608955,-0.053141177
176116000,0.001785778,0.36668304,-0.19909069
176120000,-0.17972742,-0.15620974,-0.04432515
176124000,-0.31715733,-0.48472416,-0.003246922
176132000,0.01632972,-0.45521536,0.71256435
176136000,0.7322605,-0.46010548,0.5281377
176140000,0.88036025,-0.40636325,-0.017825708
176144000,0.47016248,0.054215446,-0.017108075
176148000,0.03401833,0.4647952,0.14182073
176152000,-0.33747604,0.17918853,-0.16641973
176156000,-0.7943669,-0.15878356,-0.44648898
176160000,-0.9223031,0.025506422,-0.20886934
176164000,-0.41930652,0.1344071,0.1096801
176172000,0.21997117,-0.34287065,0.06859007
176176000,0.1670283,-0.13206163,0.11788544
176180000,-0.20982614,0.31975752,0.110731244
176188000,0.3044858,0.2804173,-0.39739543
176192000,0.1541468,0.24368319,-0.42874143
176196000,0.19560522,0.32067636,-0.11704922
176200000,0.31857497,0.16915253,0.11536965
176204000,0.07571282,-0.41873157,-0.038587935
176208000,-0.10944417,-0.56597626,-0.15925412
176216000,-0.06763023,0.32460403,0.117677145
176220000,0.15695423,0.5517845,0.09300474
176224000,0.059318855,0.74794316,0.13986447
176228000,-0.2740499,0.564559,0.1595641
176232000,-0.25683317,0.011673734,-0.2057156
176236000,0.07324553,-0.4339229,-0.6665411
176240000,0.30458573,-0.4914271,-0.31033134
176244000,0.26749912,-0.1433122,0.20711794
176248000,0.10745463,-0.191103,0.38597625
176252000,-0.30675384,-0.50755006,0.3646352
176256000,-0.8418124,-0.20939565,0.2639945
176264000,0.23337734,0.26433286,0.33215606
176268000,0.68689096,-0.058239643,0.030383058
176272000,0.548681,-0.3497133,-0.13600293
176276000,0.23122784,-0.27055407,-0.3492785
176280000,-0.04504922,-0.055418782,-0.41635883
176284000,-0.5097316,-0.043500554,-0.3545094
176288000,-1.0004418,-0.08476973,-0.032099936
176292000,-0.7963935,0.053823788,0.65220284
176296000,-0.24416965,0.20449118,0.8238195
176300000,0.10534102,0.05960143,0.119935244
176304000,0.24718207,-0.035096988,-0.62974507
176308000,0.10113027,0.19899672,-0.5227933
176312000,-0.15909639,0.33893657,-0.042841665
176320000,0.12720357,-0.21558614,-0.032249026
176324000,0.76718515,-0.019904576,-0.007413533
176332000,0.86297244,-0.31680864,0.5256477
176340000,-0.66391927,-0.1311542,-0.014677413
176344000,-0.5888611,0.32870913,-0.49009997
176348000,-0.16393277,0.4929976,-0.5306207
176352000,-0.030073844,0.0847635,-0.27486536
176356000,-0.12913275,-0.07919168,-0.15664244
176360000,-0.061838765,0.245134,-0.16857636
176364000,-0.16121428,0.46622056,-0.004010767
176372000,-0.04509922,-0.2620364,0.48991695
176376000,0.25487676,-0.3975045,0.40346825
176380000,0.5140606,-0.17315423,-0.023366928
176384000,0.51492,0.2757583,-0.024933916
176388000,0.23135203,0.44517624,0.084954135
176392000,-0.20722057,-0.007882312,-0.10526435
176396000,-0.64455247,-0.4097677,-0.14450264
176404000,-0.03075976,0.2737105,-0.43250284
176408000,0.06169042,0.56766057,-0.31660324
176412000,-0.027071029,0.42050302,0.065785155
176416000,0.110416934,-0.20562732,0.39956057
176420000,0.18478869,-0.31390536,0.39245394
176424000,-0.062008686,0.34359378,0.23141842
176428000,-0.2296154,0.73490775,0.35589522
176432000,-0.04246612,0.34912348,0.2981723
176436000,0.08135569,-0.31493196,-0.2892083
176444000,-0.39252913,-0.9945546,-0.2639581
176452000,0.10937479,-0.39948288,0.1268135
176456000,0.5460042,0.085731074,0.32038507
176460000,0.8959405,0.31143963,0.47442278
176464000,0.33617085,0.47168347,-0.02012685
176472000,-0.5973191,0.17033757,-0.2901644
176476000,-0.70679873,0.23863171,-0.43587378
176480000,-0.660283,0.33652243,-0.50456405
176488000,0.010084588,-0.1942873,0.21815914
176492000,0.15711585,-0.36194247,0.31252688
176500000,0.30986124,0.043342076,-0.294496
176504000,0.20207793,0.06436425,-0.17904362
176508000,0.2715764,-0.018367648,0.1692813
176516000,0.6834279,-0.7481626,0.391257
176520000,0.31515008,-0.68968016,0.19395459
176524000,-0.43958172,0.14273673,0.27380505
176528000,-1.0131505,0.71553195,0.22738123
176532000,-0.39448243,0.41551423,-0.21374103
176540000,0.4365409,0.43226257,0.024474934
176544000,0.0738,0.42123857,0.2875074
176548000,-0.17989881,0.041126087,0.08735798
176552000,-0.5406592,-0.009090222,-0.04950956
176556000,-0.6586533,-0.23167695,-0.057173654
176564000,0.37714982,-1.1211307,-0.35923854
176568000,0.51610506,-0.7661066,0.20235191
176572000,0.26247036,0.16087636,0.5303875
176576000,-0.05790233,1.0759833,0.224763
176584000,0.08043927,0.22904256,-0.0837076
176588000,-0.08014311,-0.20099309,-0.35385874
176592000,-0.408835,0.022225127,-0.6804083
176600000,0.11480151,0.29325703,-0.038367562
176604000,0.04353156,-0.037147656,-0.06725295
176608000,0.31754932,-0.02965708,0.04732354
176616000,-0.1831938,0.09693093,0.37518632
176620000,-0.6953317,0.062343992,0.6418623
176624000,-0.43480995,-0.5512631,0.32927847
176632000,-0.01757095,-0.46677145,0.1807232
176636000,0.01556655,0.087427184,-0.05243701
176640000,-0.088891126,0.27983955,-0.47114012
176648000,-0.05880832,0.45479834,-0.24194798
176656000,0.790851,0.021721452,-0.40531117
176660000,0.46944505,0.030890409,-0.11373875
176664000,-0.19916993,0.069270216,0.1532394
176672000,-0.43269166,-0.14667246,0.4096792
176676000,0.057989895,0.13829072,0.34335056
176680000,0.28077045,0.2379351,0.28400898
176684000,0.31424132,-0.27946392,0.08923904
176688000,0.10331141,-0.7854267,-0.61992645
176692000,-0.29524544,-0.43640703,-0.66843677
176696000,-0.30044973,0.10389635,0.13432641
176700000,0.008967415,0.08006449,0.6966067
176704000,0.047630016,0.1298012,0.33948678
176708000,0.024700139,0.2736181,-0.20181774
176712000,0.052837197,0.03110741,-0.23316959
176716000,-0.11230866,0.012727317,-0.15520787
176720000,0.13145697,0.23964204,-0.12867266
176724000,0.53556615,0.18644795,0.042135164
176728000,0.16641426,-0.012897922,-0.043656494
176732000,-0.30497733,-0.3859306,-0.3975268
176740000,-0.26398295,-0.0598851,-0.085603386
176744000,-0.458878,0.38616073,-0.15335113
176752000,0.050219394,0.5695958,0.69348925
176756000,0.051852994,-0.096672654,0.65720856
176760000,0.13598879,-0.5828262,0.3603478
176764000,0.34123936,-0.25386748,0.052275013
176768000,0.49343425,0.1812898,-0.18973352
176772000,0.32858086,0.1678453,-0.37263954
176776000,0.13285069,-0.19652143,-0.43528748
176780000,-0.07070077,-0.4272731,-0.036362857
176784000,-0.44437513,-0.37598753,0.1723525
176788000,-0.5331873,-0.2701769,-0.21879171
176792000,-0.21191178,0.0665652,-0.3031426
176800000,0.17273699,0.1462279,-0.02604144
176804000,-0.035566315,0.15690854,0.36454937
176808000,-0.1567133,0.045418356,0.2145426
176812000,0.11548861,-0.30797783,-0.14481111
176816000,0.23010325,-0.49347737,0.076582104
176820000,-0.17923434,-0.6603138,0.23407045
176824000,-0.43674326,-0.43713903,0.16002032
176828000,-0.3135018,0.15982935,-0.13851069
176832000,-0.20937064,0.3561571,-0.42151743
176836000,0.04560124,0.0956742,-0.09887023
176840000,0.490445,0.01676568,0.031066991
176844000,0.6202151,0.13998552,-0.108013645
176848000,0.24692784,0.14362136,0.09171719
176856000,-0.4758072,0.3822583,0.6824255
176860000,-0.29613274,0.616022,0.33862466
176864000,0.3814929,0.82004654,-0.38880178
176868000,0.62630004,0.6532914,-0.51731455
176872000,-0.13298187,0.3372172,-0.14247511
176880000,-0.9361405,-0.6679308,-0.14947769
176884000,-0.49675733,-0.874494,-0.25857344
176888000,0.34600696,-0.4791513,-0.31806958
176892000,0.40126258,0.011090197,-0.00330469
176896000,-0.046658665,0.014268054,0.19714826
176904000,0.48702386,0.39496458,0.38404223
176908000,0.1403085,0.022285104,0.23690599
176916000,0.047999866,-0.35628822,-0.15866312
176920000,-0.16748574,0.20122978,-0.18742812
176924000,0.14075494,0.6520249,-0.19632566
176932000,0.138918,-0.15695587,0.19962831
176940000,-0.74215585,-0.35785824,0.037901446
176944000,-0.9203938,0.13538796,-0.44511843
176948000,-0.53824216,0.66452754,-0.35010016
176952000,0.06444478,0.2427577,0.21819541
176956000,0.44579092,-0.74264467,0.5254503
176960000,0.71854734,-0.8802819,0.22523141
176968000,0.6474354,0.19152443,-0.4618057
176972000,0.16197304,0.34319064,-0.3731813
176976000,-0.12112346,0.318941,-0.0751731
176984000,-0.2689439,0.47482407,-0.014439993
176992000,0.22656788,0.033879634,0.031949326
176996000,-0.3347562,-0.1493093,-0.08231462
177000000,-0.5901554,-0.32270512,0.36719543
177004000,-0.49018863,-0.4245294,0.43432164
177008000,-0.19706395,-0.46335974,0.19943178
177012000,0.29478568,-0.23895428,0.36730283
177016000,0.3339817,0.013870448,0.2680066
177024000,-0.15591797,0.3436136,-0.6068066
177028000,0.23605682,0.017475113,-0.7029029
177036000,0.515638,-0.18324664,-0.438988
177040000,0.033755645,0.14057365,0.45155132
177044000,-0.33054674,0.13575405,0.8438409
177052000,-0.88457286,0.17063785,-0.31785077
177056000,-0.86555433,-0.21602283,-0.043909475
177060000,-0.4122981,-0.005498424,0.47480005
177064000,-0.023079216,0.3387928,0.44653445
177068000,0.14660177,0.045335293,-0.06529066
177072000,0.28568664,-0.35738027,-0.23109514
177076000,0.13079673,-0.24171844,-0.094380334
177080000,-0.22476083,-0.25075075,-0.1651365
177088000,0.37727606,0.34088776,0.2706668
177092000,0.49926323,0.55795383,0.20900464
177096000,0.30690572,0.62496907,-0.010465637
177100000,-0.23953955,0.6553148,0.36283982
177108000,0.1420731,-0.053095847,0.3234927
177112000,0.55398184,-0.2591229,-0.4338183
177116000,0.039215952,-0.43457392,-0.6291118
177120000,-0.3317562,-0.3186909,-0.10768416
177128000,0.18284476,0.04942767,-0.7400677
177132000,0.24807467,-0.17968723,-0.50985867
177136000,0.05319419,-0.1544601,0.118712805
177140000,0.054369964,0.3963019,0.08703782
177144000,0.16021708,0.5392199,-0.091246456
177148000,-0.11827093,0.24949948,0.24715437
177156000,-0.038089976,-0.3152462,0.13632092
177160000,0.3588512,-0.63328415,-0.17567901
177164000,0.5761305,-0.3723206,0.13428943
177172000,0.06516106,0.13738896,-0.27620012
177180000,0.068551734,-0.006536752,0.23373228
177184000,-0.38904592,-0.19145487,0.15907791
177188000,-0.32947007,-0.33901957,-0.034515865
177192000,-0.020146541,-0.014787108,-0.5728738
177196000,-0.18629661,0.3323443,-0.6315075
177200000,-0.13290152,0.3532761,-0.079641014
177204000,-0.02835678,0.087143615,0.42986834
177208000,-0.121043965,-0.34070808,1.0107973
177212000,-0.09020574,-0.3961487,0.76312536
177216000,-0.1565224,-0.29630145,-0.22261012
177220000,-0.17583871,-0.011621825,-0.8576382
177228000,0.07507746,0.6313616,-0.16081138
177232000,-0.0112544,0.27986798,0.42965066
177236000,-0.00281129,-0.23375618,0.34258473
177240000,-0.2973831,-0.9724146,-0.06432895
177244000,-0.4476977,-1.1191047,-0.3265651
177248000,-0.10274619,-0.33148575,-0.21489856
177252000,0.40701148,0.63696194,0.073907
177256000,0.92471737,1.1763961,0.14246082
177260000,0.7624231,0.6227089,0.009541526
177264000,0.120860666,-0.6204167,0.11976218
177268000,-0.08498752,-0.8821286,0.35404003
177272000,0.28482014,-0.07651234,0.21332835
177276000,0.2154837,0.41180667,0.086714454
177284000,-0.40341136,-0.15326265,-0.25895542
177288000,-0.5969129,0.17786148,0.19884288
177292000,-0.9576308,0.2823458,0.5042932
177300000,0.67292,-0.5930511,-0.46798077
177308000,0.11725217,-0.028126687,-0.40411264
177312000,-0.36876953,0.4283055,-0.03538753
177316000,-0.3146596,-0.02826345,-0.2635077
177324000,0.09650959,0.33141336,-0.044121206
177332000,-0.5273044,0.5170302,0.2934881
177336000,-0.92995256,-0.013174608,-0.23787382
177340000,-0.13648938,-0.061004113,-0.41808602
177344000,0.7121585,0.23165485,0.04772304
177352000,0.13849348,0.09965725,0.2930212
177360000,-0.12428807,-0.24556258,0.3802882
177368000,0.14413434,-0.025596745,0.281397
177372000,0.4404853,0.19169088,0.23415858
177376000,0.21568067,-0.08929001,0.1426348
177380000,0.062597156,-0.3249895,-0.07609438
177384000,0.40548933,-0.35138208,-0.16963571
177388000,0.3713753,-0.40300792,0.004226409
177392000,-0.2738006,-0.15448394,0.14351502
177396000,-0.9183346,0.06497005,-0.087877795
177400000,-0.75675213,0.059729703,-0.23322794
177404000,-0.04780665,0.3622816,0.0407629
177412000,-0.1977808,1.0097383,-0.23190296
177416000,-0.10923128,0.24225515,-0.39638656
177420000,0.05852326,-0.54827374,-0.28919008
177424000,0.053603515,-0.7760205,0.082360916
177428000,0.18919322,-0.5964127,0.111095324
177432000,0.4019893,-0.03973694,-0.17989793
177436000,0.30429727,0.3133738,0.28443885
177440000,0.24705674,0.25091287,0.8575926
177444000,0.32324904,0.011872195,0.31032833
177448000,0.14523056,-0.24793138,-0.259122
177452000,-0.036023743,-0.41884303,-0.22734715
177456000,-0.005779535,-0.49027988,-0.48369217
177464000,0.3662523,0.5496864,-0.33759516
177472000,-0.58780545,0.04933632,-0.028561208
177480000,-0.10836685,-0.26088214,0.14730386
177488000,0.11714662,0.4879,0.7227895
177492000,0.32550803,0.5486482,-0.07485849
177496000,-0.1325577,0.37521446,-0.121045515
177504000,-0.27358526,-0.46828485,-0.12488121
177508000,-0.1530418,-0.08486076,-0.33848745
177512000,-0.119771525,0.28134835,-0.22230357
177520000,0.7303437,0.047044076,-0.26617292
177524000,0.64696467,-0.028942293,-0.061558288
177528000,-0.017237961,-0.2434695,0.35419026
177532000,-0.33624864,-0.32885396,0.53181285
177536000,-0.3770733,0.07326547,0.16243973
177540000,-0.6122729,0.49867046,-0.121064484
177544000,-0.6392357,0.34252357,-0.22040725
177548000,-0.13651551,-0.012696851,-0.29599106
177552000,0.66960347,-0.27516764,0.23481213
177556000,1.1935626,-0.33459178,0.7027577
177560000,0.6403563,-0.19505358,0.04999289
177564000,-0.22295126,-0.33973637,-0.4861176
177568000,-0.51526475,-0.54341704,-0.19366132
177572000,-0.6746454,-0.29945958,0.088058904
177576000,-0.7134954,0.22246633,-0.014170731
177584000,0.34801656,0.36203852,-0.13640982
177588000,0.6995719,0.14322893,-0.0978152
177592000,0.69026875,-0.04639989,-0.17404419
177596000,0.42365462,-0.47493628,0.12017344
177600000,0.08785436,-0.725553,-0.08882974
177604000,-0.1662285,-0.21375088,-0.44413298
177608000,-0.2843194,0.42379174,0.0483993
177616000,-0.5575831,-0.09899658,0.48882404
177620000,-0.15299246,-0.42823392,0.48878765
177624000,0.23739855,-0.35976726,0.16680312
177628000,0.038150266,0.28750145,-0.10097716
177632000,-0.33517167,0.67808294,-0.5513688
177640000,0.006968513,-0.048038773,-0.71712697
177644000,0.36608294,0.022310786,0.122797
177648000,0.6172129,-0.18445896,0.40988004
177652000,0.5983383,-0.3165572,0.29548472
177656000,0.117571145,-0.047384337,0.5200543
177660000,-0.28985554,0.16465473,0.31307128
177664000,-0.19655803,-0.18194965,-0.18218543
177668000,0.04728854,-0.48375025,-0.11380607
177672000,-0.1427773,0.3162589,0.25542325
177676000,-0.7052887,0.84989023,0.3951656
177680000,-0.8619734,0.26744068,0.024100453
177688000,0.3932973,-0.2409083,-0.71557266
177692000,0.7655203,-0.16273837,-0.13229933
177700000,0.4536683,0.003862664,-0.043885678
177704000,-0.100017965,0.068666965,-0.44485763
177708000,-0.52093697,0.11923392,-0.6461659
177712000,-0.36074084,0.51116747,-0.42149302
177716000,0.051822804,0.5075074,0.2522058
177720000,0.37952667,-0.19954559,0.79535943
177724000,0.6671127,-0.90929246,0.8521376
177732000,-0.49676204,-0.6094705,0.21645427
177736000,-1.0181727,0.18177915,0.03415754
177740000,-0.6561606,0.7146642,-0.13811125
177748000,0.5729443,0.72531575,-0.25266215
177752000,0.4621656,0.01668875,-0.22047698
177756000,-0.20932326,-0.9853885,-0.10247371
177760000,-0.57738966,-0.97264504,0.19220641
177764000,-0.27712575,-0.34218344,0.2521066
177768000,0.26594836,0.27244133,0.026660755
177772000,0.3799124,0.5268829,-0.31260994
177776000,0.18247786,0.39927486,-0.4644717
177780000,0.13162722,0.30307302,-0.016878396
177784000,0.062343657,0.42727602,0.2556601
177788000,-0.018552229,0.36876628,-0.06814262
177792000,-0.06356079,0.04272887,-0.43057677
177796000,-0.0769267,-0.20775035,-0.4588477
177804000,0.056991078,0.2907775,0.002200199
177808000,0.1913702,0.5175416,0.07424837
177816000,-0.32717112,-0.2173055,0.48799604
177820000,-0.0909491,-0.09135424,0.02710168
177824000,-0.058097705,-0.009996403,-0.09442867
177828000,-0.28260866,-0.07555065,0.37503844
177836000,0.2788525,0.29544976,-0.10459161
177840000,0.79658586,0.1584961,-0.33197796
177844000,0.48160762,0.07693144,-0.31508023
177848000,0.20672686,-0.18101092,-0.18273473
177852000,0.06706332,-0.79588455,-0.072997674
177856000,-0.25641963,-0.9559717,0.21415201
177860000,-0.5435033,-0.76670396,0.34577578
177864000,-0.5554343,-0.24688378,0.07334764
177868000,-0.2646955,0.37952176,0.06231925
177872000,0.11334282,0.40648872,0.36609685
177876000,0.03867995,0.2521811,0.27699104
177880000,-0.22141144,0.13554822,-0.14841036
177888000,0.33234578,-0.35315403,-0.12089847
177896000,0.53300303,0.24087918,0.2376594
177900000,0.12632553,0.20727104,0.103171214
177904000,-0.16761449,0.1264384,-0.093207985
177908000,-0.29102293,0.028485902,-0.002288856
177916000,-0.020259067,0.71265924,-0.05719942
177920000,-0.08576735,0.4723861,-0.26412317
177924000,0.29948112,-0.27566516,-0.2873774
177928000,0.4151945,-0.6861404,0.10212031
177932000,-0.03342326,-0.48868036,0.32468584
177940000,0.20691204,-0.07039642,0.23620115
177944000,-0.04768069,-0.14949545,-0.02641347
177948000,-0.5126034,0.026169524,-0.29587123
177952000,-0.46239346,0.4714714,-0.35598642
177956000,0.09288192,0.34569758,-0.13996227
177964000,-0.09871967,-1.0356275,-0.33328626
177968000,-0.20272562,-0.21680453,-0.48022038
177972000,-0.008250356,0.46668342,-0.18957019
177976000,0.004742041,0.19486311,0.22018453
177980000,-0.049435183,-0.008618314,0.37583792
177984000,-0.20614752,0.43929943,0.63887566
177992000,0.28773007,0.4086338,-0.036741257
177996000,0.16512054,-0.29129988,-0.1264398
178000000,-0.08703503,-0.28075135,-0.022993295
178004000,-0.09063435,0.062576994,-0.2064867
178008000,0.037819207,0.004634686,-0.41220438
178012000,-0.08660893,-0.32631058,-0.58984894
178016000,-0.12896562,-0.2178049,-0.66155285
178020000,0.17339014,0.02596692,-0.60677326
178024000,0.3352969,-0.13720521,-0.039307564
178028000,0.033204958,-0.17351612,0.8513834
178032000,-0.5264234,0.11029087,1.1741576
178040000,-0.29261878,-0.27689892,0.29781696
178044000,0.21634804,0.07040256,-0.003714282
178048000,0.53013355,0.7140818,-0.31403574
178052000,0.48568535,0.6652851,-0.55212957
178056000,-0.10914911,0.25829002,-0.53834796
178060000,-0.64831764,0.24365681,-0.38459098
178064000,-0.45624298,0.48226634,-0.046456188
178068000,0.21052808,0.53120327,-0.16417038
178072000,0.23523726,-0.014997199,-0.38605297
178076000,-0.04427545,-0.6568593,0.10560498
178080000,0.07357715,-0.721962,0.32037756
178088000,0.30367002,-0.002080366,0.040215068
178092000,0.17194387,0.51035017,0.53128994
178096000,0.1222021,0.043455094,0.81411976
178100000,0.20342365,-0.24426843,0.5043047
178104000,0.011397302,0.119384155,-0.020699777
178112000,-0.5599941,-0.12456258,-0.713201
178116000,-0.3384171,0.042614006,-0.44079795
178120000,-0.12836291,-0.40464148,-0.33986965
178124000,-0.11285678,-0.8010021,-0.019847795
178128000,0.10235867,-0.58938575,0.23200092
178132000,0.29512864,-0.09341593,0.26944068
178140000,0.032710306,0.34446937,0.34850463
178144000,0.20475745,0.5131437,0.33407372
178148000,0.34370977,0.27941245,0.3114372
178152000,0.5005511,0.08418199,-0.16700725
178156000,0.694655,0.3034659,-0.6257738
178164000,-1.015127,-0.36125636,0.12761441
178168000,-0.62136793,-0.4183907,0.030260898
178172000,0.27504152,0.15365167,-0.5030628
178176000,0.40227675,0.4905824,-0.32930142
178184000,0.29390165,-0.386977,0.040932193
178188000,0.2109662,-0.33383518,0.23088032
178192000,-0.115055084,-0.35284635,0.41704458
178196000,-0.06471893,-0.44183916,-0.11314008
178200000,0.17135674,0.10706182,-0.5165936
178204000,-0.12310535,0.60228,-0.03976983
178208000,-0.43867302,0.28236234,0.42873695
178216000,-0.16007936,-0.20941198,0.123445
178220000,-0.38116118,0.08140585,-0.15748852
178224000,-0.4092542,0.31725952,-0.3964757
178232000,1.0313,0.27039728,-0.2109499
178236000,1.1725769,-0.038890094,0.23357289
178244000,-0.14605229,-0.16223404,0.000767462
178248000,-0.87217015,-0.085080005,-0.216273
178252000,-0.51376486,-0.09629838,-0.054499514
178256000,-0.05173988,-0.22470592,0.38217342
178260000,-0.16797721,-0.07773354,0.4149019
178268000,0.24050434,-0.30964762,-0.4358811
178272000,0.09036018,-0.06575078,-0.30940545
178276000,-0.061415747,0.4319036,-0.17464894
178280000,0.16715558,0.68028516,-0.075153835
178284000,-0.056445733,0.24206482,0.13727562
178288000,-0.27103487,-0.48820415,0.2563339
178292000,0.26155412,-0.5644451,0.06589912
178296000,0.46966648,0.048820615,0.11096987
178300000,0.0709472,0.5367683,0.5218746
178308000,-0.14254609,-0.20507641,0.061046526
178312000,0.19043532,-0.26696336,-0.2726823
178316000,0.106095105,-0.09432489,-0.07763834
178320000,-0.18291096,-0.017672902,-0.004925959
178328000,-0.3384347,-0.005766172,-0.2287473
178332000,-0.28690284,-0.14286017,-0.31729048
178336000,0.054416776,-0.08142412,-0.3468892
178340000,0.063225225,0.039446987,-0.2997936
178344000,-0.017987523,-0.1177451,0.10736243
178348000,0.23758066,-0.3049668,0.4079486
178352000,0.13804197,0.014552891,0.2729096
178356000,-0.3391186,0.34847823,0.19249092
178364000,0.14125651,-0.21205112,0.17475958
178368000,0.3313808,-0.072049834,-0.3461749
178372000,0.23613209,-0.040288184,-0.6763521
178376000,-0.0725417,-0.09441452,-0.47855905
178380000,-0.2206949,0.17971066,0.08500819
178384000,-0.4235427,0.55123234,0.68308145
178388000,-0.41067907,0.54339206,0.79997766
178396000,0.47724828,-0.3527141,0.28692442
178400000,0.34680092,-0.35093027,-0.45050222
178408000,-0.13115951,-0.5063765,-1.0657203
178412000,0.17533812,-0.3322233,-0.5667958
178416000,0.35108206,0.61913335,0.07192209
178420000,0.31283975,0.94708014,0.3493202
178424000,0.14054297,0.09159163,0.1880083
178428000,-0.34174943,-0.43582058,0.07804763
178432000,-1.1103233,-0.16665132,0.30536836
178436000,-1.1748569,0.16804844,0.44552955
178440000,-0.2652619,0.48257688,0.19293816
178448000,0.26653498,-0.2730578,-0.39563152
178452000,0.4384782,-0.92110485,-0.20746621
178456000,0.5900119,-0.8274178,-0.15728107
178460000,0.49137387,-0.3926397,-0.42851585
178464000,0.12207137,0.008480184,-0.45773405
178472000,-0.07359908,-0.052260216,0.9420745
178476000,0.09064771,0.0275812,0.5318529
178484000,0.71422476,0.3349507,-0.5342871
178488000,0.3685018,-0.043588832,-0.44322988
178492000,-0.119445704,-0.56263524,0.2885922
178496000,-0.06817156,-0.41533387,0.7774601
178500000,0.06809928,0.19178426,0.47942108
178508000,-0.3541604,0.19605203,-0.18757413
178512000,-0.44060296,0.324589,-0.24876636
178516000,-0.45546746,0.13625379,-0.37170205
178524000,-0.13685846,0.18896222,-0.45655212
178528000,-0.24861285,0.21943481,-0.22231573
178532000,0.13928354,0.11378184,0.28508222
178536000,0.51912653,0.07448256,0.53461653
178540000,0.4434619,-0.13730845,0.1887642
178544000,0.34516844,-0.07601027,-0.20011637
178548000,0.22957775,0.12031083,0.029424176
178552000,0.008516777,-0.37830788,0.6007451
178556000,-0.13357133,-0.59904337,0.19046172
178564000,-0.43879312,0.58890486,-0.48202336
178568000,0.030963898,0.8182171,0.15865624
178572000,0.29242808,0.58900034,0.38790664
178576000,0.10778318,-0.13727851,0.29959103
178580000,-0.25623858,-0.79979837,0.16881895
178584000,-0.43095282,-0.8675621,0.24476932
178592000,0.030011833,-0.059068665,0.030223183
178596000,-0.19347934,0.08417966,-0.1115364
178600000,-0.06688753,0.33604836,-0.09340782
178604000,0.19307446,0.39789033,-0.019368919
178608000,0.03496322,0.12406464,0.096398205
178612000,-0.23388907,-0.05905691,0.07550128
178616000,-0.28640553,-0.3271781,-0.1359793
178620000,-0.0594545,-0.55666435,-0.16809782
178624000,0.42627966,-0.33417958,0.14002985
178628000,0.8237502,-0.060552657,0.3352833
178632000,0.5645707,-0.06442496,-0.12727278
178636000,-0.20155916,-0.15240921,-0.53169024
178644000,-0.0346964,0.0542792,0.011334382
178648000,0.06218783,0.101522215,-0.04775495
178656000,-0.29555067,0.26978487,-0.17194338
178660000,-0.33696395,-0.122926354,-0.47082692
178668000,-0.098699495,0.7820364,0.17027491
178672000,-0.14599855,0.3765752,0.13653049
178680000,0.60790753,-0.09083025,0.07104145
178684000,0.45157328,-0.057671234,0.46851224
178688000,-0.33916026,0.11946379,0.20301495
178692000,-0.5384063,-0.020727769,-0.38579217
178696000,-0.39451343,-0.21085036,-0.5911214
178700000,-0.24218144,0.06412712,-0.42606333
178704000,0.04328482,0.07324152,-0.18284428
178708000,0.18286368,-0.272541,-0.010628063
178712000,0.217015,-0.5525602,0.41044402
178716000,-0.1837467,-0.41702044,0.6381511
178720000,-0.45149395,0.08946382,0.16542313
178728000,0.54445857,0.1285764,0.14786972
178732000,0.41489083,0.10875347,0.011786789
178736000,0.23550633,0.41969368,0.053991415
178740000,0.41879082,0.29683545,0.023822203
178744000,0.37496752,0.019945078,-0.04792747
178752000,-0.27737194,-0.24133584,-0.082177795
178756000,-0.3440615,-0.06653258,-0.39593193
178760000,-0.23918015,-0.064798705,0.08341345
178764000,-0.030655779,-0.26175597,0.49739757
178768000,-0.13968095,-0.088653386,0.36198646
178772000,-0.08167312,0.058798622,0.25202686
178776000,0.30795687,-0.033856444,0.0001399
178780000,0.24579723,0.09789109,-0.5574209
178784000,-0.32717916,0.3552243,-0.87143916
178788000,-0.31725064,0.22374862,-0.570742
178792000,0.34344313,-0.18576486,-0.050539955
178796000,0.42143255,-0.22966565,0.26211727
178800000,0.19994839,0.15714732,0.26965454
178804000,0.16998257,0.14442453,0.27534062
178808000,0.04843204,-0.02940299,0.33549106
178812000,-0.26641005,0.18879256,-0.08004357
178816000,-0.46128938,0.10447349,-0.4388781
178820000,-0.008333325,-0.48789147,-0.13819721
178824000,0.38167992,-0.7959399,0.22368169
178828000,0.115046315,-0.3887437,0.23298323
178836000,-0.069926865,0.5421224,0.25182128
178844000,0.09758441,-0.21374519,0.29550663
178848000,0.49208993,-0.4993014,-0.001193158
178852000,0.4597993,-0.46140385,-0.12658365
178860000,-0.43237853,0.20567644,-0.19729857
178864000,-0.85438967,0.6566365,0.2569754
178868000,-0.37267774,0.59917134,0.5202355
178872000,0.2214565,0.06737238,0.0606488
178876000,0.57292277,-0.28339332,-0.5208396
178880000,0.80071986,-0.16509989,-0.39681897
178884000,0.65831447,-0.17662747,0.11122655
178888000,0.15589866,-0.29177123,0.2726344
178892000,-0.4703368,-0.52211756,0.009717956
178896000,-0.9500002,-0.9063096,0.03711476
178900000,-0.9590316,-1.2438451,0.22792657
178904000,-0.41787225,-1.6372739,-0.09025535
178908000,0.13346906,-1.4458367,-0.37660784
178912000,0.3084544,-0.94979805,-0.13334067
178916000,0.3059864,-1.0922351,0.49231452
178920000,0.07444282,-1.253783,0.2356966
178924000,-0.08210257,-1.209742,-0.79873025
178932000,0.42990437,-0.9880996,0.41607118
178940000,0.34082305,-1.241597,0.23052713
178944000,0.7050188,-1.41694,-0.058541637
178952000,-0.15137497,-1.5025886,-0.22278214
178956000,-0.5241266,-1.25565,-0.23562503
178960000,-0.5964095,-0.84862685,-0.13536696
178964000,-0.25278667,-0.98785585,-0.150672
178968000,0.058685277,-1.1043524,-0.066189975
178972000,-0.20012364,-0.884825,-0.008193214
178980000,-0.15292338,-0.39411545,-0.6122893
178984000,0.30056903,-0.41262102,-0.42625183
178988000,0.43196106,-0.69736385,0.4660933
178992000,0.1366943,-0.8599459,0.75098157
178996000,-0.29721075,-0.8128805,0.2492023
179000000,-0.30421397,-0.82967544,0.027821178
179004000,-0.119308576,-0.8034165,0.09605579
179008000,-0.087995954,-0.56263614,0.018237948
179012000,-0.031491797,-0.40735924,0.006950282
179016000,0.041423075,-0.38701752,0.12024017
179020000,0.040253922,-0.62907934,0.16961402
179024000,0.2983733,-0.9685562,-0.13460898
179028000,0.33224165,-0.8377353,-0.7827424
179032000,-0.14243871,-0.69157577,-0.9824137
179036000,-0.41752854,-0.7671319,-0.34927768
179040000,-0.23867103,-0.52762634,0.36364025
179048000,0.49776697,-0.39625698,0.35238498
179052000,-0.2261349,-0.3850277,0.13833496
179056000,-0.75537884,-0.25634176,-0.36685336
179060000,-0.45423883,-0.46585473,-0.28341684
179064000,-0.09217316,-0.47339195,0.32822013
179072000,0.11253548,-0.38425806,0.051574346
179076000,0.5213313,-0.22925213,0.07338506
179080000,0.5440282,0.03830734,0.2834139
179084000,0.68808734,-0.217644,0.41088057
179088000,0.5067699,-0.45651054,0.20433196
179092000,-0.33582693,-0.4286594,-0.14646529
179096000,-0.6150255,-0.3499236,-0.05820732
179104000,-0.54606014,0.24015251,-0.021302432
179108000,-0.33307087,0.6602066,-0.21139212
179112000,0.15564224,0.7518923,-0.34072864
179116000,0.44417167,0.32056302,-0.4588691
179120000,0.3032538,-0.14872153,-0.16682377
179124000,0.1011917,-0.038010716,0.4143052
179128000,0.23085478,-0.03920217,0.78743523
179132000,0.14165255,-0.14789698,0.7945801
179136000,-0.25521863,0.22188734,0.26485732
179144000,0.41091567,-0.10187003,-0.9790638
179152000,-0.146511,-0.09651443,0.024792224
179156000,-0.18747017,0.18068133,0.38728198
179160000,0.1675592,0.7760931,0.36618185
179164000,0.11118531,0.73653543,0.28629923
179172000,0.25100493,0.020664059,0.08006352
179176000,0.2939233,0.62556905,-0.219712
179184000,-0.3014338,0.64299667,-0.84734464
179192000,-0.19109716,0.103458844,0.75794506
179196000,0.094077565,0.2403843,0.9518783
179200000,0.5289531,0.4538666,0.54074085
179204000,0.4623863,0.8983959,-0.07210176
179212000,-0.23130742,0.05013749,-0.24234568
179220000,0.10091791,0.12908065,0.15309256
179224000,-0.29776415,0.40858537,0.22275764
179228000,-0.3184751,0.27083504,0.15004537
179232000,-0.1236556,0.29606146,-0.21738468
179240000,0.20506886,1.2908447,-0.33523494
179244000,0.5510177,0.83454955,0.058318257
179248000,0.13089953,0.29537195,0.08626948
179252000,-0.34862384,0.06296524,0.19998454
179256000,-0.42840418,0.10491268,0.42094892
179260000,-0.3764026,0.07714729,0.10165921
179264000,-0.047812536,0.18528143,-0.4835378
179272000,0.2504161,1.4400165,0.32501853
179276000,0.27180457,1.2304096,0.3506515
179284000,-0.05859738,0.52128136,0.25657615
179288000,-0.25153837,0.3290283,-0.13405019
179292000,-0.43829784,0.21296275,-0.45853835
179296000,-0.086254805,0.15460956,-0.36626044
179300000,0.054305047,0.1253731,-0.26126584
179304000,-0.028963394,0.46425527,-0.011652246
179308000,-0.20506683,0.8556852,0.21226828
179316000,-0.13222483,0.18533508,-0.070415124
179320000,0.35944343,-0.25883892,-0.1458189
179324000,0.38747364,0.085102186,-0.06722861
179332000,0.50741297,0.9459408,0.16474588
179336000,0.109900296,0.9367361,0.23316467
179344000,-0.08497818,0.32899883,0.0101854
179348000,-0.2751757,0.03443061,0.15223566
179356000,-0.49499545,0.78515416,-0.63872284
179360000,-0.2572401,0.6812463,-0.5409248
179364000,0.14345667,0.771952,0.20974496
179368000,0.20773351,0.7571051,0.46268684
179372000,-0.19770467,0.4092797,0.15626068
179376000,-0.20823711,0.06294442,-0.03105563
179380000,0.36839715,0.18113188,-0.059671324
179388000,0.038368315,0.7260837,-0.21834427
179396000,0.55351716,-0.054060914,0.5806367
179400000,0.6015916,0.003370378,0.47442976
179404000,0.15495095,0.18999134,0.44742924
179408000,-0.16652426,0.53030604,0.4173017
179412000,-0.23111798,0.71570057,0.25076327
179416000,-0.061522488,0.45739466,-0.17907657
179424000,0.163997,0.48481765,-0.7327864
179428000,-0.04979851,0.49649292,-0.7970344
179432000,-0.118939064,0.6491698,-0.6958036
179436000,0.14715624,0.72036767,-0.020161435
179440000,-0.03632255,0.72036004,0.50763124
179444000,-0.35377806,0.84158015,0.48198006
179448000,-0.34402084,0.55221593,0.28423578
179452000,-0.35366473,-0.020198613,0.01096613
179456000,-0.23195674,-0.26739118,-0.39383993
179464000,0.14988352,-0.07559018,-0.23002583
179468000,0.61601985,0.12639216,0.09029481
179472000,0.47361204,0.3794184,0.3075931
179476000,-0.3797107,0.458994,0.48037744
179484000,0.15906301,0.40103325,-0.6288104
179488000,0.6172668,0.7142015,-0.024496526
179492000,0.2340139,0.6208378,0.70435
179496000,-0.3130498,0.11447103,0.7101035
179500000,-0.28708702,0.0438577,0.06758495
179504000,0.18843675,0.36779878,-0.44348738
179508000,0.2514303,0.38477257,-0.26014718
179512000,-0.19662155,0.22974616,0.12923403
179516000,-0.26988158,0.15554644,0.18647736
179520000,0.001633592,0.15317786,-0.13204923
179524000,0.019911945,0.08161135,-0.20904906
179528000,-0.116832644,-0.26488814,-0.2363324
179536000,-0.050845988,-0.06540033,-0.09710616
179540000,0.14154574,0.14896144,-0.13890967
179544000,-0.07730442,-0.013791382,-0.017514393
179548000,-0.3547277,-0.10313896,0.4069254
179552000,0.25748917,0.51729727,0.48874038
179556000,1.0991116,0.8094658,0.09438504
179564000,-0.13055104,-0.23069505,0.33516183
179568000,-0.24324907,0.20925528,0.2810721
179572000,-0.3467777,0.5395081,0.08365356
179576000,-0.55828536,0.28320324,0.021929838
179584000,-0.22333905,0.70010936,-0.40626663
179588000,-0.2237754,0.23322926,-0.4882316
179592000,-0.15584132,-0.32169196,-0.31302565
179596000,0.07693677,-0.79954004,0.10303734
179600000,-0.004504032,-0.5473997,0.5007565
179604000,-0.057369012,-0.048783608,0.2976145
179608000,0.24640134,-0.1212355,-0.086074345
179612000,0.59775543,-0.20903665,0.007116005
179616000,0.6043852,-0.025297377,0.025983948
179620000,0.12840636,0.049181,0.10100934
179624000,-0.07882358,-0.13448642,0.5537278
179628000,0.15564284,-0.002311066,0.5352136
179632000,0.24551025,0.42260063,-0.21581161
179636000,0.3400263,0.6277145,-0.74028856
179640000,0.21489105,0.55887806,-0.32342076
179644000,-0.12754923,0.21220659,0.1307684
179648000,-0.004461527,0.2103393,-0.17158745
179652000,0.003185451,0.16856536,-0.322178
179656000,-0.6255954,-0.259016,0.15306585
179660000,-0.9722516,-0.2707982,0.56664294
179664000,-0.59553665,-0.3432601,0.41983485
179668000,-0.019126385,-0.48569867,-0.14722162
179672000,0.07861583,-0.1451076,-0.5271112
179676000,-0.25306264,0.1951299,-0.24648908
179680000,-0.053053856,0.13788868,0.20921206
179688000,0.19264172,-0.00320575,-0.68081254
179692000,-0.124333434,0.19307694,-0.2212871
179700000,-0.01856535,-0.27152738,0.14921163
179704000,0.23350793,-0.40561995,0.5329188
179708000,0.4264838,-0.3947001,0.3672496
179712000,0.22439668,-0.35545504,-0.34279937
179716000,-0.18174972,-0.000242427,-0.19424382
179720000,-0.13773201,0.2834798,0.3120754
179724000,0.28745753,0.18855451,-0.07989249
179728000,0.4296234,0.23348202,-0.69478637
179732000,0.120602414,0.20003128,-0.21534222
179736000,-0.054995783,0.012366205,0.435243
179740000,-0.07814946,0.09446542,0.30719566
179744000,-0.33404675,0.15859522,0.1998549
179748000,-0.5716172,0.12843749,0.07433062
179756000,0.17665496,-0.1490326,-0.25493425
179760000,0.10610132,-0.2959005,0.031483844
179764000,-0.092067085,-0.3797534,-0.023085251
179772000,-0.04605879,-0.39758462,-0.09171793
179776000,-0.34745222,-0.082087636,0.06454776
179784000,0.3387969,0.07487255,0.011692461
179788000,0.10867219,-0.48732406,0.22934544
179792000,-0.18745866,-0.7041433,0.12352225
179796000,-0.010212943,-0.31652367,0.3504789
179800000,0.2949159,0.18623993,0.68504333
179804000,0.41364497,0.6692174,0.6390384
179808000,0.20556307,0.7465857,-0.01260452
179816000,-0.20952196,-0.31064594,-1.0563232
179820000,-0.07788735,-0.43747693,-0.4630677
179824000,0.056716032,-0.54039586,0.21305941
179828000,0.022382222,-0.36365467,0.48585224
179832000,-0.06974022,0.03988181,0.48452842
179836000,-0.10892371,0.26856133,0.63493186
179840000,-0.065880954,0.025352366,0.518066
179848000,0.50527525,-0.19473892,-0.25525674
179852000,0.5413154,0.0987046,-1.0567664
179856000,0.34629172,0.39755222,-1.0388808
179860000,-0.04432851,0.4947713,-0.3402023
179864000,-0.58594817,0.23086041,0.25872985
179868000,-0.8917674,-0.11242011,0.48549926
179872000,-0.6403689,-0.08622715,0.26659036
179880000,0.14761859,-0.10561641,-0.151252
179884000,0.11576949,-0.12858331,-0.33973902
179888000,0.24718808,0.12156867,0.16917248
179892000,0.43335575,0.2513588,0.6498462
179896000,0.42892572,0.31043777,0.41706097
179900000,0.000909567,0.22962736,0.10905304
179904000,-0.42264104,-0.10352085,-0.10044456
179908000,-0.30678588,-0.20368153,-0.4128907
179912000,0.27537578,0.1021065,-0.6540632
179916000,0.6830404,0.22832814,-0.6037618
179920000,0.29619598,-0.1057428,-0.15555969
179928000,-0.17112869,-0.508004,-0.003428008
179932000,0.32963407,-0.81105596,0.01981188
179936000,0.2074066,-0.7408088,0.28254455
179940000,-0.54640627,0.2913678,0.4635783
179944000,-0.8250406,1.1016431,0.4001711
179952000,0.27070993,0.13383482,0.1904427
179956000,0.5152767,0.09149842,0.2072082
179960000,0.15981157,0.011993513,0.2244744
179964000,-0.13775174,-0.300752,-0.17115907
179968000,-0.2566554,-0.30274546,-0.34692213
179972000,-0.20245247,0.068716675,-0.13697842
179976000,-0.13081166,0.49167347,-0.40466273
179980000,-0.2848786,0.5999122,-0.55570054
179984000,0.017442107,0.3291844,0.04651022
179992000,0.9045367,-0.14339061,0.5152343
179996000,0.18607505,-0.25742507,0.13177866
180004000,-0.25133216,-0.008606747,0.15397167
180008000,-0.28172234,0.0396955,-0.21946527
180012000,-0.2504563,0.09788269,-0.5267026
180020000,-0.17651147,0.09405451,-0.16800225
180024000,0.06734336,-0.34081095,0.43252978
180028000,0.3474269,-0.27284533,0.40345758
180036000,0.8917379,0.11612253,-0.49650547
180040000,0.49593145,0.09085527,-0.4904536
180044000,-0.37230998,0.14429545,-0.29211926
180048000,-1.0677228,0.11738051,-0.040984906
180052000,-0.9482064,-0.038740505,0.47594994
180056000,-0.15632442,-0.07130176,0.88665676
180060000,0.23803908,0.1319966,0.2518016
180064000,0.25879502,0.33194625,-0.5998337
180068000,0.09754549,0.38464618,-0.20449875
180072000,-0.19868581,0.15759355,0.13180359
180080000,-0.22267148,-0.027577542,-0.5462023
180084000,0.219082,0.19238442,-0.38760757
180092000,0.011147976,0.404179,0.26500657
180096000,0.016581811,0.5893538,0.28239965
180100000,0.4200344,0.28570443,-0.13876612
180104000,0.34183338,-0.32648778,-0.13448432
180112000,-0.19369052,-0.016083062,0.5522506
180116000,-0.34651625,-0.0770496,-0.08901748
180124000,-0.05418226,0.30957595,-0.63016564
180132000,0.2736148,0.059913486,0.26592204
180136000,0.06888895,-0.058995478,0.07431956
180140000,-0.2161094,-0.11784911,-0.04629057
180148000,0.4074492,-0.14953083,0.31280935
180152000,0.50761104,0.38140696,0.38986436
180156000,0.20187855,0.5051988,0.30957866
180164000,-0.41624272,0.13163853,0.3950805
180168000,-0.017121166,-0.025116723,0.24314925
180172000,0.29171732,-0.034225702,0.09020719
180176000,0.2669658,0.20618461,0.40960935
180180000,-0.1855029,0.16708654,0.32289267
180184000,-0.4032248,0.0687173,-0.11983669
180188000,-0.07442342,0.1805431,-0.3514101
180196000,0.3220584,0.19083391,-0.20117143
180200000,0.35977137,0.43421188,0.4009466
180204000,0.24261096,0.34977466,0.20565204
180208000,-0.06709029,-0.039869025,-0.3962661
180216000,-0.29106686,-0.21712822,-0.43362498
180220000,-0.32726774,-0.13054983,0.43246257
180224000,-0.2199356,0.026951224,0.77572924
180228000,0.2674395,0.33340713,0.06441817
180232000,0.29836822,0.6964407,-0.77984536
180236000,-0.100726604,0.37888175,-0.6599114
180240000,-0.28971517,-0.24352103,-0.018890813
180244000,-0.12835428,-0.1826069,0.30715826
180248000,0.10406194,0.1336217,0.41101676
180252000,-0.00236205,-0.13188013,0.38029838
180256000,-0.34406692,-0.56014854,0.17090338
180264000,0.09462032,0.41861108,0.3130738
180268000,0.49077708,0.87863445,0.58179444
180276000,-0.55872375,0.12607564,-0.21439238
180280000,-0.4141494,-0.5130382,-1.1047164
180284000,0.21376453,-0.4118578,-1.2398989
180288000,0.17838085,-0.12388389,-0.31377685
180292000,0.07051852,-0.07360086,0.51619303
180296000,0.26614425,-0.16177526,0.5455801
180300000,0.09472105,-0.2293299,0.540894
180304000,-0.3603516,-0.14779632,0.2828387
180308000,-0.35615823,-0.024103202,-0.38789827
180312000,0.18599066,0.19598524,-0.93200016
180316000,0.4544766,0.30058882,-0.57062215
180324000,0.096215084,0.00227759,0.44669214
180328000,-0.36617318,-0.22131233,0.1614933
180332000,-0.7462902,-0.31354445,0.08481817
180336000,-0.2990243,0.14057603,-0.07117225
180340000,0.41199204,0.5142709,-0.08604857
180348000,0.5494078,0.32217416,-0.004749417
180352000,-0.05919659,0.021023579,0.001324874
180360000,-0.63871825,-0.03779708,0.6645366
180364000,-0.8831194,-0.06353524,0.54397947
180372000,0.07037423,0.073329344,-0.69705355
180380000,1.2079865,-0.33957702,-0.07714215
180388000,0.17407331,0.3198095,0.003319431
180392000,-0.3899486,0.550659,-0.06331496
180396000,-0.387157,0.52718365,0.19271143
180404000,0.13133681,-0.001791247,0.21373823
180408000,-0.3206678,-0.19850077,-0.14535598
180412000,-0.3187952,-0.52938026,-0.21014242
180416000,0.07692633,-0.57872623,-0.29204962
180420000,0.050159838,-0.17544596,-0.18292835
180424000,-0.2939907,0.08719361,0.27512544
180432000,-0.095913395,0.3444188,0.31773162
180436000,-0.066379376,0.15916291,0.026437141
180440000,-0.33579397,-0.24559173,0.18659106
180444000,-0.5890464,-0.27623805,-0.008612677
180448000,-0.32465702,0.14693314,-0.19616893
180452000,0.2119132,0.31699508,-0.4029451
180456000,0.46853662,0.13941427,-0.4841353
180464000,0.22910725,-0.13910355,0.1288951
180468000,0.3965223,-0.31879687,0.1400152
180472000,0.16161877,-0.110537216,0.088221714
180476000,0.1126529,0.5073074,0.099417716
180484000,0.22852969,0.25947312,0.1816768
180488000,0.1333636,-0.08387703,0.14740223
180496000,-0.28694522,-0.067668214,-0.5530422
180500000,-0.33226728,0.08220422,0.010969251
180508000,0.13895169,-0.5027396,0.08092566
180512000,0.039982185,-0.7990994,-0.16223949
180516000,0.07332805,35.60012,0.33462983
180524000,-0.29325604,130.92252,2.1562724
180528000,-0.21385257,94.08132,1.8679941
180532000,0.1864028,49.892715,1.550134
180536000,0.30650383,-19.25006,0.61198413
180544000,-0.059348647,-144.04034,-2.6566052
180552000,-0.33902088,-52.69613,-2.0673854
180560000,-0.3115666,2.6776874,-0.07510431
180564000,-0.004562467,8.05192,0.20315276
180572000,0.32418972,4.5899286,0.46700945
180576000,0.22090608,1.9742559,0.15223515
180580000,-0.11732182,0.028480709,-0.09551689
180584000,-0.3162234,-0.8730521,-0.15247343
180588000,-0.2161622,-0.6496214,0.022063605
180592000,0.041368883,-0.17282853,0.3070711
180596000,0.036791354,-0.000251176,0.37051064
180604000,-0.4688272,0.08903225,-0.06753155
180608000,-0.08314698,0.2611873,-0.2503735
180612000,0.5500569,0.20228884,-0.20004395
180616000,0.71443826,-0.22007494,0.13060239
180620000,0.2909546,-0.3674789,0.05460672
180628000,-0.15185729,-0.16789456,-0.34175208
180632000,0.21127816,0.11214615,-0.10535753
180636000,0.101873174,0.5020734,0.09611601
180640000,-0.46700245,0.60457337,0.35427955
180644000,-0.5514489,0.13996097,0.30914807
180648000,-0.04545796,-0.5801859,-0.24669027
180652000,0.3221035,-0.6081079,-0.3009498
180656000,0.025528088,0.21961927,0.18470155
180660000,-0.33135307,0.5258465,0.26121104
180668000,0.5029727,-0.03718746,0.12983121
180672000,0.3752125,0.052259427,-0.10057853
180676000,-0.5796779,-0.21874563,-0.24584591
180680000,-0.9022742,-0.18823549,-0.20282263
180684000,-0.17439684,0.2911049,-0.028377142
180688000,0.33622405,0.1677574,-0.008451372
180696000,0.2254324,-0.32579392,-0.09430675
180700000,0.22595789,-0.08583137,0.013821729
180704000,0.1371496,-0.23805481,0.09850577
180708000,0.12802023,-0.19362491,0.49037886
180712000,0.119934544,0.14903888,0.5224829
180716000,-0.017062686,0.2536446,0.080821484
180720000,-0.15030622,0.116683975,-0.08215515
180728000,0.007269666,-0.26098228,-0.20933446
180732000,0.0987544,-0.32836258,0.1772748
180736000,0.26454434,-0.32269633,0.48999867
180740000,0.31240997,-0.1634787,0.35565674
180744000,0.17814496,0.26459545,-0.050514467
180748000,0.014712639,1.0373714,-0.2661723
180752000,-0.09349187,1.1360753,-0.10517916
180756000,-0.10216059,0.3012077,-0.1397135
180760000,0.08809935,-0.5554511,-0.37913665
180764000,0.33502236,-0.93313694,-0.06664169
180768000,0.003388628,-0.47407794,0.51375246
180772000,-0.6673221,0.351259,0.26765537
180776000,-0.7719515,0.59808636,-0.49898255
180780000,-0.3370744,0.21272728,-0.6633787
180784000,0.17230071,-0.07416708,-0.06463878
180788000,0.3492418,-0.084770136,0.44243452
180792000,0.037289873,-0.21583079,0.25619113
180796000,-0.23881339,-0.29185534,-0.2112873
180800000,0.03770306,-0.21909024,-0.4146047
180808000,-0.021702081,0.014650237,0.10888484
180812000,-0.52892953,0.22301552,0.008756887
180816000,-0.19035918,0.18430498,-0.111250184
180820000,0.34327555,-0.008223346,0.090724885
180828000,0.6415126,0.16048709,-0.003581595
180832000,0.39952093,-0.2818157,-0.17511034
180836000,-0.19262153,-0.76334447,-0.4392668
180840000,-0.4575996,-0.20902383,-0.27537343
180844000,-0.20008884,0.5847458,0.30733085
180852000,-0.11297443,0.28599802,0.49996203
180856000,0.009551987,0.032102346,-0.3721116
180860000,0.077276975,0.09043754,-0.73871475
180864000,0.075623885,0.41702193,-0.28207225
180868000,0.21091235,0.37586847,0.3470608
180872000,0.258031,0.028722443,0.49041462
180876000,-0.09570776,-0.0476851,-0.037412375
180880000,-0.3812553,-0.09604232,-0.6759124
180884000,-0.11195071,-0.37335542,-0.48258498
180888000,0.11022591,-0.6232062,0.08977926
180896000,-0.20078352,-0.66151154,-0.24041063
180900000,0.030029593,-0.10459794,-0.25111154
180904000,0.35841343,0.6026181,0.038652726
180908000,0.27302262,0.695429,0.54584587
180916000,-0.27191153,0.019974424,0.09411387
180920000,-0.15936747,0.46322027,0.26567477
180924000,0.12743738,0.3398393,0.4610247
180928000,0.29026997,-0.58386207,0.18562484
180932000,0.18497966,-0.8006657,-0.052554037
180936000,-0.027496539,-0.197865,-0.20110095
180940000,-0.33633056,0.15799873,-0.3465364
180944000,-0.13556442,-0.110927045,-0.34447438
180948000,0.24959596,-0.36382034,-0.16948876
180952000,0.001954049,-0.053736925,0.023814693
180956000,-0.37445882,0.15650916,0.049320318
180960000,-0.3863191,0.037452273,0.08259523
180964000,-0.18157253,-0.23153676,0.21247093
180968000,0.21407774,-0.29383382,0.14898482
180972000,0.47446063,0.15232946,0.07697101
180976000,0.24679857,0.28387004,0.3299975
180980000,-0.050891057,-0.16767094,0.090232775
180984000,-0.11590212,-0.54725844,-0.4708391
180992000,-0.18629865,0.33716327,-0.42063433
180996000,-0.22638872,0.76321834,-0.33804363
181000000,-0.14018802,0.67392176,-0.34325445
181008000,0.34858003,-0.06257001,0.19572634
181012000,0.35764843,-0.49699587,0.40174556
181016000,-0.30593878,-0.31478035,0.48566133
181020000,-1.0468347,-0.1320214,0.5715766
181024000,-0.93897617,0.054283917,0.5280993
181028000,-0.3668426,0.47124836,0.1487079
181036000,0.42957798,-0.009433046,-0.13851222
181040000,0.66338634,-0.3508675,-0.14017493
181044000,0.65812075,-0.20720646,-0.42131302
181048000,0.5607,0.005856916,-0.312326
181052000,0.117233634,0.22091687,0.11691796
181056000,-0.55982304,0.07690173,0.16144685
181060000,-0.67482805,-0.33733577,-0.00086192
181064000,-0.22372322,0.1602548,-0.045401644
181068000,0.13471366,0.6317154,-0.17680995
181076000,0.44837978,-0.5679617,-0.14407128
181080000,0.64370745,-0.45032883,0.0396078
181088000,0.20311713,0.25137198,0.6817648
181092000,-0.06648234,0.26276314,0.091177806
181096000,0.2565128,-0.018334612,-0.72807145
181104000,-0.20619327,-0.49208656,0.3915263
181108000,-0.24999923,-0.023141757,0.6555012
181112000,-0.11476478,0.7742922,0.34111416
181116000,-0.6811758,0.5771519,0.20794226
181120000,-0.8855277,-0.09374514,0.21233425
181128000,0.082951315,-0.15718547,-0.47927108
181132000,0.104913704,0.49932086,-0.47280067
181136000,0.5593122,0.7811661,-0.36696243
181144000,0.35743806,-0.2305952,0.30313706
181148000,0.3885125,-0.20172302,0.4177344
181152000,0.27222145,-0.2833674,-0.1923495
181156000,-0.40844518,-0.22176734,-0.39469528
181160000,-0.749295,-0.16490707,-0.20769268
181164000,-0.502332,-0.20041814,-0.1971359
181168000,-0.1311979,-0.00246875,-0.04468952
181172000,0.080492504,0.16532306,0.080167346
181176000,-0.06163136,-0.069873944,0.07981798
181180000,-0.2923412,-0.3798949,0.077268116
181184000,-0.18952969,-0.122526586,0.19068302
181188000,0.15675037,0.2981579,0.5560455
181192000,-0.05275187,0.43824,0.37291592
181196000,-0.3583393,0.23942514,-0.25810468
181200000,-0.13165763,-0.02576638,-0.10307005
181204000,-0.01572698,-0.20548919,0.2663722
181212000,0.25940305,-0.5640747,-0.0391402
181216000,0.7361671,-0.38808054,-0.22456357
181220000,0.79931986,-0.2579957,-0.25149727
181224000,0.1648618,-0.22286364,-0.08013236
181228000,-0.14371222,0.0897174,0.020448457
181236000,-0.083111465,0.7466477,-0.3767562
181244000,-0.27606204,0.17329568,0.17477831
181248000,-0.26738483,-0.12213223,0.3787085
181256000,0.21741703,-0.004649922,0.14079385
181260000,0.44810712,0.14211233,0.019049454
181264000,0.18665586,-0.17415823,-0.35506982
181268000,-0.47375152,-0.049379885,-0.52404284
181272000,-0.49525306,-0.044171587,-0.23177673
181280000,0.34582204,-0.35147572,-0.12584703
181284000,-0.12679702,-0.09446539,0.09662037
181288000,-0.6663793,0.15813446,0.58386487
181296000,-0.58402705,0.1460454,0.7572838
181300000,0.44135517,-0.460693,0.63679487
181308000,1.1067334,-0.25840163,-1.0587672
181312000,0.5917109,0.22236192,-1.1885246
181320000,0.17879939,0.9205051,0.438889
181324000,-0.28569645,0.871364,0.69510823
181328000,-0.91728866,0.33049884,0.5133425
181332000,-0.6599339,-0.3028422,0.32298088
181336000,0.013430133,-0.37888935,-0.031744033
181340000,0.34574953,-0.13919078,-0.24956353
181344000,0.23290524,-0.08296384,0.054765813
181348000,-0.1498893,0.22028264,0.11074622
181352000,-0.24960452,0.30574208,-0.40932542
181356000,-0.12471801,0.20558915,-0.6156604
181360000,-0.13662866,0.035901878,-0.3807782
181364000,-0.25395072,-0.23359525,0.10122647
181368000,-0.04059296,-0.20519099,0.6717152
181372000,0.23209861,-0.18939045,0.73493075
181380000,-0.1453534,-0.047621302,-0.19847994
181384000,0.056591325,0.030701172,-0.5787078
181392000,0.2467035,0.20230447,-0.33752418
181396000,-0.26204878,-0.016587064,-0.3382542
181400000,-0.21391615,-0.10829206,-0.09742933
181404000,0.081079066,-0.18050084,-0.05013214
181412000,-0.12617677,-0.24045232,0.4147615
181416000,-0.119097665,0.1921682,0.6219231
181420000,0.014865741,0.004540533,0.47409052
181424000,0.16805992,0.06458566,0.18981965
181428000,0.4661001,0.44073135,-0.22040462
181436000,-0.041396216,0.05063512,-0.053102773
181440000,0.016933825,0.18169129,0.123690814
181444000,-0.020139065,0.29302275,0.27203974
181448000,-0.36702833,0.12063473,-0.27511585
181456000,0.093878046,-0.7787069,-0.19049221
181460000,0.18307301,-0.5522138,-0.067256235
181464000,0.035603195,-0.06856357,-0.33545923
181468000,-0.079469904,0.38427156,-0.08338561
181476000,-0.5301126,0.60183257,0.31380314
181480000,-0.23323098,-0.12712236,0.098238215
181484000,0.13205996,-0.9166894,0.023559675
181492000,0.5229879,0.21462718,-0.14600353
181496000,0.4135303,0.8500686,0.13427582
181500000,-0.04485756,0.6218129,0.44427058
181504000,-0.35043192,-0.1837495,0.51978654
181508000,-0.58997244,-0.6808574,0.029860288
181512000,-0.25965112,-0.29308572,-0.38179496
181516000,0.33171967,0.03704373,-0.21124059
181520000,0.1058339,0.15925577,-0.16791974
181524000,-0.5024774,0.45071414,-0.3610928
181528000,-0.51658106,0.53238666,-0.16665067
181532000,-0.18830907,-0.004955947,0.5548798
181536000,0.34450638,-0.5556814,0.729679
181540000,0.719836,-0.37274602,-0.1329064
181544000,0.5260109,-0.28399134,-0.24631771
181548000,0.066497505,-0.3922463,0.13709414
181556000,-0.3073588,0.28304332,-0.8683635
181564000,-0.6337874,0.20656851,0.016455412
181568000,-0.2387181,0.579618,0.6731846
181572000,0.38622332,0.3402393,0.5945914
181576000,0.2802709,0.03148222,0.23862095
181580000,-0.32302836,-0.13380395,0.17090273
181584000,-0.45671234,-0.5219233,-0.015192091
181588000,-0.064835265,-0.8179619,-0.2074167
181592000,0.69299346,-0.46285006,0.27323806
181600000,0.38825125,0.6572178,0.47615877
181604000,-0.013016451,0.39264968,-0.28012255
181608000,-0.20749734,0.38088906,-0.36017329
181612000,-0.4838374,0.25885156,-0.07834737
181616000,-0.099971,-0.24569176,-0.1458804
181620000,0.22452363,-0.43376085,-0.43656075
181624000,0.018753223,-0.10492987,-0.45765433
181632000,0.20636527,0.37638497,0.28153485
181636000,0.25420353,0.13819307,0.287261
181640000,0.10205698,-0.078763485,-0.25211126
181648000,0.41328084,-0.34685573,-0.24248189
181652000,0.12809202,-0.29609925,-0.03414761
181656000,-0.38391304,-0.1236856,0.24796826
181660000,-0.38300943,0.22087389,0.27926636
181664000,0.04518999,0.22089429,0.022080598
181668000,0.16574696,-0.24391285,-0.40851933
181672000,-0.15530886,-0.33816555,-0.31836307
181676000,-0.53854024,0.2891724,0.33701885
181680000,-0.71681046,0.58203775,0.68098724
181684000,-0.33460158,0.058849126,0.58494
181688000,0.36514556,-0.32079175,0.015057474
181692000,0.6897605,-0.22534823,-0.5643126
181696000,0.47251636,-0.21905707,-0.47892624
181704000,-0.5575312,-0.4301297,-0.041932352
181712000,-0.19886489,-0.51439625,0.05693695
181716000,-0.1425763,-0.18715788,0.42809236
181720000,0.30199286,0.19260578,0.061151534
181728000,0.6872753,0.30268928,-0.25300407
181732000,0.42640135,0.39710355,0.3940888
181736000,0.010039635,0.29880205,0.52553374
181740000,-0.5744376,0.120464265,0.40132362
181744000,-0.68685985,0.011984293,0.2333696
181748000,-0.17362025,-0.18650602,-0.22813602
181756000,0.31355697,-0.00260593,-0.2684692
181760000,0.10053487,0.68884945,-0.35909128
181764000,0.20700957,0.625432,-0.3587578
181768000,0.45973304,-0.013856933,0.05364223
181776000,-0.21719135,-0.378887,0.8748078
181780000,-0.45165867,0.20877568,0.36235318
181784000,-0.3928155,0.6485044,-0.1899741
181788000,-0.13894138,0.8942134,-0.12137979
181792000,0.42627987,0.32221007,-0.08030991
181796000,1.0265685,-0.38368675,-0.39281163
181800000,0.7960345,-0.083799735,-0.52335525
181804000,-0.0731422,0.27662647,-0.1928274
181808000,-0.5993483,0.016016826,0.035868715
181812000,-0.89796716,-0.197919,0.038731743
181816000,-0.77263427,-0.06478997,-0.076728776
181820000,0.017890424,0.084321484,0.022506751
181828000,0.28951058,-0.16618992,0.339914
181832000,-0.19914837,-0.032684065,0.11353471
181836000,-0.4609524,-0.024699785,-0.026849724
181840000,-0.16696143,-0.51924735,-0.24232092
181844000,0.3927381,-0.7287644,-0.055822447
181848000,0.5338789,-0.1271022,0.3797325
181852000,0.10583673,0.66957086,0.32609385
181856000,-0.46871954,0.6702265,0.06830684
181860000,-0.37157214,-0.23475322,-0.36692291
181864000,0.057077214,-0.74484354,-0.5996561
181868000,-0.18284838,-0.5917567,-0.14022437
181872000,-0.4343375,-0.23591542,0.025358438
181876000,-0.0939039,0.46462813,-0.003010111
181880000,-0.033542044,0.67103624,0.19721252
181884000,-0.12009899,0.08959764,0.25194076
181888000,0.22941427,-0.44578695,0.28329352
181892000,0.4991971,-0.5724438,0.109768815
181896000,0.3646326,-0.23725092,-0.15985928
181900000,0.037997805,0.025404893,-0.09913971
181904000,-0.053439695,0.033247225,-0.03175621
181908000,0.16075003,0.120011345,-0.07947607
181912000,0.26337326,0.096841305,-0.23968047
181916000,0.116129614,-0.11192486,-0.5093609
181924000,0.114649646,0.14118962,-0.15533872
181932000,-0.32136363,-0.021151027,0.4609648
181936000,-0.37567553,0.5183553,0.5175835
181940000,0.2643267,0.49541605,0.10195556
181948000,-0.22079806,-0.22162294,-0.27273673
181952000,0.06541741,-0.27510226,0.2758381
181960000,0.11798152,0.47532892,-0.14259751
181964000,-0.34641194,0.14570126,-0.12710446
181972000,0.088301316,-0.3507331,0.03705792
181976000,0.05815677,0.1946974,-0.20876671
181980000,-0.3274069,0.6601819,-0.34397772
181984000,-0.6132499,0.47979882,-0.14604107
181988000,-0.5420269,0.09457414,0.31271502
181992000,-0.10535428,-0.103586674,0.24745297
182000000,0.27330738,-0.6004259,0.21325862
182004000,0.21823654,-0.35771912,-0.001739018
182008000,0.13944118,-0.06586674,-0.8567715
182016000,-0.58892435,-0.17332107,0.14562398
182020000,-0.6169199,0.09162963,0.5460713
182024000,-0.44940668,0.607481,0.719421
182028000,0.075203985,0.6164979,0.5913197
182036000,0.46560353,0.089499086,0.051132303
182044000,0.11875467,-0.008858025,-0.48644137
182052000,0.57261336,0.24050346,0.32579952
182056000,-0.17648396,-0.25227523,1.151263
182064000,-0.5449544,-0.16435042,-0.5381162
182068000,-0.34903044,-0.42564481,-0.88794994
182076000,0.34193742,0.1267556,-0.10787591
182080000,0.24487272,0.6566346,0.364326
182084000,-0.038991377,0.12519592,0.27684677
182088000,-0.25592884,-0.5928249,-0.12357849
182092000,-0.084193416,-0.4055567,-0.046633333
182096000,0.17647843,0.16040863,0.39259773
182104000,-0.2697277,-0.04468108,0.24086997
182108000,0.004888661,0.083054796,0.27841634
182112000,0.30757833,0.14225733,0.09378439
182116000,0.3268448,0.050301414,-0.4326066
182120000,0.09893526,-0.12937538,-0.647399
182124000,-0.060797274,-0.38873884,-0.3807115
182128000,0.19884695,-0.41398925,-0.3275029
182132000,0.49655586,-0.1499519,-0.2386342
182136000,0.09573898,-0.09188492,0.10909136
182140000,-0.3434177,-0.10888082,0.18791158
182148000,-0.33106855,0.021146826,0.26031876
182156000,0.0976318,0.37588906,0.29087573
182160000,0.51945853,0.09220264,0.00127317
182164000,0.5326368,-0.26414424,0.27522662
182168000,0.02042611,-0.3503291,0.31257617
182172000,-0.327516,0.04994467,-0.08753014
182176000,-0.54642034,0.5630003,-0.2291386
182180000,-0.38030148,0.7582174,-0.09360667
182184000,-0.04311593,0.34933946,-0.01994562
182188000,0.15385206,-0.20947748,0.011039417
182192000,0.6128789,-0.20557296,-0.2953991
182196000,0.977461,-0.065030895,-0.81599087
182200000,1.17614,-0.4054264,-0.49034733
182204000,1.0427877,-0.7016146,0.045233577
182212000,-0.957383,0.32731822,0.06525497
182216000,-0.75748235,0.38168776,0.000448622
182220000,-0.3741225,0.33746052,-0.40051153
182224000,-0.741986,0.040502198,-0.5865767
182228000,-0.9736158,-0.4218406,-0.46410656
182236000,0.1634934,0.2580492,0.19714119
182240000,0.46441492,0.32949,0.4884922
182244000,0.81362957,0.06607873,0.74487305
182248000,0.64581305,0.003348321,0.3860494
182252000,-0.07037829,0.011115305,0.322171
182260000,-0.45279086,-0.49598297,0.30736664
182264000,-0.21525344,-0.2166032,-0.5837834
182268000,0.077159256,-0.0503651,-0.6121495
182272000,0.12253988,0.14843644,-0.19265497
182276000,0.111685455,0.63015974,0.087934196
182280000,-0.000499725,0.2918467,0.23990542
182284000,-0.28667518,-0.13095263,0.13967806
182292000,0.5224798,0.1782825,-0.3627495
182296000,0.5085406,0.07144298,-0.19577295
182300000,0.004022166,-0.19975209,0.07556079
182304000,-0.26161227,-0.2397085,0.24548578
182312000,-0.14132313,-0.12680027,0.1145072
182316000,-0.00994534,-0.4311568,-0.18436848
182320000,-0.095176645,-0.44848293,-0.3070698
182324000,0.15514068,-0.316252,-0.389213
182328000,0.41817364,0.3488456,-0.1517206
182332000,-0.12786242,0.9105205,0.14763801
182340000,0.28950334,-0.28441197,-0.18311581
182348000,-0.4553284,0.36300427,0.22222841
182352000,-0.97129416,0.47718883,0.3583121
182356000,-0.50601923,0.08138652,0.34570643
182360000,0.46274447,0.031460643,0.24979559
182368000,0.6390905,0.01193168,-0.30660814
182376000,-0.15112853,-0.2908792,-0.15174079
182380000,0.10396539,-0.20490035,-0.3716231
182388000,-0.44727147,-0.20606929,0.3676052
182392000,-0.6753793,-0.10610895,0.3604473
182400000,0.1313058,0.31829754,-0.37215304
182408000,1.1070095,-0.6864315,-0.42875683
182412000,0.6029397,-0.4683832,0.4594257
182416000,-0.20862706,0.2847839,0.7735429
182420000,-0.4692658,0.5863091,0.2267867
182424000,-0.593539,0.30684042,-0.23145366
182428000,-0.47014788,0.06280443,0.021779567
182432000,0.035713613,0.31503582,0.54925096
182436000,0.10144198,0.24900475,0.22775805
182440000,-0.0671628,-0.3482825,-0.4624841
182444000,-0.01379069,-0.6873859,-0.29235515
182448000,0.24564089,-0.43039894,0.29800045
182452000,0.35236338,0.064048156,0.18787089
182456000,0.08075784,0.03863032,-0.19380844
182460000,0.045420013,0.051143106,-0.11255735
182464000,0.06751596,0.40145868,0.16951269
182468000,-0.26561618,0.31428435,0.20025657
182472000,-0.4990005,-0.1418926,0.00877732
182476000,-0.21774822,-0.5431051,0.19973321
182480000,0.3936394,-0.4499956,0.17325899
182488000,0.13516349,0.38913307,-0.32874084
182492000,-0.3010064,0.2080187,-0.04225579
182496000,-0.14731789,-0.09278174,0.2414422
182500000,0.115804255,-0.13449273,0.37556154
182508000,-0.002507865,0.41782132,0.13487373
182516000,-0.09138197,-0.18419856,0.000957623
182520000,-0.03986357,-0.3871801,-0.14653227
182524000,-0.025965113,-0.3698709,-0.18897797
182528000,-0.26220348,-0.2569356,-0.21795689
182532000,-0.27191287,-0.17120926,-0.048607722
182540000,0.08515708,0.30297017,-0.25869548
182544000,0.28528607,0.07074244,-0.5556191
182548000,0.54968923,0.15380785,-0.74581504
182552000,0.23331448,0.21944746,-0.50799656
182556000,-0.32305482,0.1357809,0.093232065
182564000,-0.64681244,0.007777572,0.6108288
182568000,-0.09318134,-0.25571412,0.3527019
182572000,0.112405136,-0.26214114,-0.034584984
182576000,-0.014705546,-0.3285066,-0.099544294
182580000,0.13814792,-0.3850729,0.09617677
182584000,0.50667804,-0.21642016,0.25707075
182588000,0.6337263,0.017676085,0.19328913
182592000,0.14472616,-0.19047467,0.14109348
182596000,-0.26757416,-0.3517862,0.1395595
182600000,0.118625075,-0.08079748,-0.107877254
182608000,-0.17207246,0.53325975,-0.13821188
182612000,-0.2757852,0.40855682,-0.24893203
182620000,-0.106580704,0.81171477,-0.1665073
182624000,0.34791562,0.9888774,-0.16297916
182628000,0.1848917,0.3445989,-0.22677892
182632000,-0.19756082,-0.5273012,-0.002581015
182636000,-0.3228658,-0.84424675,0.3385128
182640000,0.16584854,-0.8618902,0.34443736
182648000,0.4085278,-0.32832998,0.18891138
182652000,-0.44685704,0.2616051,-0.003248528
182656000,-0.76977015,0.44050497,-0.24474734
182660000,-0.37117726,0.3830269,-0.19900358
182664000,0.27475387,0.30927956,0.024403572
182668000,0.25858125,0.1602492,0.31809852
182672000,-0.25528517,-0.08052357,0.5161816
182676000,-0.19547579,-0.2776176,0.3139491
182680000,0.23375326,-0.22275478,-0.17364725
182684000,0.261315,-0.049228303,-0.36006737
182688000,0.18161568,0.058937397,-0.25821242
182692000,0.2095161,0.13106273,-0.3064968
182696000,0.12965393,-0.05700537,-0.14268959
182700000,0.032698695,-0.33328986,0.612884
182704000,-0.09482795,-0.07266058,1.1090219
182708000,-0.2943987,0.646,0.6563606
182712000,-0.44364363,1.1136369,-0.22937936
182716000,-0.381861,0.77570605,-0.81831527
182720000,0.006053548,-0.076139495,-0.592795
182728000,-0.028454006,-0.6373894,-0.7366031
182736000,0.09531666,-0.06470021,0.06704311
182740000,0.7464913,0.23314722,0.6551801
182744000,0.46127275,-0.13705535,0.87796235
182748000,-0.27905092,-0.33193743,0.3769993
182752000,-0.59573066,-0.04772836,-0.26012254
182756000,-0.5258207,0.09879498,-0.37971276
182760000,-0.24150817,0.26078776,-0.1984535
182764000,-0.039778158,0.17811619,-0.17793845
182768000,0.017961022,-0.17719036,-0.3060041
182772000,-0.14415926,0.02040501,-0.15674499
182776000,-0.18010668,0.11182861,0.3191556
182780000,0.20145522,-0.34571522,0.5098071
182784000,0.5812786,-0.3805669,0.1631708
182788000,0.6055126,0.121353716,-0.17305453
182792000,-0.015561193,0.43310913,-0.19273214
182796000,-0.5084923,-0.0941025,0.04184649
182804000,0.084814556,-0.72966206,-0.2781338
182808000,0.12059088,0.210489,0.30167812
182812000,0.15354535,0.45217976,0.8627226
182816000,0.20363356,0.31861946,0.45014998
182820000,0.34355894,0.19571158,-0.27064174
182824000,0.20737521,0.05615151,-0.6402276
182828000,-0.1894526,0.23617704,-0.59497833
182832000,-0.26221484,0.37001243,-0.42344445
182836000,-0.037996627,0.19367649,0.12284641
182840000,0.11590541,0.097954184,0.68783474
182844000,-0.18412429,0.037688293,0.41290247
182848000,-0.4814567,-0.020906692,-0.13836464
182852000,-0.17961586,0.009546254,-0.2369099
182856000,0.11499277,0.009123698,-0.12025958
182864000,0.09290509,-0.33317512,0.06875122
182868000,0.2363937,-0.42347625,0.07306467
182872000,0.31778026,-0.19717492,0.053482614
182876000,0.24454544,-0.08335383,0.043984324
182880000,0.11925791,-0.062233217,0.4229741
182884000,-0.005768638,0.27034312,0.65565276
182892000,-0.40246558,0.3751704,-0.5828272
182896000,-0.6633995,-0.11837193,-0.7390943
182900000,-0.11264098,-0.20711313,-0.72058725
182904000,0.37134188,-0.29494,-0.19122489
182912000,-0.17460375,-0.3067003,1.117639
182920000,0.38278794,0.88355184,-0.17215228
182924000,-0.2214515,0.6357244,-0.45467722
182928000,-0.7224607,-0.103943214,-0.43936294
182932000,-0.57684416,-0.64560866,-0.21375549
182936000,-0.26489174,-0.56905687,-0.23758583
182940000,0.15258507,-0.37387413,-0.21734998
182944000,0.6237858,-0.275247,0.24309234
182948000,0.48014635,-0.3867608,0.4320205
182952000,0.002759352,-0.27853435,0.13203055
182956000,-0.032548867,0.27432537,0.040653445
182960000,0.29525328,0.29339233,0.24631904
182964000,0.24338979,-0.28127,0.12393697
182968000,-0.4772566,-0.240065,-0.36406106
182976000,-0.19612873,0.2591538,-0.5321833
182980000,0.49876982,0.21926808,-0.37696123
182988000,0.30555058,0.30565,0.16471255
182992000,0.4559443,-0.30408746,0.35166425
182996000,0.038297534,-0.5066564,0.6343413
183004000,0.09339082,0.16287121,0.3352637
183008000,0.22727287,0.2872153,-0.12828045
183016000,-0.33728912,-0.35307294,-0.34735483
183020000,0.011411324,-0.37628546,-0.20138958
183024000,0.3132685,-0.12302136,0.18816462
183028000,0.35799798,0.15610312,0.33351773
183032000,0.028235555,0.11048574,0.046106637
183036000,-0.31691512,-0.07695191,-0.37971827
183044000,-0.007783353,-0.07309064,0.08769184
183048000,0.12968521,0.18480806,0.11181255
183052000,0.5203333,0.3857792,0.09757446
183056000,0.8133545,0.3198408,0.08889448
183060000,0.13081619,0.23364358,-0.093747966
183064000,-0.75996923,0.13589425,-0.2067166
183068000,-0.54943943,0.20034735,-0.23945138
183072000,-0.023356296,0.59793293,0.022125252
183076000,0.09662481,0.5347458,0.4004736
183080000,-0.06819331,-0.23497447,0.3254031
183088000,-0.34439415,-1.1037492,0.002398329
183092000,-0.1559596,-0.64138097,0.10043815
183096000,-0.2958871,0.22412448,-0.041286938
183100000,-0.02047646,0.62390494,-0.3013925
183108000,0.3405926,0.41433832,-0.82648736
183112000,-0.45245054,0.3812997,-0.17262618
183120000,0.17661338,-0.2949388,0.60648096
183124000,0.5090967,0.024193108,-0.036884353
183128000,0.20410082,0.10993564,-0.21609172
183132000,-0.0166514,-0.013993464,-0.2214144
183136000,0.14431106,0.01948056,-0.23259254
183140000,0.07048798,-0.005960751,-0.23654574
183144000,-0.192314,0.11522114,0.024671242
183148000,-0.18222195,0.29530102,0.47620377
183156000,0.020074042,-0.28649747,0.49235296
183160000,0.062164318,-0.53705424,-0.2278115
183164000,0.4470982,-0.24347505,-0.24875334
183172000,-0.118094936,0.14384681,0.062403046
183176000,0.05823207,0.23243642,-0.06535058
183180000,0.07178166,0.6260937,0.2411488
183184000,-0.030747809,0.5530471,0.28764933
183188000,0.23752576,-0.21187574,-0.29904026
183192000,0.261213,-0.919062,-0.7582528
183196000,0.14241405,-0.8457916,-0.2532035
183204000,0.04305698,0.47442025,-0.13910729
183208000,-0.023468986,0.1652399,-0.16804795
183212000,-0.07567776,-0.33797914,0.18958367
183216000,-0.17499696,-0.5730817,0.035729878
183220000,-0.10015714,-0.42007744,-0.40022206
183224000,-0.25355053,0.053761162,-0.22420916
183228000,-0.8530103,0.3366721,0.10454272
183232000,-0.7985532,0.22909802,0.29006624
183236000,-0.08319481,0.16405304,0.2532569
183240000,0.44436812,0.10893278,-0.20910594
183244000,0.48117018,-0.13449734,-0.43904015
183248000,0.36218068,-0.3712327,-0.23019984
183252000,0.3017804,-0.3042038,0.18974304
183256000,-0.05343809,0.20949218,0.4357626
183264000,0.24970974,0.24842605,-0.08051424
183268000,0.28925282,-0.04630924,-0.004416814
183272000,-0.32911623,-0.043958843,0.20465907
183276000,-0.4419796,0.24311899,0.3120541
183280000,-0.13080303,0.438142,0.5414727
183284000,0.014162855,0.1710371,0.37695393
183288000,-0.103400506,-0.21251333,-0.03693588
183292000,-0.121423535,-0.28357616,-0.19497727
183300000,0.031827897,0.09804148,-0.39146528
183308000,0.09008124,0.065011844,-0.31549218
183312000,0.22211564,0.022640742,-0.4453587
183316000,0.33477384,0.16940075,-0.52811885
183320000,0.05354733,0.23199062,-0.28617176
183328000,0.12788437,-0.17678428,0.84946215
183332000,0.24498084,-0.40609702,0.8881451
183336000,0.30399525,-0.5166634,0.4596686
183344000,0.06821281,-0.24495882,-0.28630224
183352000,-0.28768468,0.67171353,-0.63092923
183356000,-0.28298575,0.8209241,-0.4692434
183360000,-0.3892789,0.29938197,-0.08256386
183364000,-0.53678554,-0.6785203,0.08863042
183368000,-0.5601297,-0.94569856,0.03546904
183376000,0.15332887,0.26154914,0.17319442
183380000,0.16971245,0.10531839,0.2361092
183384000,0.16410717,0.16218379,0.30334038
183392000,0.71602744,0.6915669,0.27389613
183396000,0.28572083,0.22837335,-0.15405023
183400000,-0.07178973,-0.44930172,-0.4417035
183404000,-0.20622395,-0.41021615,-0.17078087
183408000,-0.20944925,-0.019778386,-0.1108582
183416000,0.44232818,0.32708517,-0.31289464
183420000,0.23803118,0.1508744,0.34172595
183424000,0.28630045,-0.38889846,0.81369454
183428000,0.26803017,-0.6743695,0.45435786
183432000,-0.27302885,-0.4203868,-0.12351805
183436000,-0.7890894,0.04651673,-0.38407752
183440000,-0.8128656,0.17846373,-0.38284957
183444000,-0.29084605,0.091327645,-0.32788765
183452000,-0.048863403,0.32868755,-0.2948671
183456000,-0.2141512,0.32078493,0.19687368
183460000,-0.2118871,-0.17394748,0.74545705
183464000,-0.044069458,-0.5410111,0.5879512
183472000,0.3773396,-0.86420816,-0.17192113
183480000,0.17470697,0.1337523,-0.08355087
183488000,-0.43664998,0.72965735,-0.15757522
183492000,-0.26716682,0.48913842,0.17834228
183496000,0.099806644,0.16139585,-0.09414598
183500000,0.42550078,-0.16065535,-0.2808514
183508000,0.10670467,-0.042796597,0.41179335
183512000,0.16731745,0.040864736,0.46188265
183516000,-0.00323745,-0.019236559,0.3443815
183520000,-0.2815957,-0.17046444,0.10515299
183524000,-0.22662356,-0.13684794,-0.22913928
183528000,-0.15805462,0.24615712,-0.5430586
183532000,-0.29500732,0.66256547,-0.28687462
183540000,-0.3254728,-0.20508651,0.16479547
183544000,0.32578516,-0.6157325,0.066682145
183548000,0.39700106,-0.41391695,0.068408206
183552000,-0.13398562,-0.12748444,-0.19860584
183556000,-0.081136525,0.35183233,-0.038659737
183560000,0.31576145,0.5462498,0.52775794
183564000,0.2900623,0.12858073,0.75988734
183572000,0.098445386,-0.19310208,-0.266598
183576000,0.1314559,-0.2923313,-0.32124346
183580000,0.31208172,-0.09803212,-0.247082
183584000,0.573642,0.13108611,-0.5565812
183588000,0.2293199,0.50298333,-0.5286178
183592000,-0.45626566,0.6371317,-0.08176246
183596000,-0.94884926,0.30484065,0.20031919
183600000,-0.4629695,0.031097094,0.29098177
183604000,0.7368033,0.10087552,0.29672405
183608000,0.7432016,0.1643842,0.19767302
183612000,-0.038018614,-0.39797485,-0.17839111
183616000,-0.50169736,-0.9937694,-0.39787745
183620000,-1.0939398,-0.7467828,0.011028171
183628000,0.18071374,0.04249511,-0.40625232
183636000,0.43421978,0.03090161,-0.009255156
183640000,-0.25239277,-0.1787245,0.43902186
183644000,-0.50282884,-0.30506316,0.6424033
183648000,-0.12408319,0.032829754,0.365909
183652000,0.33371603,0.23693916,-0.45083958
183656000,0.6146392,0.38432378,-0.92345154
183664000,0.41848344,0.35151994,0.09848681
183668000,-0.5384132,0.05754662,0.7309421
183676000,-0.44735965,-0.5068441,0.3162551
183680000,0.5330359,-0.81073105,-0.17029756
183684000,0.83723164,-0.22931178,-0.57294184
183692000,-0.54244184,0.38741058,-0.111482546
183696000,-0.6520301,0.19863412,0.75886023
183700000,-0.198163,0.20991966,0.8861074
183704000,0.26917353,0.41215578,0.100453585
183712000,0.1472499,-0.6231269,-0.21040915
183716000,-0.17359695,-0.34542444,0.14331472
183720000,0.13029753,0.4467748,-0.12691225
183724000,0.596357,0.16693476,-0.27334243
183728000,0.7742003,-0.22013396,-0.08688
183736000,-0.07119526,-0.16217832,-0.48812798
183740000,-0.75347304,0.16741353,0.1196163
183744000,-1.0364927,0.22873308,0.469935
183748000,-0.65562797,0.19683023,0.22933279
183752000,-0.10349479,0.40561202,0.15153286
183760000,0.17988124,-0.29382437,-0.035310283
183768000,0.38440025,0.13051486,-0.14067559
183776000,-0.1150281,-0.6456508,0.72927463
183780000,-0.21269238,-0.36094558,0.55247366
183784000,-0.04201255,0.3310877,0.25159955
183788000,-0.21631402,0.6162121,-0.13554844
183792000,-0.55111855,0.14645112,-0.64177924
183796000,-0.5503553,-0.124018654,-0.66121984
183800000,-0.22185361,-0.08985388,-0.31912303
183804000,-0.024219666,0.010814583,-0.09903481
183808000,0.21526453,0.54708546,0.18251725
183812000,0.6164579,0.7009163,0.21752366
183816000,0.56899107,-0.0718267,0.021213159
183824000,-0.13511032,-0.73458785,-0.14664975
183828000,0.05220373,-0.07280332,-0.57145625
183836000,0.45396942,-0.34235054,0.29885578
183840000,0.10008531,-0.12708844,0.6611177
183844000,-0.22758938,0.4792968,0.66849005
183848000,-0.054550588,0.2998029,0.42512518
183856000,-0.33357918,-0.38678426,0.25897267
183860000,-0.35741985,-0.025072768,-0.37684655
183864000,-0.31692192,0.1620569,-0.86341214
183868000,0.19618024,-0.10251907,-0.44914842
183872000,0.8704509,-0.37732905,0.0733544
183876000,0.77793515,-0.20699978,0.03518366
183880000,0.047556028,0.2591711,-0.48888958
183888000,-0.6478503,-0.099351615,-0.7327261
183892000,-0.6906589,0.2482318,-0.42222157
183896000,-0.11897586,0.5004686,-0.18298018
183900000,0.5773167,-0.33128136,0.34583193
183908000,0.634845,-0.23099983,0.8776388
183912000,0.14444332,0.33585578,0.5577656
183916000,-0.6253245,0.15162298,0.16372469
183920000,-1.0928607,0.10305361,-0.058090605
183924000,-0.5714425,0.13241953,-0.010433361
183928000,0.26905438,0.003077798,-0.060222737
183932000,0.48018867,0.054880835,-0.019973863
183936000,0.045690946,0.112607464,0.09771661
183940000,-0.22130409,0.08882824,-0.10411965
183944000,0.06036602,-0.06640032,0.011863112
183948000,0.19664407,-0.24321268,0.4080787
183952000,0.07547943,-0.2118157,0.3201027
183956000,0.20062156,-0.13058351,0.046332665
183960000,0.35780767,0.0627186,-0.06402458
183968000,-0.1691069,0.11016095,-0.65132195
183972000,-0.5303473,0.23253036,-0.7138107
183976000,-0.3133095,0.30389377,-0.24180898
183980000,-0.001314998,-0.12798713,0.3405472
183984000,-0.17311803,-0.1595723,0.4292185
183992000,0.13777241,0.26550877,0.14295715
184000000,0.10691342,-0.08838155,0.15669823
184004000,0.29940748,0.043151714,-0.307551
184012000,-0.27153277,0.10156149,-0.2887383
184016000,-0.33159563,-0.2766016,-0.14012417
184020000,0.013799757,-0.66216433,0.10896215
184024000,-0.16661121,-0.26732662,0.03624923
184028000,-0.15359512,0.40053484,-0.25250638
184032000,0.46150526,0.5175366,-0.06305471
184036000,0.6981446,0.27503443,0.25546387
184040000,0.06637235,0.12821637,0.22936897
184044000,-0.5195032,0.17547297,0.14180222
184048000,-0.52802825,0.4258324,-0.1828304
184052000,-0.5936748,0.5027377,-0.7211789
184056000,-0.35580274,-0.005041584,-0.6861142
184060000,0.24941255,-0.5839855,-0.15793787
184068000,0.40485838,-0.52580535,0.33585286
184072000,0.47862506,0.19503,0.629697
184076000,0.25778037,0.7021821,0.27175882
184080000,-0.53346497,0.6237545,-0.26144502
184084000,-0.8482297,0.20033881,-0.19675988
184088000,-0.43922943,-0.3296762,0.2616065
184092000,-0.26737687,-0.8470214,0.5025077
184096000,0.06133513,-0.8490896,0.17590566
184100000,0.49667338,-0.30513042,-0.102645874
184104000,0.37905335,0.2151869,-0.31939802
184108000,0.37514234,0.45625418,-0.54543126
184112000,0.41891938,0.37498906,-0.5556963
184116000,0.048355266,0.25303105,-0.09030044
184120000,-0.21025386,0.24003041,0.67112815
184124000,-0.17807913,-0.030190527,0.91632473
184128000,-0.06768526,-0.19723383,0.57249355
184132000,-0.18991369,-0.046551507,-0.16997209
184140000,0.10119034,-0.39733285,-1.0070312
184144000,0.257003,-0.12474559,-0.14360724
184148000,0.3596338,0.4256064,0.73171514
184152000,0.10389701,0.49269012,0.660861
184160000,0.045778126,0.174842,-0.6740545
184164000,0.6243915,-0.3070761,-0.33967346
184168000,0.35198557,-0.5297653,0.2878636
184172000,-0.3411216,-0.38662547,0.5449878
184176000,-0.6133843,-0.19035253,0.5551787
184180000,-0.37507328,-0.21690214,0.46192208
184184000,-0.2485359,-0.34430307,0.1304243
184188000,-0.25316057,-0.005678356,-0.3318553
184192000,0.103680044,0.27954528,-0.682309
184196000,0.61230683,0.3059066,-0.601359
184200000,0.7209617,0.23824266,-0.002160847
184204000,0.54401577,-0.09967248,0.56469095
184212000,-0.76863563,0.14093357,-0.40175462
184216000,-0.942933,-0.046006635,-0.6867021
184220000,-0.6586691,-0.025478356,-0.17126973
184224000,-0.54655415,0.34433216,0.50215554
184228000,-0.15194714,0.30835477,0.9957654
184232000,0.18907446,-0.048968602,0.74845856
184236000,0.036238655,-0.36938137,-0.3174057
184240000,0.057964668,-0.33432573,-0.9255054
184248000,0.82387334,-0.42494422,0.15001981
184252000,0.62480164,0.105694935,0.45575473
184256000,0.28512198,0.60665894,0.53920376
184260000,0.22082587,0.53596014,0.110208824
184268000,0.07836454,-0.15093584,-0.4054491
184272000,-0.26417387,-0.050757535,-0.22326115
184280000,-0.78828937,-0.039103597,0.009939551
184284000,-0.5166884,-0.42488202,-0.054970473
184288000,-0.45718217,-0.00469482,-0.027256627
184292000,-0.59860516,0.33239502,0.5272523
184296000,-0.25896066,0.16648275,0.7768142
184300000,0.7982432,-0.062242806,0.10706191
184308000,1.3389568,-0.26305237,-0.25322053
184316000,-0.36629504,0.30552635,0.1894347
184320000,-0.4820277,0.093615524,-0.18813425
184324000,-0.025165737,-0.03485407,-0.4237547
184332000,-0.5449887,-0.040610343,0.04804933
184336000,-0.784514,0.21391131,0.32637468
184340000,-0.23471402,0.21276082,0.090475395
184344000,-0.02549775,0.16746342,-0.19719191
184348000,-0.22625746,0.0801253,-0.001644135
184352000,-0.14200634,-0.18809377,0.038758785
184360000,0.4276721,-0.12441176,0.00596609
184364000,0.5326233,0.7430214,0.2345357
184372000,0.003257241,-0.11875123,-0.18580058
184376000,-0.10049347,-0.24138123,-0.27336973
184380000,-0.19344535,0.10972914,0.08800034
184384000,-0.46596727,-0.25150287,0.37066838
184388000,-0.6776569,-0.49355137,0.51816976
184396000,0.65459573,-0.30273038,0.5213212
184400000,0.8578615,-0.74435854,-0.49871188
184404000,0.17203836,-0.34497422,-0.8257777
184408000,-0.087076604,0.44470534,-0.45960575
184412000,-0.0180453,0.679559,-0.2757755
184416000,0.104273275,0.45008224,-0.28422904
184420000,0.23220064,0.021402821,-0.075235985
184424000,0.018924832,-0.07434343,0.38309103
184428000,-0.29328603,0.21643361,0.32382393
184432000,-0.3083708,0.25026292,-0.020879127
184440000,-0.46979034,0.053634346,0.55813456
184444000,-0.7645886,-0.057388335,0.39220905
184452000,0.22792381,-0.37104866,-0.30413908
184456000,0.297611,-0.52497953,-0.42383918
184460000,0.12690414,-0.35588086,-0.37906435
184464000,0.072410494,-0.15239827,-0.27733558
184468000,0.2497418,-0.12640586,-0.39415678
184476000,0.29256275,0.044144213,-0.42180347
184480000,0.39646348,0.14236772,0.12340748
184484000,0.42844695,0.25310457,0.79258865
184492000,-0.050647274,0.129267,0.020937294
184496000,-0.015186131,0.5431061,-0.061180856
184500000,-0.18413383,0.5053286,-0.14065549
184504000,0.05781102,0.11782689,-0.30456346
184508000,0.45034778,0.02722799,-0.104989976
184512000,0.15301563,0.02792617,0.1101665
184516000,-0.2899083,-0.04996946,0.26476553
184524000,-0.10251457,-0.33933318,-0.11368549
184532000,-0.30281985,0.065129176,0.19691902
184536000,-0.32290867,0.13713177,0.26436037
184540000,-0.380828,-0.5164014,-0.12927744
184548000,-0.0975752,-0.15947558,-0.024199024
184552000,-0.1707112,0.43195164,-0.033225164
184556000,-0.036012843,0.39318883,-0.29125437
184560000,0.22396833,-0.005464762,-0.16852455
184564000,0.18992196,-0.032935567,0.2219951
184568000,0.03268403,0.29210132,0.39306548
184576000,0.073128976,0.1475286,0.06774733
184580000,0.1544073,0.13063428,0.20658264
184584000,0.29911876,-0.41768026,0.11964377
184588000,0.2030173,-0.7996687,-0.12775774
184596000,0.016705453,0.006709803,-0.041828938
184600000,-0.11984655,0.47431466,-0.07184315
184604000,-0.35085845,0.958845,-0.45009214
184608000,0.1558854,0.5130852,-0.51684994
184612000,0.3792576,-0.19418952,-0.076895
184616000,-0.04649307,-0.2267574,0.13616373
184620000,-0.22656171,-0.10755972,-0.044029117
184624000,0.025231019,-0.46414512,0.002360076
184628000,0.42600733,-0.7518909,0.20224108
184632000,0.38446128,-0.48057747,0.31374183
184640000,-0.5979253,0.31752613,0.38388428
184644000,-0.05112937,0.5663763,-0.0592369
184652000,0.6430708,0.21873742,-0.3324051
184656000,-0.06334445,-0.28912365,-0.16188498
184660000,-0.48571515,-0.34692606,0.037417643
184664000,-0.4061993,0.25015473,0.4064766
184668000,-0.2741211,0.51228356,0.6512832
184672000,-0.07637688,0.14066492,0.41866446
184676000,0.21655987,-0.3105537,0.083732724
184684000,-0.017389059,-0.2586863,-0.27676392
184688000,0.18547082,-0.23644334,-0.5215465
184692000,0.31642672,0.14065006,-0.23776399
184696000,-0.16335881,0.61449724,0.2744479
184704000,-1.024585,0.61857176,-0.17631832
184708000,-1.0112314,-0.036719084,-0.054251797
184712000,-0.22779053,-0.56672287,-0.096733995
184720000,0.9897559,-0.27695447,0.042567477
184724000,0.33757812,-0.06799316,0.2340727
184728000,-0.35753542,0.30855787,0.041791216
184732000,0.002843887,0.32994744,-0.16958904
184736000,0.53577435,-0.13969143,-0.015986908
184740000,0.4926663,-0.4135478,0.28194785
184744000,0.13983607,0.005624473,0.2723314
184752000,0.28703913,0.09385306,-0.01533711
184756000,0.26290515,-0.45912057,-0.3412021
184760000,-0.3001728,-0.32579333,-0.23649657
184764000,-0.28475338,-0.029706482,0.26759616
184768000,0.35830644,0.3260739,0.27203625
184776000,-0.43821445,0.12394832,-0.6979678
184780000,-0.5135963,0.19976366,-0.40260577
184784000,-0.11361528,0.2111196,0.10718322
184788000,0.4615111,-0.36050302,0.3608771
184792000,0.40131044,-0.6659692,0.3427458
184800000,-0.5431595,-0.32937285,-0.114348054
184808000,0.49927774,0.2613836,-0.18014777
184816000,0.36403942,0.24280035,0.5303285
184820000,-0.3320363,-0.21001029,0.19197099
184824000,-0.71492106,-0.23862582,-0.5184896
184828000,-0.35087046,-0.03985758,-0.90814185
184832000,-0.12588294,-0.010158584,-0.681568
184836000,-0.20559391,-0.22918083,0.20132062
184840000,-0.25818047,-0.19300123,0.8743018
184844000,-0.2595275,0.11453161,0.8982558
184848000,0.23648916,0.0534261,0.5673083
184856000,1.0641363,0.30830655,-0.77065074
184860000,0.7889563,0.6416951,-0.4644282
184864000,-0.27864397,0.56132025,-0.03685289
184868000,-1.5711986,0.004317716,0.572305
184872000,-1.5295699,-0.34494555,0.6780483
184876000,-0.48206645,-0.3360254,0.004560664
184884000,1.0833682,-0.61238503,-0.37714988
184888000,0.81346333,-0.24262173,-0.17994241
184892000,0.40255252,0.16870011,-0.22684887
184896000,0.10540241,-0.41889447,-0.28776377
184900000,-0.08440421,-0.7409393,-0.33905727
184908000,-0.24375422,0.4046975,0.35334206
184912000,-0.40138957,0.6603786,0.5352309
184916000,-0.41636023,0.55682445,0.48503572
184920000,-0.15923385,0.27027994,0.14228106
184924000,0.005429503,0.05413096,-0.42634296
184928000,0.18972671,-0.1799415,-0.3217925
184932000,0.2853331,-0.07680221,0.18366697
184936000,0.086580485,0.002417907,0.23761602
184940000,0.028269313,-0.055326134,0.10406758
184948000,-0.23144625,0.73786795,-0.017810509
184952000,-0.5158311,0.1359733,-0.080665305
184956000,-0.2285586,-0.68737704,-0.13175988
184964000,0.22364469,-0.4490146,0.02923242
184968000,0.24043274,-0.27556807,0.104003906
184972000,0.4232984,-0.23725906,-0.120654695
184976000,0.36269066,0.14579137,-0.084997445
184980000,-0.12583514,0.5826524,0.6452267
184984000,-0.4566341,1.0230135,0.9457865
184988000,-0.3088975,0.91773355,0.21151173
184992000,0.01555419,0.22698283,-0.5699944
184996000,-0.08169391,-0.2907109,-0.74611723
185000000,-0.4148778,-0.28503048,-0.33412975
185008000,0.1795434,-0.1834078,0.6471664
185012000,0.5767158,-0.17946348,0.2389925
185016000,0.6171503,0.20052484,-0.36272743
185024000,-0.13690093,0.001472518,-0.5055733
185028000,-0.05833815,-0.16113685,-0.4052521
